,EVENTMSGACTIONTYPE,EVENTMSGTYPE,EVENTNUM,GAME_ID,HOMEDESCRIPTION,NEUTRALDESCRIPTION,PCTIMESTRING,PERIOD,PERSON1TYPE,PERSON2TYPE,PERSON3TYPE,PLAYER1_ID,PLAYER1_NAME,PLAYER1_TEAM_ABBREVIATION,PLAYER1_TEAM_CITY,PLAYER1_TEAM_ID,PLAYER1_TEAM_NICKNAME,PLAYER2_ID,PLAYER2_NAME,PLAYER2_TEAM_ABBREVIATION,PLAYER2_TEAM_CITY,PLAYER2_TEAM_ID,PLAYER2_TEAM_NICKNAME,PLAYER3_ID,PLAYER3_NAME,PLAYER3_TEAM_ABBREVIATION,PLAYER3_TEAM_CITY,PLAYER3_TEAM_ID,PLAYER3_TEAM_NICKNAME,SCORE,SCOREMARGIN,VISITORDESCRIPTION,WCTIMESTRING
0,0,12,0,0021000275,,,12:00,1,0.0,0,0,0,,,,,,0,,,,,,0,,,,,,,,,7:13 PM
1,0,10,1,0021000275,Jump Ball Mohammed vs. Lopez: Tip to Humphries,,12:00,1,4.0,5,5,1737,Nazr Mohammed,CHA,Charlotte,1610612766.0,Bobcats,201572,Brook Lopez,NJN,New Jersey,1610612751.0,Nets,2743,Kris Humphries,NJN,New Jersey,1610612751.0,Nets,,,,7:13 PM
2,42,1,2,0021000275,,,11:49,1,5.0,0,0,200770,Jordan Farmar,NJN,New Jersey,1610612751.0,Nets,0,,,,,,0,,,,,,2 - 0,-2,Farmar 1' Driving Layup (2 PTS),7:15 PM
3,1,1,3,0021000275,Mohammed 12' Jump Shot (2 PTS) (Diaw 1 AST),,11:33,1,4.0,4,0,1737,Nazr Mohammed,CHA,Charlotte,1610612766.0,Bobcats,2564,Boris Diaw,CHA,Charlotte,1610612766.0,Bobcats,0,,,,,,2 - 2,TIE,,7:15 PM
4,1,2,4,0021000275,,,11:15,1,5.0,0,0,2743,Kris Humphries,NJN,New Jersey,1610612751.0,Nets,0,,,,,,0,,,,,,,,MISS Humphries 8' Jump Shot,7:15 PM
5,0,4,5,0021000275,,,11:14,1,5.0,0,0,2743,Kris Humphries,NJN,New Jersey,1610612751.0,Nets,0,,,,,,0,,,,,,,,Humphries REBOUND (Off:1 Def:0),7:15 PM
6,1,2,6,0021000275,,,10:59,1,5.0,0,0,2566,Travis Outlaw,NJN,New Jersey,1610612751.0,Nets,0,,,,,,0,,,,,,,,MISS Outlaw  3PT Jump Shot,7:16 PM
7,0,4,7,0021000275,Diaw REBOUND (Off:0 Def:1),,10:59,1,4.0,0,0,2564,Boris Diaw,CHA,Charlotte,1610612766.0,Bobcats,0,,,,,,0,,,,,,,,,7:16 PM
8,2,9,8,0021000275,BOBCATS Timeout: Short (Full 0 Short 1),,10:59,1,2.0,0,0,1610612766,,,,,,0,,,,,,0,,,,,,,,,7:16 PM
9,0,8,10,0021000275,SUB: McGuire FOR Wallace,,10:59,1,4.0,4,0,2222,Gerald Wallace,CHA,Charlotte,1610612766.0,Bobcats,201187,Dominic McGuire,CHA,Charlotte,1610612766.0,Bobcats,0,,,,,,,,,7:16 PM
10,1,2,11,0021000275,MISS Mohammed 10' Jump Shot,,10:49,1,4.0,0,0,1737,Nazr Mohammed,CHA,Charlotte,1610612766.0,Bobcats,0,,,,,,0,,,,,,,,,7:17 PM
11,0,4,12,0021000275,Mohammed REBOUND (Off:1 Def:0),,10:46,1,4.0,0,0,1737,Nazr Mohammed,CHA,Charlotte,1610612766.0,Bobcats,0,,,,,,0,,,,,,,,,7:17 PM
12,1,2,13,0021000275,MISS Mohammed 4' Jump Shot,,10:43,1,4.0,0,0,1737,Nazr Mohammed,CHA,Charlotte,1610612766.0,Bobcats,0,,,,,,0,,,,,,,,,7:17 PM
13,0,4,14,0021000275,Augustin REBOUND (Off:1 Def:0),,10:42,1,4.0,0,0,201571,D.J. Augustin,CHA,Charlotte,1610612766.0,Bobcats,0,,,,,,0,,,,,,,,,7:17 PM
14,5,2,15,0021000275,MISS Mohammed 2' Layup,,10:38,1,4.0,0,0,1737,Nazr Mohammed,CHA,Charlotte,1610612766.0,Bobcats,0,,,,,,0,,,,,,,,,7:17 PM
15,0,4,17,0021000275,Mohammed REBOUND (Off:2 Def:0),,10:37,1,4.0,0,0,1737,Nazr Mohammed,CHA,Charlotte,1610612766.0,Bobcats,0,,,,,,0,,,,,,,,,7:17 PM
16,4,2,16,0021000275,MISS Mohammed 1' Tip Shot,,10:37,1,4.0,0,0,1737,Nazr Mohammed,CHA,Charlotte,1610612766.0,Bobcats,0,,,,,,0,,,,,,,,,7:17 PM
17,0,4,18,0021000275,,,10:34,1,5.0,0,0,2566,Travis Outlaw,NJN,New Jersey,1610612751.0,Nets,0,,,,,,0,,,,,,,,Outlaw REBOUND (Off:0 Def:1),7:17 PM
18,1,1,19,0021000275,,,10:17,1,5.0,5,0,2566,Travis Outlaw,NJN,New Jersey,1610612751.0,Nets,200770,Jordan Farmar,NJN,New Jersey,1610612751.0,Nets,0,,,,,,4 - 2,-2,Outlaw 6' Jump Shot (2 PTS) (Farmar 1 AST),7:17 PM
19,1,1,20,0021000275,Jackson 26' 3PT Jump Shot (3 PTS) (Diaw 2 AST),,9:53,1,4.0,4,0,1536,Stephen Jackson,CHA,Charlotte,1610612766.0,Bobcats,2564,Boris Diaw,CHA,Charlotte,1610612766.0,Bobcats,0,,,,,,4 - 5,1,,7:18 PM
20,1,1,21,0021000275,,,9:29,1,5.0,0,0,200770,Jordan Farmar,NJN,New Jersey,1610612751.0,Nets,0,,,,,,0,,,,,,6 - 5,-1,Farmar 5' Jump Shot (4 PTS),7:18 PM
21,3,2,22,0021000275,MISS Mohammed 5' Hook Shot,,9:12,1,4.0,0,0,1737,Nazr Mohammed,CHA,Charlotte,1610612766.0,Bobcats,0,,,,,,0,,,,,,,,,7:18 PM
22,0,4,23,0021000275,,,9:10,1,5.0,0,0,201627,Anthony Morrow,NJN,New Jersey,1610612751.0,Nets,0,,,,,,0,,,,,,,,Morrow REBOUND (Off:0 Def:1),7:18 PM
23,1,5,24,0021000275,,,9:02,1,5.0,0,0,201627,Anthony Morrow,NJN,New Jersey,1610612751.0,Nets,0,,,,,,0,,,,,,,,Morrow Bad Pass Turnover (P1.T1),7:19 PM
24,44,2,25,0021000275,MISS McGuire 2' Reverse Layup,,8:48,1,4.0,0,0,201187,Dominic McGuire,CHA,Charlotte,1610612766.0,Bobcats,0,,,,,,0,,,,,,,,,7:19 PM
25,0,4,26,0021000275,McGuire REBOUND (Off:1 Def:0),,8:46,1,4.0,0,0,201187,Dominic McGuire,CHA,Charlotte,1610612766.0,Bobcats,0,,,,,,0,,,,,,,,,7:19 PM
26,1,2,27,0021000275,MISS Jackson 27' 3PT Jump Shot,,8:42,1,4.0,0,0,1536,Stephen Jackson,CHA,Charlotte,1610612766.0,Bobcats,0,,,,,,0,,,,,,,,,7:19 PM
27,0,4,28,0021000275,,,8:40,1,3.0,0,0,1610612751,,,,,,0,,,,,,0,,,,,,,,Nets Rebound,7:19 PM
28,1,1,29,0021000275,,,8:23,1,5.0,0,0,200770,Jordan Farmar,NJN,New Jersey,1610612751.0,Nets,0,,,,,,0,,,,,,8 - 5,-3,Farmar 12' Jump Shot (6 PTS),7:19 PM
29,1,2,30,0021000275,MISS McGuire 18' Jump Shot,,8:05,1,4.0,0,0,201187,Dominic McGuire,CHA,Charlotte,1610612766.0,Bobcats,0,,,,,,0,,,,,,,,,7:20 PM
30,0,4,31,0021000275,,,8:04,1,5.0,0,0,2743,Kris Humphries,NJN,New Jersey,1610612751.0,Nets,0,,,,,,0,,,,,,,,Humphries REBOUND (Off:1 Def:1),7:20 PM
31,13,5,33,0021000275,,,7:53,1,3.0,0,1,1610612751,,,,,,0,,,,,,0,,,,,,,,Nets Turnover: Backcourt (T#2),7:20 PM
32,5,1,34,0021000275,Diaw 1' Layup (2 PTS),,7:41,1,4.0,0,0,2564,Boris Diaw,CHA,Charlotte,1610612766.0,Bobcats,0,,,,,,0,,,,,,8 - 7,-1,,7:20 PM
33,5,1,35,0021000275,,,7:32,1,5.0,5,0,2743,Kris Humphries,NJN,New Jersey,1610612751.0,Nets,200770,Jordan Farmar,NJN,New Jersey,1610612751.0,Nets,0,,,,,,10 - 7,-3,Humphries  Layup (2 PTS) (Farmar 2 AST),7:21 PM
34,1,2,36,0021000275,MISS Diaw 26' 3PT Jump Shot,,7:17,1,4.0,0,0,2564,Boris Diaw,CHA,Charlotte,1610612766.0,Bobcats,0,,,,,,0,,,,,,,,,7:21 PM
35,0,4,37,0021000275,,,7:17,1,3.0,0,0,1610612751,,,,,,0,,,,,,0,,,,,,,,Nets Rebound,7:21 PM
36,5,2,38,0021000275,McGuire BLOCK (1 BLK),,6:58,1,5.0,0,4,200770,Jordan Farmar,NJN,New Jersey,1610612751.0,Nets,0,,,,,,201187,Dominic McGuire,CHA,Charlotte,1610612766.0,Bobcats,,,MISS Farmar 2' Layup,7:21 PM
37,0,4,39,0021000275,,,6:55,1,5.0,0,0,2566,Travis Outlaw,NJN,New Jersey,1610612751.0,Nets,0,,,,,,0,,,,,,,,Outlaw REBOUND (Off:1 Def:1),7:21 PM
38,1,2,40,0021000275,,,6:51,1,5.0,0,0,201627,Anthony Morrow,NJN,New Jersey,1610612751.0,Nets,0,,,,,,0,,,,,,,,MISS Morrow 25' 3PT Jump Shot,7:21 PM
39,0,4,41,0021000275,Diaw REBOUND (Off:0 Def:2),,6:50,1,4.0,0,0,2564,Boris Diaw,CHA,Charlotte,1610612766.0,Bobcats,0,,,,,,0,,,,,,,,,7:21 PM
40,1,2,42,0021000275,MISS Jackson 19' Jump Shot,,6:37,1,4.0,0,0,1536,Stephen Jackson,CHA,Charlotte,1610612766.0,Bobcats,0,,,,,,0,,,,,,,,,7:22 PM
41,0,4,43,0021000275,,,6:36,1,5.0,0,0,2743,Kris Humphries,NJN,New Jersey,1610612751.0,Nets,0,,,,,,0,,,,,,,,Humphries REBOUND (Off:1 Def:2),7:22 PM
42,1,1,44,0021000275,,,6:26,1,5.0,0,0,200770,Jordan Farmar,NJN,New Jersey,1610612751.0,Nets,0,,,,,,0,,,,,,12 - 7,-5,Farmar 17' Jump Shot (8 PTS),7:22 PM
43,2,7,46,0021000275,,,6:10,1,5.0,0,1,2743,Kris Humphries,NJN,New Jersey,1610612751.0,Nets,0,,,,,,0,,,,,,,,Humphries Violation:Defensive Goaltending,7:22 PM
44,5,1,45,0021000275,Jackson 2' Layup (5 PTS),,6:10,1,4.0,0,0,1536,Stephen Jackson,CHA,Charlotte,1610612766.0,Bobcats,0,,,,,,0,,,,,,12 - 9,-3,,7:22 PM
45,1,2,47,0021000275,,,5:50,1,5.0,0,0,200770,Jordan Farmar,NJN,New Jersey,1610612751.0,Nets,0,,,,,,0,,,,,,,,MISS Farmar 25' 3PT Jump Shot,7:23 PM
46,0,4,48,0021000275,McGuire REBOUND (Off:1 Def:1),,5:48,1,4.0,0,0,201187,Dominic McGuire,CHA,Charlotte,1610612766.0,Bobcats,0,,,,,,0,,,,,,,,,7:23 PM
47,1,1,49,0021000275,Augustin 26' 3PT Jump Shot (3 PTS) (McGuire 1 AST),,5:29,1,4.0,4,0,201571,D.J. Augustin,CHA,Charlotte,1610612766.0,Bobcats,201187,Dominic McGuire,CHA,Charlotte,1610612766.0,Bobcats,0,,,,,,12 - 12,TIE,,7:23 PM
48,1,9,50,0021000275,,,5:23,1,3.0,0,0,1610612751,,,,,,0,,,,,,0,,,,,,,,Nets Timeout: Regular (Reg.1 Short 0),7:23 PM
49,0,8,52,0021000275,,,5:23,1,5.0,5,0,200770,Jordan Farmar,NJN,New Jersey,1610612751.0,Nets,202386,Ben Uzoh,NJN,New Jersey,1610612751.0,Nets,0,,,,,,,,SUB: Uzoh FOR Farmar,7:25 PM
50,1,2,53,0021000275,,,5:00,1,5.0,0,0,2743,Kris Humphries,NJN,New Jersey,1610612751.0,Nets,0,,,,,,0,,,,,,,,MISS Humphries 8' Jump Shot,7:26 PM
51,0,4,54,0021000275,Mohammed REBOUND (Off:2 Def:1),,4:59,1,4.0,0,0,1737,Nazr Mohammed,CHA,Charlotte,1610612766.0,Bobcats,0,,,,,,0,,,,,,,,,7:26 PM
52,1,2,55,0021000275,MISS Augustin 26' 3PT Jump Shot,,4:38,1,4.0,0,0,201571,D.J. Augustin,CHA,Charlotte,1610612766.0,Bobcats,0,,,,,,0,,,,,,,,,7:26 PM
53,0,4,56,0021000275,Diaw REBOUND (Off:1 Def:2),,4:37,1,4.0,0,0,2564,Boris Diaw,CHA,Charlotte,1610612766.0,Bobcats,0,,,,,,0,,,,,,,,,7:26 PM
54,5,1,57,0021000275,Diaw 1' Layup (4 PTS),,4:35,1,4.0,0,0,2564,Boris Diaw,CHA,Charlotte,1610612766.0,Bobcats,0,,,,,,0,,,,,,12 - 14,2,,7:26 PM
55,5,2,58,0021000275,,,4:03,1,5.0,0,0,202386,Ben Uzoh,NJN,New Jersey,1610612751.0,Nets,0,,,,,,0,,,,,,,,MISS Uzoh 1' Layup,7:27 PM
56,0,4,59,0021000275,Mohammed REBOUND (Off:2 Def:2),,4:01,1,4.0,0,0,1737,Nazr Mohammed,CHA,Charlotte,1610612766.0,Bobcats,0,,,,,,0,,,,,,,,,7:27 PM
57,1,2,60,0021000275,MISS McGuire 21' Jump Shot,,3:51,1,4.0,0,0,201187,Dominic McGuire,CHA,Charlotte,1610612766.0,Bobcats,0,,,,,,0,,,,,,,,,7:27 PM
58,0,4,61,0021000275,,,3:48,1,5.0,0,0,202386,Ben Uzoh,NJN,New Jersey,1610612751.0,Nets,0,,,,,,0,,,,,,,,Uzoh REBOUND (Off:0 Def:1),7:27 PM
59,4,6,62,0021000275,,,3:38,1,5.0,4,1,2743,Kris Humphries,NJN,New Jersey,1610612751.0,Nets,1536,Stephen Jackson,CHA,Charlotte,1610612766.0,Bobcats,0,,,,,,,,Humphries OFF.Foul (P1),7:27 PM
60,5,5,63,0021000275,,,3:38,1,5.0,0,1,2743,Kris Humphries,NJN,New Jersey,1610612751.0,Nets,0,,,,,,0,,,,,,,,Humphries Foul Turnover (P1.T3),7:27 PM
61,0,8,64,0021000275,,,3:38,1,5.0,5,0,2743,Kris Humphries,NJN,New Jersey,1610612751.0,Nets,202324,Derrick Favors,NJN,New Jersey,1610612751.0,Nets,0,,,,,,,,SUB: Favors FOR Humphries,7:28 PM
62,0,8,65,0021000275,SUB: Wallace FOR McGuire,,3:38,1,4.0,4,0,201187,Dominic McGuire,CHA,Charlotte,1610612766.0,Bobcats,2222,Gerald Wallace,CHA,Charlotte,1610612766.0,Bobcats,0,,,,,,,,,7:28 PM
63,1,2,66,0021000275,MISS Diaw 25' 3PT Jump Shot,,3:30,1,4.0,0,0,2564,Boris Diaw,CHA,Charlotte,1610612766.0,Bobcats,0,,,,,,0,,,,,,,,,7:28 PM
64,0,4,67,0021000275,Mohammed REBOUND (Off:3 Def:2),,3:29,1,4.0,0,0,1737,Nazr Mohammed,CHA,Charlotte,1610612766.0,Bobcats,0,,,,,,0,,,,,,,,,7:28 PM
65,1,2,68,0021000275,MISS Diaw 6' Jump Shot,,3:24,1,4.0,0,0,2564,Boris Diaw,CHA,Charlotte,1610612766.0,Bobcats,0,,,,,,0,,,,,,,,,7:28 PM
66,0,4,70,0021000275,Mohammed REBOUND (Off:4 Def:2),,3:21,1,4.0,0,0,1737,Nazr Mohammed,CHA,Charlotte,1610612766.0,Bobcats,0,,,,,,0,,,,,,,,,7:28 PM
67,7,1,69,0021000275,Mohammed 1' Dunk (4 PTS),,3:21,1,4.0,0,0,1737,Nazr Mohammed,CHA,Charlotte,1610612766.0,Bobcats,0,,,,,,0,,,,,,12 - 16,4,,7:28 PM
68,1,2,71,0021000275,,,2:59,1,5.0,0,0,2566,Travis Outlaw,NJN,New Jersey,1610612751.0,Nets,0,,,,,,0,,,,,,,,MISS Outlaw 24' 3PT Jump Shot,7:28 PM
69,0,4,72,0021000275,BOBCATS Rebound,,2:57,1,2.0,0,0,1610612766,,,,,,0,,,,,,0,,,,,,,,,7:28 PM
70,1,9,73,0021000275,BOBCATS Timeout: Regular (Full 1 Short 1),,2:57,1,2.0,0,0,1610612766,,,,,,0,,,,,,0,,,,,,,,,7:29 PM
71,0,8,75,0021000275,SUB: Brown FOR Mohammed,,2:57,1,4.0,4,0,1737,Nazr Mohammed,CHA,Charlotte,1610612766.0,Bobcats,2198,Kwame Brown,CHA,Charlotte,1610612766.0,Bobcats,0,,,,,,,,,7:31 PM
72,0,8,76,0021000275,SUB: Thomas FOR Diaw,,2:57,1,4.0,4,0,2564,Boris Diaw,CHA,Charlotte,1610612766.0,Bobcats,200748,Tyrus Thomas,CHA,Charlotte,1610612766.0,Bobcats,0,,,,,,,,,7:31 PM
73,1,2,77,0021000275,MISS Jackson 20' Jump Shot,,2:38,1,4.0,0,0,1536,Stephen Jackson,CHA,Charlotte,1610612766.0,Bobcats,0,,,,,,0,,,,,,,,,7:31 PM
74,0,4,78,0021000275,,,2:37,1,5.0,0,0,2566,Travis Outlaw,NJN,New Jersey,1610612751.0,Nets,0,,,,,,0,,,,,,,,Outlaw REBOUND (Off:1 Def:2),7:31 PM
75,1,5,79,0021000275,,,2:24,1,5.0,0,0,2566,Travis Outlaw,NJN,New Jersey,1610612751.0,Nets,0,,,,,,0,,,,,,,,Outlaw Bad Pass Turnover (P1.T4),7:31 PM
76,4,6,80,0021000275,Thomas OFF.Foul (P1),,2:14,1,4.0,5,1,200748,Tyrus Thomas,CHA,Charlotte,1610612766.0,Bobcats,2566,Travis Outlaw,NJN,New Jersey,1610612751.0,Nets,0,,,,,,,,,7:32 PM
77,5,5,81,0021000275,Thomas Foul Turnover (P1.T1),,2:14,1,4.0,0,1,200748,Tyrus Thomas,CHA,Charlotte,1610612766.0,Bobcats,0,,,,,,0,,,,,,,,,7:32 PM
78,1,1,82,0021000275,,,2:01,1,5.0,5,0,2566,Travis Outlaw,NJN,New Jersey,1610612751.0,Nets,202386,Ben Uzoh,NJN,New Jersey,1610612751.0,Nets,0,,,,,,14 - 16,2,Outlaw 22' Jump Shot (4 PTS) (Uzoh 1 AST),7:32 PM
79,2,6,83,0021000275,,,1:45,1,5.0,4,1,201572,Brook Lopez,NJN,New Jersey,1610612751.0,Nets,200748,Tyrus Thomas,CHA,Charlotte,1610612766.0,Bobcats,0,,,,,,,,Lopez S.FOUL (P1.T1),7:33 PM
80,11,3,84,0021000275,MISS Thomas Free Throw 1 of 2,,1:45,1,4.0,0,0,200748,Tyrus Thomas,CHA,Charlotte,1610612766.0,Bobcats,0,,,,,,0,,,,,,,,,7:33 PM
81,1,4,85,0021000275,BOBCATS Rebound,,1:45,1,2.0,0,0,1610612766,,,,,,0,,,,,,0,,,,,,,,,7:33 PM
82,0,8,86,0021000275,SUB: Livingston FOR Augustin,,1:45,1,4.0,4,0,201571,D.J. Augustin,CHA,Charlotte,1610612766.0,Bobcats,2733,Shaun Livingston,CHA,Charlotte,1610612766.0,Bobcats,0,,,,,,,,,7:33 PM
83,0,8,87,0021000275,,,1:45,1,5.0,5,0,201572,Brook Lopez,NJN,New Jersey,1610612751.0,Nets,101130,Johan Petro,NJN,New Jersey,1610612751.0,Nets,0,,,,,,,,SUB: Petro FOR Lopez,7:33 PM
84,12,3,88,0021000275,MISS Thomas Free Throw 2 of 2,,1:45,1,4.0,0,0,200748,Tyrus Thomas,CHA,Charlotte,1610612766.0,Bobcats,0,,,,,,0,,,,,,,,,7:33 PM
85,0,4,90,0021000275,,,1:43,1,5.0,0,0,202324,Derrick Favors,NJN,New Jersey,1610612751.0,Nets,0,,,,,,0,,,,,,,,Favors REBOUND (Off:0 Def:1),7:34 PM
86,15,5,91,0021000275,,,1:22,1,5.0,0,1,202324,Derrick Favors,NJN,New Jersey,1610612751.0,Nets,0,,,,,,0,,,,,,,,Favors Offensive Goaltending Turnover (P1.T5),7:34 PM
87,80,1,92,0021000275,Thomas 14' Step Back Jump Shot (2 PTS) (Jackson 1 AST),,1:04,1,4.0,4,0,200748,Tyrus Thomas,CHA,Charlotte,1610612766.0,Bobcats,1536,Stephen Jackson,CHA,Charlotte,1610612766.0,Bobcats,0,,,,,,14 - 18,4,,7:34 PM
88,1,2,93,0021000275,,,0:50,1,5.0,0,0,2566,Travis Outlaw,NJN,New Jersey,1610612751.0,Nets,0,,,,,,0,,,,,,,,MISS Outlaw 25' 3PT Jump Shot,7:35 PM
89,0,4,94,0021000275,,,0:48,1,5.0,0,0,202324,Derrick Favors,NJN,New Jersey,1610612751.0,Nets,0,,,,,,0,,,,,,,,Favors REBOUND (Off:1 Def:1),7:35 PM
90,7,1,95,0021000275,,,0:48,1,5.0,0,0,202324,Derrick Favors,NJN,New Jersey,1610612751.0,Nets,0,,,,,,0,,,,,,16 - 18,2,Favors 1' Dunk (2 PTS),7:35 PM
91,1,2,96,0021000275,MISS Wallace 20' Jump Shot,,0:36,1,4.0,0,0,2222,Gerald Wallace,CHA,Charlotte,1610612766.0,Bobcats,0,,,,,,0,,,,,,,,,7:35 PM
92,0,4,97,0021000275,,,0:34,1,5.0,0,0,202324,Derrick Favors,NJN,New Jersey,1610612751.0,Nets,0,,,,,,0,,,,,,,,Favors REBOUND (Off:1 Def:2),7:35 PM
93,1,2,98,0021000275,,,0:18,1,5.0,0,0,101130,Johan Petro,NJN,New Jersey,1610612751.0,Nets,0,,,,,,0,,,,,,,,MISS Petro 16' Jump Shot,7:35 PM
94,0,4,99,0021000275,Brown REBOUND (Off:0 Def:1),,0:17,1,4.0,0,0,2198,Kwame Brown,CHA,Charlotte,1610612766.0,Bobcats,0,,,,,,0,,,,,,,,,7:35 PM
95,1,2,100,0021000275,MISS Livingston 12' Jump Shot,,0:01,1,4.0,0,0,2733,Shaun Livingston,CHA,Charlotte,1610612766.0,Bobcats,0,,,,,,0,,,,,,,,,7:36 PM
96,0,4,101,0021000275,Jackson REBOUND (Off:1 Def:0),,0:01,1,4.0,0,0,1536,Stephen Jackson,CHA,Charlotte,1610612766.0,Bobcats,0,,,,,,0,,,,,,,,,7:36 PM
97,1,2,102,0021000275,MISS Jackson 26' 3PT Jump Shot,,0:00,1,4.0,0,0,1536,Stephen Jackson,CHA,Charlotte,1610612766.0,Bobcats,0,,,,,,0,,,,,,,,,7:36 PM
98,0,4,104,0021000275,BOBCATS Rebound,,0:00,1,2.0,0,0,1610612766,,,,,,0,,,,,,0,,,,,,,,,7:36 PM
99,0,18,107,0021000275,,,0:00,1,,0,1,82,Bill Wennington,,,,,0,,,,,,0,,,,,,,,,7:36 PM
100,0,13,108,0021000275,,,0:00,1,0.0,0,0,0,,,,,,0,,,,,,0,,,,,,16 - 18,2,,7:38 PM
101,0,12,109,0021000275,,,12:00,2,0.0,0,0,0,,,,,,0,,,,,,0,,,,,,16 - 18,2,,7:38 PM
102,2,6,112,0021000275,,,11:39,2,5.0,4,1,101130,Johan Petro,NJN,New Jersey,1610612751.0,Nets,200748,Tyrus Thomas,CHA,Charlotte,1610612766.0,Bobcats,0,,,,,,,,Petro S.FOUL (P1.T1),7:39 PM
103,11,3,113,0021000275,Thomas Free Throw 1 of 2 (3 PTS),,11:39,2,4.0,0,0,200748,Tyrus Thomas,CHA,Charlotte,1610612766.0,Bobcats,0,,,,,,0,,,,,,16 - 19,3,,7:39 PM
104,0,8,115,0021000275,,,11:39,2,5.0,5,0,2566,Travis Outlaw,NJN,New Jersey,1610612751.0,Nets,2211,Troy Murphy,NJN,New Jersey,1610612751.0,Nets,0,,,,,,,,SUB: Murphy FOR Outlaw,7:39 PM
105,12,3,116,0021000275,Thomas Free Throw 2 of 2 (4 PTS),,11:39,2,4.0,0,0,200748,Tyrus Thomas,CHA,Charlotte,1610612766.0,Bobcats,0,,,,,,0,,,,,,16 - 20,4,,7:40 PM
106,4,6,118,0021000275,,,11:31,2,5.0,4,1,101211,Stephen Graham,NJN,New Jersey,1610612751.0,Nets,2222,Gerald Wallace,CHA,Charlotte,1610612766.0,Bobcats,0,,,,,,,,Graham OFF.Foul (P1),7:40 PM
107,5,5,119,0021000275,,,11:31,2,5.0,0,1,101211,Stephen Graham,NJN,New Jersey,1610612751.0,Nets,0,,,,,,0,,,,,,,,Graham Foul Turnover (P1.T6),7:40 PM
108,1,2,120,0021000275,MISS Livingston 20' Jump Shot,,11:18,2,4.0,0,0,2733,Shaun Livingston,CHA,Charlotte,1610612766.0,Bobcats,0,,,,,,0,,,,,,,,,7:40 PM
109,0,4,121,0021000275,,,11:17,2,5.0,0,0,202324,Derrick Favors,NJN,New Jersey,1610612751.0,Nets,0,,,,,,0,,,,,,,,Favors REBOUND (Off:1 Def:3),7:40 PM
110,1,2,122,0021000275,,,10:56,2,5.0,0,0,101130,Johan Petro,NJN,New Jersey,1610612751.0,Nets,0,,,,,,0,,,,,,,,MISS Petro 12' Jump Shot,7:41 PM
111,0,4,123,0021000275,Diaw REBOUND (Off:1 Def:3),,10:55,2,4.0,0,0,2564,Boris Diaw,CHA,Charlotte,1610612766.0,Bobcats,0,,,,,,0,,,,,,,,,7:41 PM
112,4,6,124,0021000275,Brown OFF.Foul (P1),,10:51,2,4.0,5,1,2198,Kwame Brown,CHA,Charlotte,1610612766.0,Bobcats,101130,Johan Petro,NJN,New Jersey,1610612751.0,Nets,0,,,,,,,,,7:41 PM
113,5,5,125,0021000275,Brown Foul Turnover (P1.T2),,10:51,2,4.0,0,1,2198,Kwame Brown,CHA,Charlotte,1610612766.0,Bobcats,0,,,,,,0,,,,,,,,,7:41 PM
114,1,2,126,0021000275,,,10:37,2,5.0,0,0,101211,Stephen Graham,NJN,New Jersey,1610612751.0,Nets,0,,,,,,0,,,,,,,,MISS Graham 24' 3PT Jump Shot,7:41 PM
115,0,4,127,0021000275,Thomas REBOUND (Off:0 Def:1),,10:36,2,4.0,0,0,200748,Tyrus Thomas,CHA,Charlotte,1610612766.0,Bobcats,0,,,,,,0,,,,,,,,,7:41 PM
116,1,2,128,0021000275,MISS Wallace 22' Jump Shot,,10:23,2,4.0,0,0,2222,Gerald Wallace,CHA,Charlotte,1610612766.0,Bobcats,0,,,,,,0,,,,,,,,,7:42 PM
117,0,4,129,0021000275,,,10:22,2,5.0,0,0,2211,Troy Murphy,NJN,New Jersey,1610612751.0,Nets,0,,,,,,0,,,,,,,,Murphy REBOUND (Off:0 Def:1),7:42 PM
118,1,2,130,0021000275,,,10:00,2,5.0,0,0,200770,Jordan Farmar,NJN,New Jersey,1610612751.0,Nets,0,,,,,,0,,,,,,,,MISS Farmar 19' Jump Shot,7:42 PM
119,0,4,131,0021000275,Wallace REBOUND (Off:0 Def:1),,9:59,2,4.0,0,0,2222,Gerald Wallace,CHA,Charlotte,1610612766.0,Bobcats,0,,,,,,0,,,,,,,,,7:42 PM
120,4,6,132,0021000275,Diaw OFF.Foul (P1),,9:47,2,4.0,5,1,2564,Boris Diaw,CHA,Charlotte,1610612766.0,Bobcats,200770,Jordan Farmar,NJN,New Jersey,1610612751.0,Nets,0,,,,,,,,,7:42 PM
121,5,5,133,0021000275,Diaw Foul Turnover (P1.T3),,9:47,2,4.0,0,1,2564,Boris Diaw,CHA,Charlotte,1610612766.0,Bobcats,0,,,,,,0,,,,,,,,,7:42 PM
122,1,2,134,0021000275,,,9:27,2,5.0,0,0,101211,Stephen Graham,NJN,New Jersey,1610612751.0,Nets,0,,,,,,0,,,,,,,,MISS Graham 22' Jump Shot,7:43 PM
123,0,4,135,0021000275,Thomas REBOUND (Off:0 Def:2),,9:26,2,4.0,0,0,200748,Tyrus Thomas,CHA,Charlotte,1610612766.0,Bobcats,0,,,,,,0,,,,,,,,,7:43 PM
124,1,5,136,0021000275,Diaw Bad Pass Turnover (P2.T4),,9:19,2,4.0,5,0,2564,Boris Diaw,CHA,Charlotte,1610612766.0,Bobcats,101130,Johan Petro,NJN,New Jersey,1610612751.0,Nets,0,,,,,,,,Petro STEAL (1 STL),7:43 PM
125,5,2,137,0021000275,,,9:13,2,5.0,0,0,101211,Stephen Graham,NJN,New Jersey,1610612751.0,Nets,0,,,,,,0,,,,,,,,MISS Graham 2' Layup,7:43 PM
126,0,4,138,0021000275,,,9:12,2,5.0,0,0,101130,Johan Petro,NJN,New Jersey,1610612751.0,Nets,0,,,,,,0,,,,,,,,Petro REBOUND (Off:1 Def:0),7:43 PM
127,7,2,139,0021000275,,,9:10,2,5.0,0,0,101130,Johan Petro,NJN,New Jersey,1610612751.0,Nets,0,,,,,,0,,,,,,,,MISS Petro  Dunk,7:43 PM
128,0,4,140,0021000275,,,9:09,2,5.0,0,0,2211,Troy Murphy,NJN,New Jersey,1610612751.0,Nets,0,,,,,,0,,,,,,,,Murphy REBOUND (Off:1 Def:1),7:43 PM
129,2,6,141,0021000275,Brown S.FOUL (P2.T1),,8:58,2,4.0,5,1,2198,Kwame Brown,CHA,Charlotte,1610612766.0,Bobcats,2211,Troy Murphy,NJN,New Jersey,1610612751.0,Nets,0,,,,,,,,,7:43 PM
130,4,9,142,0021000275,,,8:58,2,1.0,0,0,0,,,,,,0,,,,,,0,,,,,,,,,7:44 PM
131,0,8,144,0021000275,SUB: McGuire FOR Brown,,8:58,2,4.0,4,0,2198,Kwame Brown,CHA,Charlotte,1610612766.0,Bobcats,201187,Dominic McGuire,CHA,Charlotte,1610612766.0,Bobcats,0,,,,,,,,,7:45 PM
132,11,3,145,0021000275,,,8:58,2,5.0,0,0,2211,Troy Murphy,NJN,New Jersey,1610612751.0,Nets,0,,,,,,0,,,,,,17 - 20,3,Murphy Free Throw 1 of 2 (1 PTS),7:46 PM
133,3,7,149,0021000275,Thomas Violation:Lane,,8:58,2,4.0,0,1,200748,Tyrus Thomas,CHA,Charlotte,1610612766.0,Bobcats,0,,,,,,0,,,,,,,,,7:46 PM
134,12,3,151,0021000275,,,8:58,2,5.0,0,0,2211,Troy Murphy,NJN,New Jersey,1610612751.0,Nets,0,,,,,,0,,,,,,,,MISS Murphy Free Throw 2 of 2,7:47 PM
135,0,4,153,0021000275,Diaw REBOUND (Off:1 Def:4),,8:56,2,4.0,0,0,2564,Boris Diaw,CHA,Charlotte,1610612766.0,Bobcats,0,,,,,,0,,,,,,,,,7:47 PM
136,1,2,154,0021000275,MISS McGuire 20' Jump Shot,,8:39,2,4.0,0,5,201187,Dominic McGuire,CHA,Charlotte,1610612766.0,Bobcats,0,,,,,,2211,Troy Murphy,NJN,New Jersey,1610612751.0,Nets,,,Murphy BLOCK (1 BLK),7:47 PM
137,0,4,155,0021000275,BOBCATS Rebound,,8:39,2,2.0,0,0,1610612766,,,,,,0,,,,,,0,,,,,,,,,7:47 PM
138,1,2,156,0021000275,MISS Wallace 19' Jump Shot,,8:35,2,4.0,0,0,2222,Gerald Wallace,CHA,Charlotte,1610612766.0,Bobcats,0,,,,,,0,,,,,,,,,7:47 PM
139,0,4,157,0021000275,Thomas REBOUND (Off:1 Def:2),,8:32,2,4.0,0,0,200748,Tyrus Thomas,CHA,Charlotte,1610612766.0,Bobcats,0,,,,,,0,,,,,,,,,7:47 PM
140,4,2,158,0021000275,MISS Thomas 2' Tip Shot,,8:29,2,4.0,0,0,200748,Tyrus Thomas,CHA,Charlotte,1610612766.0,Bobcats,0,,,,,,0,,,,,,,,,7:47 PM
141,0,4,159,0021000275,Wallace REBOUND (Off:1 Def:1),,8:27,2,4.0,0,0,2222,Gerald Wallace,CHA,Charlotte,1610612766.0,Bobcats,0,,,,,,0,,,,,,,,,7:47 PM
142,1,6,160,0021000275,,,8:21,2,5.0,4,1,101211,Stephen Graham,NJN,New Jersey,1610612751.0,Nets,200748,Tyrus Thomas,CHA,Charlotte,1610612766.0,Bobcats,0,,,,,,,,Graham P.FOUL (P2.T2),7:48 PM
143,1,2,161,0021000275,MISS Wallace  3PT Jump Shot,,8:09,2,4.0,0,0,2222,Gerald Wallace,CHA,Charlotte,1610612766.0,Bobcats,0,,,,,,0,,,,,,,,,7:48 PM
144,0,4,162,0021000275,,,8:08,2,5.0,0,0,200770,Jordan Farmar,NJN,New Jersey,1610612751.0,Nets,0,,,,,,0,,,,,,,,Farmar REBOUND (Off:0 Def:1),7:48 PM
145,5,2,163,0021000275,Wallace BLOCK (1 BLK),,8:03,2,5.0,0,4,101211,Stephen Graham,NJN,New Jersey,1610612751.0,Nets,0,,,,,,2222,Gerald Wallace,CHA,Charlotte,1610612766.0,Bobcats,,,MISS Graham  Layup,7:48 PM
146,0,4,164,0021000275,Livingston REBOUND (Off:0 Def:1),,8:01,2,4.0,0,0,2733,Shaun Livingston,CHA,Charlotte,1610612766.0,Bobcats,0,,,,,,0,,,,,,,,,7:48 PM
147,4,6,165,0021000275,Wallace OFF.Foul (P1),,7:58,2,4.0,5,1,2222,Gerald Wallace,CHA,Charlotte,1610612766.0,Bobcats,101130,Johan Petro,NJN,New Jersey,1610612751.0,Nets,0,,,,,,,,,7:48 PM
148,5,5,166,0021000275,Wallace Foul Turnover (P1.T5),,7:58,2,4.0,0,1,2222,Gerald Wallace,CHA,Charlotte,1610612766.0,Bobcats,0,,,,,,0,,,,,,,,,7:48 PM
149,0,8,167,0021000275,,,7:58,2,5.0,5,0,202324,Derrick Favors,NJN,New Jersey,1610612751.0,Nets,201627,Anthony Morrow,NJN,New Jersey,1610612751.0,Nets,0,,,,,,,,SUB: Morrow FOR Favors,7:48 PM
150,0,8,168,0021000275,SUB: Jackson FOR Thomas,,7:58,2,4.0,4,0,200748,Tyrus Thomas,CHA,Charlotte,1610612766.0,Bobcats,1536,Stephen Jackson,CHA,Charlotte,1610612766.0,Bobcats,0,,,,,,,,,7:49 PM
151,2,5,169,0021000275,Livingston STEAL (1 STL),,7:49,2,5.0,4,0,200770,Jordan Farmar,NJN,New Jersey,1610612751.0,Nets,2733,Shaun Livingston,CHA,Charlotte,1610612766.0,Bobcats,0,,,,,,,,Farmar Lost Ball Turnover (P1.T7),7:49 PM
152,1,6,170,0021000275,,,7:47,2,5.0,4,1,200770,Jordan Farmar,NJN,New Jersey,1610612751.0,Nets,2733,Shaun Livingston,CHA,Charlotte,1610612766.0,Bobcats,0,,,,,,,,Farmar P.FOUL (P1.T3),7:49 PM
153,5,1,171,0021000275,McGuire 1' Layup (2 PTS) (Diaw 3 AST),,7:31,2,4.0,4,0,201187,Dominic McGuire,CHA,Charlotte,1610612766.0,Bobcats,2564,Boris Diaw,CHA,Charlotte,1610612766.0,Bobcats,0,,,,,,17 - 22,5,,7:49 PM
154,2,6,172,0021000275,,,7:31,2,5.0,4,1,101130,Johan Petro,NJN,New Jersey,1610612751.0,Nets,201187,Dominic McGuire,CHA,Charlotte,1610612766.0,Bobcats,0,,,,,,,,Petro S.FOUL (P2.T4),7:49 PM
155,0,8,173,0021000275,,,7:31,2,5.0,5,0,101211,Stephen Graham,NJN,New Jersey,1610612751.0,Nets,2566,Travis Outlaw,NJN,New Jersey,1610612751.0,Nets,0,,,,,,,,SUB: Outlaw FOR Graham,7:50 PM
156,10,3,174,0021000275,MISS McGuire Free Throw 1 of 1,,7:31,2,4.0,0,0,201187,Dominic McGuire,CHA,Charlotte,1610612766.0,Bobcats,0,,,,,,0,,,,,,,,,7:50 PM
157,0,4,176,0021000275,Diaw REBOUND (Off:2 Def:4),,7:29,2,4.0,0,0,2564,Boris Diaw,CHA,Charlotte,1610612766.0,Bobcats,0,,,,,,0,,,,,,,,,7:50 PM
158,3,2,177,0021000275,MISS Diaw 9' Hook Shot,,7:15,2,4.0,0,0,2564,Boris Diaw,CHA,Charlotte,1610612766.0,Bobcats,0,,,,,,0,,,,,,,,,7:50 PM
159,0,4,178,0021000275,Wallace REBOUND (Off:2 Def:1),,7:14,2,4.0,0,0,2222,Gerald Wallace,CHA,Charlotte,1610612766.0,Bobcats,0,,,,,,0,,,,,,,,,7:50 PM
160,5,2,179,0021000275,MISS Diaw 1' Layup,,7:08,2,4.0,0,5,2564,Boris Diaw,CHA,Charlotte,1610612766.0,Bobcats,0,,,,,,101130,Johan Petro,NJN,New Jersey,1610612751.0,Nets,,,Petro BLOCK (1 BLK),7:50 PM
161,0,4,180,0021000275,Wallace REBOUND (Off:3 Def:1),,7:06,2,4.0,0,0,2222,Gerald Wallace,CHA,Charlotte,1610612766.0,Bobcats,0,,,,,,0,,,,,,,,,7:50 PM
162,1,2,181,0021000275,MISS Jackson 19' Jump Shot,,7:02,2,4.0,0,0,1536,Stephen Jackson,CHA,Charlotte,1610612766.0,Bobcats,0,,,,,,0,,,,,,,,,7:51 PM
163,0,4,182,0021000275,,,7:00,2,5.0,0,0,200770,Jordan Farmar,NJN,New Jersey,1610612751.0,Nets,0,,,,,,0,,,,,,,,Farmar REBOUND (Off:0 Def:2),7:51 PM
164,1,1,183,0021000275,,,6:53,2,5.0,5,0,201627,Anthony Morrow,NJN,New Jersey,1610612751.0,Nets,200770,Jordan Farmar,NJN,New Jersey,1610612751.0,Nets,0,,,,,,19 - 22,3,Morrow 17' Jump Shot (2 PTS) (Farmar 3 AST),7:51 PM
165,2,7,185,0021000275,,,6:40,2,5.0,0,1,2566,Travis Outlaw,NJN,New Jersey,1610612751.0,Nets,0,,,,,,0,,,,,,,,Outlaw Violation:Defensive Goaltending,7:51 PM
166,5,1,184,0021000275,Wallace 2' Layup (2 PTS),,6:40,2,4.0,0,0,2222,Gerald Wallace,CHA,Charlotte,1610612766.0,Bobcats,0,,,,,,0,,,,,,19 - 24,5,,7:51 PM
167,44,2,186,0021000275,,,6:26,2,5.0,0,0,201627,Anthony Morrow,NJN,New Jersey,1610612751.0,Nets,0,,,,,,0,,,,,,,,MISS Morrow 1' Reverse Layup,7:51 PM
168,0,4,187,0021000275,Diaw REBOUND (Off:2 Def:5),,6:25,2,4.0,0,0,2564,Boris Diaw,CHA,Charlotte,1610612766.0,Bobcats,0,,,,,,0,,,,,,,,,7:52 PM
169,1,2,188,0021000275,MISS Livingston 18' Jump Shot,,6:16,2,4.0,0,0,2733,Shaun Livingston,CHA,Charlotte,1610612766.0,Bobcats,0,,,,,,0,,,,,,,,,7:52 PM
170,0,4,189,0021000275,,,6:15,2,5.0,0,0,2211,Troy Murphy,NJN,New Jersey,1610612751.0,Nets,0,,,,,,0,,,,,,,,Murphy REBOUND (Off:1 Def:2),7:52 PM
171,1,1,190,0021000275,,,6:04,2,5.0,5,0,201627,Anthony Morrow,NJN,New Jersey,1610612751.0,Nets,2566,Travis Outlaw,NJN,New Jersey,1610612751.0,Nets,0,,,,,,22 - 24,2,Morrow 27' 3PT Jump Shot (5 PTS) (Outlaw 1 AST),7:52 PM
172,1,5,197,0021000275,Jackson Bad Pass Turnover (P1.T6),,5:43,2,4.0,5,0,1536,Stephen Jackson,CHA,Charlotte,1610612766.0,Bobcats,2211,Troy Murphy,NJN,New Jersey,1610612751.0,Nets,0,,,,,,,,Murphy STEAL (1 STL),7:52 PM
173,1,2,193,0021000275,,,5:38,2,5.0,0,0,200770,Jordan Farmar,NJN,New Jersey,1610612751.0,Nets,0,,,,,,0,,,,,,,,MISS Farmar 3' Jump Shot,7:52 PM
174,0,4,194,0021000275,,,5:38,2,3.0,0,0,1610612751,,,,,,0,,,,,,0,,,,,,,,Nets Rebound,7:52 PM
175,1,9,195,0021000275,BOBCATS Timeout: Regular (Full 2 Short 1),,5:38,2,2.0,0,0,1610612766,,,,,,0,,,,,,0,,,,,,,,,7:52 PM
176,0,8,198,0021000275,SUB: Mohammed FOR McGuire,,5:38,2,4.0,4,0,201187,Dominic McGuire,CHA,Charlotte,1610612766.0,Bobcats,1737,Nazr Mohammed,CHA,Charlotte,1610612766.0,Bobcats,0,,,,,,,,,7:55 PM
177,0,8,199,0021000275,SUB: Augustin FOR Livingston,,5:38,2,4.0,4,0,2733,Shaun Livingston,CHA,Charlotte,1610612766.0,Bobcats,201571,D.J. Augustin,CHA,Charlotte,1610612766.0,Bobcats,0,,,,,,,,,7:55 PM
178,0,8,200,0021000275,,,5:38,2,5.0,5,0,101130,Johan Petro,NJN,New Jersey,1610612751.0,Nets,201572,Brook Lopez,NJN,New Jersey,1610612751.0,Nets,0,,,,,,,,SUB: Lopez FOR Petro,7:55 PM
179,1,2,201,0021000275,,,5:27,2,5.0,0,0,2211,Troy Murphy,NJN,New Jersey,1610612751.0,Nets,0,,,,,,0,,,,,,,,MISS Murphy 25' 3PT Jump Shot,7:55 PM
180,0,4,202,0021000275,Wallace REBOUND (Off:3 Def:2),,5:25,2,4.0,0,0,2222,Gerald Wallace,CHA,Charlotte,1610612766.0,Bobcats,0,,,,,,0,,,,,,,,,7:55 PM
181,1,2,203,0021000275,MISS Wallace 20' Jump Shot,,5:15,2,4.0,0,0,2222,Gerald Wallace,CHA,Charlotte,1610612766.0,Bobcats,0,,,,,,0,,,,,,,,,7:55 PM
182,0,4,204,0021000275,,,5:13,2,5.0,0,0,2211,Troy Murphy,NJN,New Jersey,1610612751.0,Nets,0,,,,,,0,,,,,,,,Murphy REBOUND (Off:1 Def:3),7:55 PM
183,1,2,205,0021000275,,,4:56,2,5.0,0,0,201572,Brook Lopez,NJN,New Jersey,1610612751.0,Nets,0,,,,,,0,,,,,,,,MISS Lopez 9' Jump Shot,7:56 PM
184,0,4,206,0021000275,Mohammed REBOUND (Off:4 Def:3),,4:55,2,4.0,0,0,1737,Nazr Mohammed,CHA,Charlotte,1610612766.0,Bobcats,0,,,,,,0,,,,,,,,,7:56 PM
185,1,5,207,0021000275,Augustin Bad Pass Turnover (P1.T7),,4:52,2,4.0,0,0,201571,D.J. Augustin,CHA,Charlotte,1610612766.0,Bobcats,0,,,,,,0,,,,,,,,,7:56 PM
186,2,6,208,0021000275,Mohammed S.FOUL (P1.T2),,4:34,2,4.0,5,1,1737,Nazr Mohammed,CHA,Charlotte,1610612766.0,Bobcats,201572,Brook Lopez,NJN,New Jersey,1610612751.0,Nets,0,,,,,,,,,7:56 PM
187,11,3,209,0021000275,,,4:34,2,5.0,0,0,201572,Brook Lopez,NJN,New Jersey,1610612751.0,Nets,0,,,,,,0,,,,,,23 - 24,1,Lopez Free Throw 1 of 2 (1 PTS),7:56 PM
188,12,3,211,0021000275,,,4:34,2,5.0,0,0,201572,Brook Lopez,NJN,New Jersey,1610612751.0,Nets,0,,,,,,0,,,,,,24 - 24,TIE,Lopez Free Throw 2 of 2 (2 PTS),7:57 PM
189,1,1,213,0021000275,Mohammed 12' Jump Shot (6 PTS) (Diaw 4 AST),,4:21,2,4.0,4,0,1737,Nazr Mohammed,CHA,Charlotte,1610612766.0,Bobcats,2564,Boris Diaw,CHA,Charlotte,1610612766.0,Bobcats,0,,,,,,24 - 26,2,,7:57 PM
190,5,2,214,0021000275,,,4:06,2,5.0,0,0,201572,Brook Lopez,NJN,New Jersey,1610612751.0,Nets,0,,,,,,0,,,,,,,,MISS Lopez  Layup,7:57 PM
191,0,4,215,0021000275,Wallace REBOUND (Off:3 Def:3),,4:05,2,4.0,0,0,2222,Gerald Wallace,CHA,Charlotte,1610612766.0,Bobcats,0,,,,,,0,,,,,,,,,7:57 PM
192,1,2,216,0021000275,MISS Augustin 3' Jump Shot,,4:00,2,4.0,0,0,201571,D.J. Augustin,CHA,Charlotte,1610612766.0,Bobcats,0,,,,,,0,,,,,,,,,7:58 PM
193,0,4,217,0021000275,Jackson REBOUND (Off:2 Def:0),,3:59,2,4.0,0,0,1536,Stephen Jackson,CHA,Charlotte,1610612766.0,Bobcats,0,,,,,,0,,,,,,,,,7:58 PM
194,1,2,218,0021000275,MISS Diaw 29' 3PT Jump Shot,,3:51,2,4.0,0,0,2564,Boris Diaw,CHA,Charlotte,1610612766.0,Bobcats,0,,,,,,0,,,,,,,,,7:58 PM
195,0,4,219,0021000275,,,3:50,2,5.0,0,0,2211,Troy Murphy,NJN,New Jersey,1610612751.0,Nets,0,,,,,,0,,,,,,,,Murphy REBOUND (Off:1 Def:4),7:58 PM
196,1,1,220,0021000275,,,3:45,2,5.0,5,0,2566,Travis Outlaw,NJN,New Jersey,1610612751.0,Nets,2211,Troy Murphy,NJN,New Jersey,1610612751.0,Nets,0,,,,,,26 - 26,TIE,Outlaw 10' Jump Shot (6 PTS) (Murphy 1 AST),7:58 PM
197,1,9,221,0021000275,BOBCATS Timeout: Regular (Full 3 Short 1),,3:39,2,2.0,0,0,1610612766,,,,,,0,,,,,,0,,,,,,,,,7:58 PM
198,0,8,223,0021000275,,,3:39,2,5.0,5,0,200770,Jordan Farmar,NJN,New Jersey,1610612751.0,Nets,202386,Ben Uzoh,NJN,New Jersey,1610612751.0,Nets,0,,,,,,,,SUB: Uzoh FOR Farmar,8:00 PM
199,0,8,224,0021000275,,,3:39,2,5.0,5,0,2211,Troy Murphy,NJN,New Jersey,1610612751.0,Nets,2743,Kris Humphries,NJN,New Jersey,1610612751.0,Nets,0,,,,,,,,SUB: Humphries FOR Murphy,8:00 PM
200,1,5,225,0021000275,Wallace Bad Pass Turnover (P2.T8),,3:29,2,4.0,0,0,2222,Gerald Wallace,CHA,Charlotte,1610612766.0,Bobcats,0,,,,,,0,,,,,,,,,8:00 PM
201,1,2,226,0021000275,,,3:07,2,5.0,0,0,2566,Travis Outlaw,NJN,New Jersey,1610612751.0,Nets,0,,,,,,0,,,,,,,,MISS Outlaw 20' Jump Shot,8:01 PM
202,0,4,227,0021000275,Mohammed REBOUND (Off:4 Def:4),,3:05,2,4.0,0,0,1737,Nazr Mohammed,CHA,Charlotte,1610612766.0,Bobcats,0,,,,,,0,,,,,,,,,8:01 PM
203,2,6,228,0021000275,,,2:53,2,5.0,4,1,201572,Brook Lopez,NJN,New Jersey,1610612751.0,Nets,1737,Nazr Mohammed,CHA,Charlotte,1610612766.0,Bobcats,0,,,,,,,,Lopez S.FOUL (P2.PN),8:01 PM
204,11,3,229,0021000275,Mohammed Free Throw 1 of 2 (7 PTS),,2:53,2,4.0,0,0,1737,Nazr Mohammed,CHA,Charlotte,1610612766.0,Bobcats,0,,,,,,0,,,,,,26 - 27,1,,8:01 PM
205,12,3,231,0021000275,Mohammed Free Throw 2 of 2 (8 PTS),,2:53,2,4.0,0,0,1737,Nazr Mohammed,CHA,Charlotte,1610612766.0,Bobcats,0,,,,,,0,,,,,,26 - 28,2,,8:01 PM
206,1,2,233,0021000275,,,2:38,2,5.0,0,0,201627,Anthony Morrow,NJN,New Jersey,1610612751.0,Nets,0,,,,,,0,,,,,,,,MISS Morrow 21' Jump Shot,8:02 PM
207,0,4,234,0021000275,Diaw REBOUND (Off:2 Def:6),,2:37,2,4.0,0,0,2564,Boris Diaw,CHA,Charlotte,1610612766.0,Bobcats,0,,,,,,0,,,,,,,,,8:02 PM
208,5,2,235,0021000275,MISS Wallace 3' Layup,,2:24,2,4.0,0,0,2222,Gerald Wallace,CHA,Charlotte,1610612766.0,Bobcats,0,,,,,,0,,,,,,,,,8:02 PM
209,0,4,237,0021000275,Diaw REBOUND (Off:3 Def:6),,2:23,2,4.0,0,0,2564,Boris Diaw,CHA,Charlotte,1610612766.0,Bobcats,0,,,,,,0,,,,,,,,,8:02 PM
210,4,1,236,0021000275,Diaw  Tip Shot (6 PTS),,2:23,2,4.0,0,0,2564,Boris Diaw,CHA,Charlotte,1610612766.0,Bobcats,0,,,,,,0,,,,,,26 - 30,4,,8:02 PM
211,1,1,238,0021000275,,,1:55,2,5.0,0,0,2566,Travis Outlaw,NJN,New Jersey,1610612751.0,Nets,0,,,,,,0,,,,,,28 - 30,2,Outlaw 13' Jump Shot (8 PTS),8:03 PM
212,1,2,239,0021000275,MISS Diaw 8' Jump Shot,,1:38,2,4.0,0,0,2564,Boris Diaw,CHA,Charlotte,1610612766.0,Bobcats,0,,,,,,0,,,,,,,,,8:03 PM
213,0,4,240,0021000275,,,1:37,2,5.0,0,0,2743,Kris Humphries,NJN,New Jersey,1610612751.0,Nets,0,,,,,,0,,,,,,,,Humphries REBOUND (Off:1 Def:3),8:03 PM
214,5,7,241,0021000275,Diaw Violation:Kicked Ball,,1:27,2,4.0,0,1,2564,Boris Diaw,CHA,Charlotte,1610612766.0,Bobcats,0,,,,,,0,,,,,,,,,8:03 PM
215,0,8,242,0021000275,,,1:27,2,5.0,5,0,201572,Brook Lopez,NJN,New Jersey,1610612751.0,Nets,101130,Johan Petro,NJN,New Jersey,1610612751.0,Nets,0,,,,,,,,SUB: Petro FOR Lopez,8:03 PM
216,0,8,243,0021000275,SUB: Thomas FOR Mohammed,,1:27,2,4.0,4,0,1737,Nazr Mohammed,CHA,Charlotte,1610612766.0,Bobcats,200748,Tyrus Thomas,CHA,Charlotte,1610612766.0,Bobcats,0,,,,,,,,,8:04 PM
217,5,2,244,0021000275,Wallace BLOCK (2 BLK),,1:20,2,5.0,0,4,202386,Ben Uzoh,NJN,New Jersey,1610612751.0,Nets,0,,,,,,2222,Gerald Wallace,CHA,Charlotte,1610612766.0,Bobcats,,,MISS Uzoh 2' Layup,8:04 PM
218,0,4,245,0021000275,Diaw REBOUND (Off:3 Def:7),,1:16,2,4.0,0,0,2564,Boris Diaw,CHA,Charlotte,1610612766.0,Bobcats,0,,,,,,0,,,,,,,,,8:04 PM
219,2,6,246,0021000275,,,1:16,2,5.0,4,1,101130,Johan Petro,NJN,New Jersey,1610612751.0,Nets,2222,Gerald Wallace,CHA,Charlotte,1610612766.0,Bobcats,0,,,,,,,,Petro S.FOUL (P3.PN),8:04 PM
220,11,3,247,0021000275,MISS Wallace Free Throw 1 of 2,,1:16,2,4.0,0,0,2222,Gerald Wallace,CHA,Charlotte,1610612766.0,Bobcats,0,,,,,,0,,,,,,,,,8:04 PM
221,1,4,248,0021000275,BOBCATS Rebound,,1:16,2,2.0,0,0,1610612766,,,,,,0,,,,,,0,,,,,,,,,8:04 PM
222,0,8,249,0021000275,,,1:16,2,5.0,5,0,101130,Johan Petro,NJN,New Jersey,1610612751.0,Nets,202324,Derrick Favors,NJN,New Jersey,1610612751.0,Nets,0,,,,,,,,SUB: Favors FOR Petro,8:04 PM
223,12,3,250,0021000275,Wallace Free Throw 2 of 2 (3 PTS),,1:16,2,4.0,0,0,2222,Gerald Wallace,CHA,Charlotte,1610612766.0,Bobcats,0,,,,,,0,,,,,,28 - 31,3,,8:04 PM
224,1,2,252,0021000275,,,0:56,2,5.0,0,0,202324,Derrick Favors,NJN,New Jersey,1610612751.0,Nets,0,,,,,,0,,,,,,,,MISS Favors 5' Jump Shot,8:05 PM
225,0,4,253,0021000275,,,0:55,2,3.0,0,0,1610612751,,,,,,0,,,,,,0,,,,,,,,Nets Rebound,8:05 PM
226,2,9,254,0021000275,,,0:55,2,3.0,0,0,1610612751,,,,,,0,,,,,,0,,,,,,,,Nets Timeout: Short (Reg.1 Short 1),8:05 PM
227,1,6,256,0021000275,Thomas P.FOUL (P2.T3),,0:42,2,4.0,5,1,200748,Tyrus Thomas,CHA,Charlotte,1610612766.0,Bobcats,201627,Anthony Morrow,NJN,New Jersey,1610612751.0,Nets,0,,,,,,,,,8:07 PM
228,2,6,257,0021000275,Augustin S.FOUL (P1.PN),,0:33,2,4.0,5,1,201571,D.J. Augustin,CHA,Charlotte,1610612766.0,Bobcats,2566,Travis Outlaw,NJN,New Jersey,1610612751.0,Nets,0,,,,,,,,,8:07 PM
229,11,3,258,0021000275,,,0:33,2,5.0,0,0,2566,Travis Outlaw,NJN,New Jersey,1610612751.0,Nets,0,,,,,,0,,,,,,29 - 31,2,Outlaw Free Throw 1 of 2 (9 PTS),8:08 PM
230,0,8,260,0021000275,,,0:33,2,5.0,5,0,201627,Anthony Morrow,NJN,New Jersey,1610612751.0,Nets,2624,Quinton Ross,NJN,New Jersey,1610612751.0,Nets,0,,,,,,,,SUB: Ross FOR Morrow,8:08 PM
231,12,3,261,0021000275,,,0:33,2,5.0,0,0,2566,Travis Outlaw,NJN,New Jersey,1610612751.0,Nets,0,,,,,,0,,,,,,30 - 31,1,Outlaw Free Throw 2 of 2 (10 PTS),8:08 PM
232,2,5,263,0021000275,Wallace Lost Ball Turnover (P3.T9),,0:29,2,4.0,5,0,2222,Gerald Wallace,CHA,Charlotte,1610612766.0,Bobcats,2566,Travis Outlaw,NJN,New Jersey,1610612751.0,Nets,0,,,,,,,,Outlaw STEAL (1 STL),8:08 PM
233,1,2,264,0021000275,,,0:23,2,5.0,0,0,2743,Kris Humphries,NJN,New Jersey,1610612751.0,Nets,0,,,,,,0,,,,,,,,MISS Humphries 5' Jump Shot,8:08 PM
234,0,4,265,0021000275,Diaw REBOUND (Off:3 Def:8),,0:22,2,4.0,0,0,2564,Boris Diaw,CHA,Charlotte,1610612766.0,Bobcats,0,,,,,,0,,,,,,,,,8:08 PM
235,2,6,266,0021000275,,,0:05,2,5.0,4,1,2743,Kris Humphries,NJN,New Jersey,1610612751.0,Nets,1536,Stephen Jackson,CHA,Charlotte,1610612766.0,Bobcats,0,,,,,,,,Humphries S.FOUL (P2.PN),8:09 PM
236,0,18,267,0021000275,,,0:05,2,,0,1,266,,,,,,0,,,,,,0,,,,,,,,,8:09 PM
237,0,8,268,0021000275,SUB: McGuire FOR Thomas,,0:05,2,4.0,4,0,200748,Tyrus Thomas,CHA,Charlotte,1610612766.0,Bobcats,201187,Dominic McGuire,CHA,Charlotte,1610612766.0,Bobcats,0,,,,,,,,,8:11 PM
238,11,3,269,0021000275,Jackson Free Throw 1 of 2 (6 PTS),,0:05,2,4.0,0,0,1536,Stephen Jackson,CHA,Charlotte,1610612766.0,Bobcats,0,,,,,,0,,,,,,30 - 32,2,,8:11 PM
239,0,8,271,0021000275,,,0:05,2,5.0,5,0,2624,Quinton Ross,NJN,New Jersey,1610612751.0,Nets,200770,Jordan Farmar,NJN,New Jersey,1610612751.0,Nets,0,,,,,,,,SUB: Farmar FOR Ross,8:11 PM
240,0,8,272,0021000275,,,0:05,2,5.0,5,0,202386,Ben Uzoh,NJN,New Jersey,1610612751.0,Nets,201627,Anthony Morrow,NJN,New Jersey,1610612751.0,Nets,0,,,,,,,,SUB: Morrow FOR Uzoh,8:11 PM
241,12,3,273,0021000275,Jackson Free Throw 2 of 2 (7 PTS),,0:05,2,4.0,0,0,1536,Stephen Jackson,CHA,Charlotte,1610612766.0,Bobcats,0,,,,,,0,,,,,,30 - 33,3,,8:11 PM
242,2,6,275,0021000275,McGuire S.FOUL (P1.PN),,0:00,2,4.0,5,1,201187,Dominic McGuire,CHA,Charlotte,1610612766.0,Bobcats,201627,Anthony Morrow,NJN,New Jersey,1610612751.0,Nets,0,,,,,,,,,8:12 PM
243,11,3,276,0021000275,,,0:00,2,5.0,0,0,201627,Anthony Morrow,NJN,New Jersey,1610612751.0,Nets,0,,,,,,0,,,,,,31 - 33,2,Morrow Free Throw 1 of 2 (6 PTS),8:12 PM
244,12,3,278,0021000275,,,0:00,2,5.0,0,0,201627,Anthony Morrow,NJN,New Jersey,1610612751.0,Nets,0,,,,,,0,,,,,,32 - 33,1,Morrow Free Throw 2 of 2 (7 PTS),8:12 PM
245,0,13,280,0021000275,,,0:00,2,0.0,0,0,0,,,,,,0,,,,,,0,,,,,,32 - 33,1,,8:12 PM
246,0,12,282,0021000275,,,12:00,3,0.0,0,0,0,,,,,,0,,,,,,0,,,,,,32 - 33,1,,8:28 PM
247,1,6,283,0021000275,,,11:45,3,5.0,4,1,200770,Jordan Farmar,NJN,New Jersey,1610612751.0,Nets,201571,D.J. Augustin,CHA,Charlotte,1610612766.0,Bobcats,0,,,,,,,,Farmar P.FOUL (P2.T1),8:28 PM
248,1,1,284,0021000275,Augustin 24' 3PT Jump Shot (6 PTS) (Jackson 2 AST),,11:38,3,4.0,4,0,201571,D.J. Augustin,CHA,Charlotte,1610612766.0,Bobcats,1536,Stephen Jackson,CHA,Charlotte,1610612766.0,Bobcats,0,,,,,,32 - 36,4,,8:29 PM
249,1,2,285,0021000275,,,11:14,3,5.0,0,0,201627,Anthony Morrow,NJN,New Jersey,1610612751.0,Nets,0,,,,,,0,,,,,,,,MISS Morrow  3PT Jump Shot,8:29 PM
250,0,4,286,0021000275,Wallace REBOUND (Off:3 Def:4),,11:13,3,4.0,0,0,2222,Gerald Wallace,CHA,Charlotte,1610612766.0,Bobcats,0,,,,,,0,,,,,,,,,8:29 PM
251,1,2,287,0021000275,MISS Augustin 25' 3PT Jump Shot,,11:00,3,4.0,0,0,201571,D.J. Augustin,CHA,Charlotte,1610612766.0,Bobcats,0,,,,,,0,,,,,,,,,8:29 PM
252,0,4,288,0021000275,,,10:58,3,5.0,0,0,2743,Kris Humphries,NJN,New Jersey,1610612751.0,Nets,0,,,,,,0,,,,,,,,Humphries REBOUND (Off:1 Def:4),8:29 PM
253,1,2,289,0021000275,,,10:48,3,5.0,0,0,2566,Travis Outlaw,NJN,New Jersey,1610612751.0,Nets,0,,,,,,0,,,,,,,,MISS Outlaw 26' 3PT Jump Shot,8:30 PM
254,0,4,290,0021000275,Mohammed REBOUND (Off:4 Def:5),,10:46,3,4.0,0,0,1737,Nazr Mohammed,CHA,Charlotte,1610612766.0,Bobcats,0,,,,,,0,,,,,,,,,8:30 PM
255,1,1,291,0021000275,Mohammed 10' Jump Shot (10 PTS),,10:24,3,4.0,0,0,1737,Nazr Mohammed,CHA,Charlotte,1610612766.0,Bobcats,0,,,,,,0,,,,,,32 - 38,6,,8:30 PM
256,1,1,292,0021000275,,,10:00,3,5.0,5,0,201627,Anthony Morrow,NJN,New Jersey,1610612751.0,Nets,200770,Jordan Farmar,NJN,New Jersey,1610612751.0,Nets,0,,,,,,34 - 38,4,Morrow 22' Jump Shot (9 PTS) (Farmar 4 AST),8:30 PM
257,1,6,293,0021000275,,,9:49,3,5.0,4,1,200770,Jordan Farmar,NJN,New Jersey,1610612751.0,Nets,1737,Nazr Mohammed,CHA,Charlotte,1610612766.0,Bobcats,0,,,,,,,,Farmar P.FOUL (P3.T2),8:31 PM
258,1,1,294,0021000275,Wallace 25' 3PT Jump Shot (6 PTS) (Jackson 3 AST),,9:38,3,4.0,4,0,2222,Gerald Wallace,CHA,Charlotte,1610612766.0,Bobcats,1536,Stephen Jackson,CHA,Charlotte,1610612766.0,Bobcats,0,,,,,,34 - 41,7,,8:31 PM
259,1,6,295,0021000275,Jackson P.FOUL (P1.T1),,9:28,3,4.0,5,1,1536,Stephen Jackson,CHA,Charlotte,1610612766.0,Bobcats,201627,Anthony Morrow,NJN,New Jersey,1610612751.0,Nets,0,,,,,,,,,8:31 PM
260,1,5,296,0021000275,Jackson STEAL (1 STL),,9:16,3,5.0,4,0,2566,Travis Outlaw,NJN,New Jersey,1610612751.0,Nets,1536,Stephen Jackson,CHA,Charlotte,1610612766.0,Bobcats,0,,,,,,,,Outlaw Bad Pass Turnover (P2.T8),8:32 PM
261,1,1,297,0021000275,Jackson 21' Jump Shot (9 PTS),,9:10,3,4.0,0,0,1536,Stephen Jackson,CHA,Charlotte,1610612766.0,Bobcats,0,,,,,,0,,,,,,34 - 43,9,,8:32 PM
262,1,9,298,0021000275,,,9:10,3,3.0,0,0,1610612751,,,,,,0,,,,,,0,,,,,,,,Nets Timeout: Regular (Reg.2 Short 1),8:32 PM
263,1,1,300,0021000275,,,8:55,3,5.0,0,0,2566,Travis Outlaw,NJN,New Jersey,1610612751.0,Nets,0,,,,,,0,,,,,,36 - 43,7,Outlaw 20' Jump Shot (12 PTS),8:35 PM
264,1,1,301,0021000275,Diaw 28' 3PT Jump Shot (9 PTS) (Jackson 4 AST),,8:41,3,4.0,4,0,2564,Boris Diaw,CHA,Charlotte,1610612766.0,Bobcats,1536,Stephen Jackson,CHA,Charlotte,1610612766.0,Bobcats,0,,,,,,36 - 46,10,,8:35 PM
265,1,2,302,0021000275,,,8:21,3,5.0,0,0,2566,Travis Outlaw,NJN,New Jersey,1610612751.0,Nets,0,,,,,,0,,,,,,,,MISS Outlaw 26' 3PT Jump Shot,8:35 PM
266,0,4,303,0021000275,Augustin REBOUND (Off:1 Def:1),,8:19,3,4.0,0,0,201571,D.J. Augustin,CHA,Charlotte,1610612766.0,Bobcats,0,,,,,,0,,,,,,,,,8:35 PM
267,4,5,304,0021000275,Wallace Traveling Turnover (P4.T10),,8:12,3,4.0,0,1,2222,Gerald Wallace,CHA,Charlotte,1610612766.0,Bobcats,0,,,,,,0,,,,,,,,,8:35 PM
268,5,2,305,0021000275,Mohammed BLOCK (1 BLK),,7:51,3,5.0,0,4,2743,Kris Humphries,NJN,New Jersey,1610612751.0,Nets,0,,,,,,1737,Nazr Mohammed,CHA,Charlotte,1610612766.0,Bobcats,,,MISS Humphries 2' Layup,8:36 PM
269,0,4,306,0021000275,Jackson REBOUND (Off:2 Def:1),,7:49,3,4.0,0,0,1536,Stephen Jackson,CHA,Charlotte,1610612766.0,Bobcats,0,,,,,,0,,,,,,,,,8:36 PM
270,4,5,307,0021000275,Jackson Traveling Turnover (P2.T11),,7:46,3,4.0,0,1,1536,Stephen Jackson,CHA,Charlotte,1610612766.0,Bobcats,0,,,,,,0,,,,,,,,,8:36 PM
271,1,2,308,0021000275,,,7:31,3,5.0,0,0,200770,Jordan Farmar,NJN,New Jersey,1610612751.0,Nets,0,,,,,,0,,,,,,,,MISS Farmar 27' 3PT Jump Shot,8:36 PM
272,0,4,309,0021000275,Diaw REBOUND (Off:3 Def:9),,7:30,3,4.0,0,0,2564,Boris Diaw,CHA,Charlotte,1610612766.0,Bobcats,0,,,,,,0,,,,,,,,,8:36 PM
273,44,1,310,0021000275,Augustin 3' Reverse Layup (8 PTS) (Diaw 5 AST),,7:25,3,4.0,4,0,201571,D.J. Augustin,CHA,Charlotte,1610612766.0,Bobcats,2564,Boris Diaw,CHA,Charlotte,1610612766.0,Bobcats,0,,,,,,36 - 48,12,,8:36 PM
274,1,2,311,0021000275,,,7:12,3,5.0,0,0,201627,Anthony Morrow,NJN,New Jersey,1610612751.0,Nets,0,,,,,,0,,,,,,,,MISS Morrow 26' 3PT Jump Shot,8:37 PM
275,0,4,312,0021000275,Mohammed REBOUND (Off:4 Def:6),,7:09,3,4.0,0,0,1737,Nazr Mohammed,CHA,Charlotte,1610612766.0,Bobcats,0,,,,,,0,,,,,,,,,8:37 PM
276,7,2,313,0021000275,MISS Mohammed 3' Dunk,,6:54,3,4.0,0,5,1737,Nazr Mohammed,CHA,Charlotte,1610612766.0,Bobcats,0,,,,,,2743,Kris Humphries,NJN,New Jersey,1610612751.0,Nets,,,Humphries BLOCK (1 BLK),8:37 PM
277,0,4,314,0021000275,BOBCATS Rebound,,6:53,3,2.0,0,0,1610612766,,,,,,0,,,,,,0,,,,,,,,,8:37 PM
278,0,8,315,0021000275,,,6:53,3,5.0,5,0,201627,Anthony Morrow,NJN,New Jersey,1610612751.0,Nets,202345,Damion James,NJN,New Jersey,1610612751.0,Nets,0,,,,,,,,SUB: James FOR Morrow,8:37 PM
279,1,2,316,0021000275,MISS Jackson 20' Jump Shot,,6:41,3,4.0,0,0,1536,Stephen Jackson,CHA,Charlotte,1610612766.0,Bobcats,0,,,,,,0,,,,,,,,,8:38 PM
280,0,4,317,0021000275,,,6:40,3,5.0,0,0,2566,Travis Outlaw,NJN,New Jersey,1610612751.0,Nets,0,,,,,,0,,,,,,,,Outlaw REBOUND (Off:1 Def:3),8:38 PM
281,2,6,318,0021000275,Mohammed S.FOUL (P2.T2),,6:36,3,4.0,5,1,1737,Nazr Mohammed,CHA,Charlotte,1610612766.0,Bobcats,201572,Brook Lopez,NJN,New Jersey,1610612751.0,Nets,0,,,,,,,,,8:38 PM
282,11,3,319,0021000275,,,6:36,3,5.0,0,0,201572,Brook Lopez,NJN,New Jersey,1610612751.0,Nets,0,,,,,,0,,,,,,,,MISS Lopez Free Throw 1 of 2,8:38 PM
283,1,4,320,0021000275,,,6:36,3,3.0,0,0,1610612751,,,,,,0,,,,,,0,,,,,,,,Nets Rebound,8:38 PM
284,12,3,321,0021000275,,,6:36,3,5.0,0,0,201572,Brook Lopez,NJN,New Jersey,1610612751.0,Nets,0,,,,,,0,,,,,,37 - 48,11,Lopez Free Throw 2 of 2 (3 PTS),8:38 PM
285,1,2,323,0021000275,MISS Wallace 18' Jump Shot,,6:21,3,4.0,0,0,2222,Gerald Wallace,CHA,Charlotte,1610612766.0,Bobcats,0,,,,,,0,,,,,,,,,8:39 PM
286,0,4,324,0021000275,,,6:19,3,5.0,0,0,202345,Damion James,NJN,New Jersey,1610612751.0,Nets,0,,,,,,0,,,,,,,,James REBOUND (Off:0 Def:1),8:39 PM
287,5,1,325,0021000275,,,6:14,3,5.0,5,0,201572,Brook Lopez,NJN,New Jersey,1610612751.0,Nets,200770,Jordan Farmar,NJN,New Jersey,1610612751.0,Nets,0,,,,,,39 - 48,9,Lopez 1' Layup (5 PTS) (Farmar 5 AST),8:39 PM
288,1,1,326,0021000275,Jackson 26' 3PT Jump Shot (12 PTS) (Diaw 6 AST),,5:58,3,4.0,4,0,1536,Stephen Jackson,CHA,Charlotte,1610612766.0,Bobcats,2564,Boris Diaw,CHA,Charlotte,1610612766.0,Bobcats,0,,,,,,39 - 51,12,,8:39 PM
289,2,6,327,0021000275,Wallace S.FOUL (P2.T3),,5:47,3,4.0,5,1,2222,Gerald Wallace,CHA,Charlotte,1610612766.0,Bobcats,2566,Travis Outlaw,NJN,New Jersey,1610612751.0,Nets,0,,,,,,,,,8:40 PM
290,0,8,329,0021000275,SUB: Brown FOR Mohammed,,5:47,3,4.0,4,0,1737,Nazr Mohammed,CHA,Charlotte,1610612766.0,Bobcats,2198,Kwame Brown,CHA,Charlotte,1610612766.0,Bobcats,0,,,,,,,,,8:40 PM
291,11,3,330,0021000275,,,5:47,3,5.0,0,0,2566,Travis Outlaw,NJN,New Jersey,1610612751.0,Nets,0,,,,,,0,,,,,,40 - 51,11,Outlaw Free Throw 1 of 2 (13 PTS),8:40 PM
292,0,8,332,0021000275,,,5:47,3,5.0,5,0,2743,Kris Humphries,NJN,New Jersey,1610612751.0,Nets,202324,Derrick Favors,NJN,New Jersey,1610612751.0,Nets,0,,,,,,,,SUB: Favors FOR Humphries,8:40 PM
293,12,3,333,0021000275,,,5:47,3,5.0,0,0,2566,Travis Outlaw,NJN,New Jersey,1610612751.0,Nets,0,,,,,,0,,,,,,41 - 51,10,Outlaw Free Throw 2 of 2 (14 PTS),8:40 PM
294,1,2,335,0021000275,MISS Brown 16' Jump Shot,,5:33,3,4.0,0,0,2198,Kwame Brown,CHA,Charlotte,1610612766.0,Bobcats,0,,,,,,0,,,,,,,,,8:40 PM
295,0,4,336,0021000275,,,5:32,3,5.0,0,0,2566,Travis Outlaw,NJN,New Jersey,1610612751.0,Nets,0,,,,,,0,,,,,,,,Outlaw REBOUND (Off:1 Def:4),8:41 PM
296,1,2,337,0021000275,,,5:22,3,5.0,0,0,200770,Jordan Farmar,NJN,New Jersey,1610612751.0,Nets,0,,,,,,0,,,,,,,,MISS Farmar 25' 3PT Jump Shot,8:41 PM
297,0,4,338,0021000275,Diaw REBOUND (Off:3 Def:10),,5:21,3,4.0,0,0,2564,Boris Diaw,CHA,Charlotte,1610612766.0,Bobcats,0,,,,,,0,,,,,,,,,8:41 PM
298,2,6,339,0021000275,,,5:15,3,5.0,4,1,202324,Derrick Favors,NJN,New Jersey,1610612751.0,Nets,1536,Stephen Jackson,CHA,Charlotte,1610612766.0,Bobcats,0,,,,,,,,Favors S.FOUL (P1.T3),8:41 PM
299,11,3,340,0021000275,MISS Jackson Free Throw 1 of 2,,5:15,3,4.0,0,0,1536,Stephen Jackson,CHA,Charlotte,1610612766.0,Bobcats,0,,,,,,0,,,,,,,,,8:41 PM
300,1,4,341,0021000275,BOBCATS Rebound,,5:15,3,2.0,0,0,1610612766,,,,,,0,,,,,,0,,,,,,,,,8:41 PM
301,12,3,342,0021000275,Jackson Free Throw 2 of 2 (13 PTS),,5:15,3,4.0,0,0,1536,Stephen Jackson,CHA,Charlotte,1610612766.0,Bobcats,0,,,,,,0,,,,,,41 - 52,11,,8:41 PM
302,1,2,344,0021000275,,,4:53,3,5.0,0,0,200770,Jordan Farmar,NJN,New Jersey,1610612751.0,Nets,0,,,,,,0,,,,,,,,MISS Farmar 13' Jump Shot,8:42 PM
303,0,4,345,0021000275,,,4:51,3,5.0,0,0,202345,Damion James,NJN,New Jersey,1610612751.0,Nets,0,,,,,,0,,,,,,,,James REBOUND (Off:1 Def:1),8:42 PM
304,5,2,346,0021000275,Jackson BLOCK (1 BLK),,4:49,3,5.0,0,4,202345,Damion James,NJN,New Jersey,1610612751.0,Nets,0,,,,,,1536,Stephen Jackson,CHA,Charlotte,1610612766.0,Bobcats,,,MISS James 2' Layup,8:42 PM
305,0,4,347,0021000275,Augustin REBOUND (Off:1 Def:2),,4:47,3,4.0,0,0,201571,D.J. Augustin,CHA,Charlotte,1610612766.0,Bobcats,0,,,,,,0,,,,,,,,,8:42 PM
306,5,2,348,0021000275,MISS Brown 1' Layup,,4:35,3,4.0,0,0,2198,Kwame Brown,CHA,Charlotte,1610612766.0,Bobcats,0,,,,,,0,,,,,,,,,8:42 PM
307,0,4,349,0021000275,,,4:32,3,5.0,0,0,202324,Derrick Favors,NJN,New Jersey,1610612751.0,Nets,0,,,,,,0,,,,,,,,Favors REBOUND (Off:1 Def:4),8:42 PM
308,1,2,350,0021000275,,,4:25,3,5.0,0,0,2566,Travis Outlaw,NJN,New Jersey,1610612751.0,Nets,0,,,,,,0,,,,,,,,MISS Outlaw 26' 3PT Jump Shot,8:42 PM
309,0,4,351,0021000275,Diaw REBOUND (Off:3 Def:11),,4:22,3,4.0,0,0,2564,Boris Diaw,CHA,Charlotte,1610612766.0,Bobcats,0,,,,,,0,,,,,,,,,8:42 PM
310,2,7,353,0021000275,,,4:16,3,5.0,0,1,202324,Derrick Favors,NJN,New Jersey,1610612751.0,Nets,0,,,,,,0,,,,,,,,Favors Violation:Defensive Goaltending,8:43 PM
311,42,1,352,0021000275,Augustin 1' Driving Layup (10 PTS),,4:16,3,4.0,0,0,201571,D.J. Augustin,CHA,Charlotte,1610612766.0,Bobcats,0,,,,,,0,,,,,,41 - 54,13,,8:43 PM
312,1,9,354,0021000275,,,4:16,3,3.0,0,0,1610612751,,,,,,0,,,,,,0,,,,,,,,Nets Timeout: Regular (Reg.3 Short 1),8:43 PM
313,0,8,356,0021000275,,,4:16,3,5.0,5,0,200770,Jordan Farmar,NJN,New Jersey,1610612751.0,Nets,202386,Ben Uzoh,NJN,New Jersey,1610612751.0,Nets,0,,,,,,,,SUB: Uzoh FOR Farmar,8:45 PM
314,0,8,357,0021000275,SUB: Thomas FOR Diaw,,4:16,3,4.0,4,0,2564,Boris Diaw,CHA,Charlotte,1610612766.0,Bobcats,200748,Tyrus Thomas,CHA,Charlotte,1610612766.0,Bobcats,0,,,,,,,,,8:45 PM
315,5,2,358,0021000275,Wallace BLOCK (3 BLK),,3:59,3,5.0,0,4,202345,Damion James,NJN,New Jersey,1610612751.0,Nets,0,,,,,,2222,Gerald Wallace,CHA,Charlotte,1610612766.0,Bobcats,,,MISS James  Layup,8:46 PM
316,0,4,359,0021000275,Wallace REBOUND (Off:3 Def:5),,3:57,3,4.0,0,0,2222,Gerald Wallace,CHA,Charlotte,1610612766.0,Bobcats,0,,,,,,0,,,,,,,,,8:46 PM
317,2,5,360,0021000275,Jackson Lost Ball Turnover (P3.T12),,3:50,3,4.0,5,0,1536,Stephen Jackson,CHA,Charlotte,1610612766.0,Bobcats,202345,Damion James,NJN,New Jersey,1610612751.0,Nets,0,,,,,,,,James STEAL (1 STL),8:46 PM
318,2,6,361,0021000275,Wallace S.FOUL (P3.T4),,3:45,3,4.0,5,1,2222,Gerald Wallace,CHA,Charlotte,1610612766.0,Bobcats,202386,Ben Uzoh,NJN,New Jersey,1610612751.0,Nets,0,,,,,,,,,8:46 PM
319,11,3,362,0021000275,,,3:45,3,5.0,0,0,202386,Ben Uzoh,NJN,New Jersey,1610612751.0,Nets,0,,,,,,0,,,,,,42 - 54,12,Uzoh Free Throw 1 of 2 (1 PTS),8:46 PM
320,12,3,364,0021000275,,,3:45,3,5.0,0,0,202386,Ben Uzoh,NJN,New Jersey,1610612751.0,Nets,0,,,,,,0,,,,,,43 - 54,11,Uzoh Free Throw 2 of 2 (2 PTS),8:46 PM
321,1,2,366,0021000275,MISS Wallace 5' Jump Shot,,3:30,3,4.0,0,5,2222,Gerald Wallace,CHA,Charlotte,1610612766.0,Bobcats,0,,,,,,202345,Damion James,NJN,New Jersey,1610612751.0,Nets,,,James BLOCK (1 BLK),8:47 PM
322,0,4,367,0021000275,,,3:29,3,5.0,0,0,2566,Travis Outlaw,NJN,New Jersey,1610612751.0,Nets,0,,,,,,0,,,,,,,,Outlaw REBOUND (Off:1 Def:5),8:47 PM
323,1,5,368,0021000275,Thomas STEAL (1 STL),,3:16,3,5.0,4,0,202345,Damion James,NJN,New Jersey,1610612751.0,Nets,200748,Tyrus Thomas,CHA,Charlotte,1610612766.0,Bobcats,0,,,,,,,,James Bad Pass Turnover (P1.T9),8:47 PM
324,2,6,369,0021000275,,,3:02,3,5.0,4,1,201572,Brook Lopez,NJN,New Jersey,1610612751.0,Nets,200748,Tyrus Thomas,CHA,Charlotte,1610612766.0,Bobcats,0,,,,,,,,Lopez S.FOUL (P3.T4),8:47 PM
325,11,3,370,0021000275,Thomas Free Throw 1 of 2 (5 PTS),,3:02,3,4.0,0,0,200748,Tyrus Thomas,CHA,Charlotte,1610612766.0,Bobcats,0,,,,,,0,,,,,,43 - 55,12,,8:48 PM
326,0,8,372,0021000275,,,3:02,3,5.0,5,0,201572,Brook Lopez,NJN,New Jersey,1610612751.0,Nets,101130,Johan Petro,NJN,New Jersey,1610612751.0,Nets,0,,,,,,,,SUB: Petro FOR Lopez,8:48 PM
327,0,8,373,0021000275,,,3:02,3,5.0,5,0,2566,Travis Outlaw,NJN,New Jersey,1610612751.0,Nets,201627,Anthony Morrow,NJN,New Jersey,1610612751.0,Nets,0,,,,,,,,SUB: Morrow FOR Outlaw,8:48 PM
328,0,8,374,0021000275,SUB: McGuire FOR Jackson,,3:02,3,4.0,4,0,1536,Stephen Jackson,CHA,Charlotte,1610612766.0,Bobcats,201187,Dominic McGuire,CHA,Charlotte,1610612766.0,Bobcats,0,,,,,,,,,8:48 PM
329,12,3,375,0021000275,Thomas Free Throw 2 of 2 (6 PTS),,3:02,3,4.0,0,0,200748,Tyrus Thomas,CHA,Charlotte,1610612766.0,Bobcats,0,,,,,,0,,,,,,43 - 56,13,,8:48 PM
330,1,2,377,0021000275,,,2:46,3,5.0,0,0,202345,Damion James,NJN,New Jersey,1610612751.0,Nets,0,,,,,,0,,,,,,,,MISS James 22' Jump Shot,8:49 PM
331,0,4,378,0021000275,BOBCATS Rebound,,2:45,3,2.0,0,0,1610612766,,,,,,0,,,,,,0,,,,,,,,,8:49 PM
332,3,6,379,0021000275,,,2:45,3,5.0,4,1,101130,Johan Petro,NJN,New Jersey,1610612751.0,Nets,2198,Kwame Brown,CHA,Charlotte,1610612766.0,Bobcats,0,,,,,,,,Petro L.B.FOUL (P4.PN),8:49 PM
333,11,3,381,0021000275,MISS Brown Free Throw 1 of 2,,2:45,3,4.0,0,0,2198,Kwame Brown,CHA,Charlotte,1610612766.0,Bobcats,0,,,,,,0,,,,,,,,,8:49 PM
334,1,4,382,0021000275,BOBCATS Rebound,,2:45,3,2.0,0,0,1610612766,,,,,,0,,,,,,0,,,,,,,,,8:49 PM
335,0,8,383,0021000275,,,2:45,3,5.0,5,0,101130,Johan Petro,NJN,New Jersey,1610612751.0,Nets,2211,Troy Murphy,NJN,New Jersey,1610612751.0,Nets,0,,,,,,,,SUB: Murphy FOR Petro,8:49 PM
336,12,3,384,0021000275,MISS Brown Free Throw 2 of 2,,2:45,3,4.0,0,0,2198,Kwame Brown,CHA,Charlotte,1610612766.0,Bobcats,0,,,,,,0,,,,,,,,,8:49 PM
337,0,4,386,0021000275,,,2:45,3,5.0,0,0,202345,Damion James,NJN,New Jersey,1610612751.0,Nets,0,,,,,,0,,,,,,,,James REBOUND (Off:1 Def:2),8:50 PM
338,1,2,387,0021000275,Thomas BLOCK (1 BLK),,2:31,3,5.0,0,4,201627,Anthony Morrow,NJN,New Jersey,1610612751.0,Nets,0,,,,,,200748,Tyrus Thomas,CHA,Charlotte,1610612766.0,Bobcats,,,MISS Morrow 5' Jump Shot,8:50 PM
339,0,4,388,0021000275,,,2:29,3,5.0,0,0,202345,Damion James,NJN,New Jersey,1610612751.0,Nets,0,,,,,,0,,,,,,,,James REBOUND (Off:2 Def:2),8:50 PM
340,5,1,389,0021000275,,,2:23,3,5.0,5,0,202324,Derrick Favors,NJN,New Jersey,1610612751.0,Nets,202345,Damion James,NJN,New Jersey,1610612751.0,Nets,0,,,,,,45 - 56,11,Favors 2' Layup (4 PTS) (James 1 AST),8:50 PM
341,1,1,390,0021000275,Thomas 20' Jump Shot (8 PTS) (Augustin 1 AST),,2:03,3,4.0,4,0,200748,Tyrus Thomas,CHA,Charlotte,1610612766.0,Bobcats,201571,D.J. Augustin,CHA,Charlotte,1610612766.0,Bobcats,0,,,,,,45 - 58,13,,8:50 PM
342,4,6,391,0021000275,,,1:49,3,5.0,4,1,2211,Troy Murphy,NJN,New Jersey,1610612751.0,Nets,201571,D.J. Augustin,CHA,Charlotte,1610612766.0,Bobcats,0,,,,,,,,Murphy OFF.Foul (P1),8:51 PM
343,5,5,392,0021000275,,,1:49,3,5.0,0,1,2211,Troy Murphy,NJN,New Jersey,1610612751.0,Nets,0,,,,,,0,,,,,,,,Murphy Foul Turnover (P1.T10),8:51 PM
344,0,8,393,0021000275,SUB: Diaw FOR Brown,,1:49,3,4.0,4,0,2198,Kwame Brown,CHA,Charlotte,1610612766.0,Bobcats,2564,Boris Diaw,CHA,Charlotte,1610612766.0,Bobcats,0,,,,,,,,,8:51 PM
345,0,8,394,0021000275,SUB: Jackson FOR Wallace,,1:49,3,4.0,4,0,2222,Gerald Wallace,CHA,Charlotte,1610612766.0,Bobcats,1536,Stephen Jackson,CHA,Charlotte,1610612766.0,Bobcats,0,,,,,,,,,8:51 PM
346,1,2,395,0021000275,MISS Augustin 13' Jump Shot,,1:33,3,4.0,0,0,201571,D.J. Augustin,CHA,Charlotte,1610612766.0,Bobcats,0,,,,,,0,,,,,,,,,8:51 PM
347,0,4,396,0021000275,,,1:32,3,5.0,0,0,202345,Damion James,NJN,New Jersey,1610612751.0,Nets,0,,,,,,0,,,,,,,,James REBOUND (Off:2 Def:3),8:51 PM
348,1,1,397,0021000275,,,1:20,3,5.0,5,0,201627,Anthony Morrow,NJN,New Jersey,1610612751.0,Nets,202345,Damion James,NJN,New Jersey,1610612751.0,Nets,0,,,,,,48 - 58,10,Morrow  3PT Jump Shot (12 PTS) (James 2 AST),8:51 PM
349,1,1,398,0021000275,Augustin 18' Jump Shot (12 PTS),,0:57,3,4.0,0,0,201571,D.J. Augustin,CHA,Charlotte,1610612766.0,Bobcats,0,,,,,,0,,,,,,48 - 60,12,,8:52 PM
350,40,5,399,0021000275,,,0:43,3,5.0,0,1,202345,Damion James,NJN,New Jersey,1610612751.0,Nets,0,,,,,,0,,,,,,,,James Out of Bounds Lost Ball Turnover (P2.T11),8:52 PM
351,1,2,400,0021000275,MISS Diaw 6' Jump Shot,,0:27,3,4.0,0,0,2564,Boris Diaw,CHA,Charlotte,1610612766.0,Bobcats,0,,,,,,0,,,,,,,,,8:52 PM
352,0,4,401,0021000275,Diaw REBOUND (Off:4 Def:11),,0:25,3,4.0,0,0,2564,Boris Diaw,CHA,Charlotte,1610612766.0,Bobcats,0,,,,,,0,,,,,,,,,8:52 PM
353,1,2,402,0021000275,MISS McGuire 6' Jump Shot,,0:23,3,4.0,0,0,201187,Dominic McGuire,CHA,Charlotte,1610612766.0,Bobcats,0,,,,,,0,,,,,,,,,8:52 PM
354,0,4,403,0021000275,,,0:22,3,5.0,0,0,201627,Anthony Morrow,NJN,New Jersey,1610612751.0,Nets,0,,,,,,0,,,,,,,,Morrow REBOUND (Off:0 Def:2),8:52 PM
355,1,2,404,0021000275,,,0:01,3,5.0,0,0,202386,Ben Uzoh,NJN,New Jersey,1610612751.0,Nets,0,,,,,,0,,,,,,,,MISS Uzoh 13' Jump Shot,8:53 PM
356,0,4,405,0021000275,,,0:00,3,5.0,0,0,202324,Derrick Favors,NJN,New Jersey,1610612751.0,Nets,0,,,,,,0,,,,,,,,Favors REBOUND (Off:2 Def:4),8:53 PM
357,5,2,406,0021000275,Jackson BLOCK (2 BLK),,0:00,3,5.0,0,4,202324,Derrick Favors,NJN,New Jersey,1610612751.0,Nets,0,,,,,,1536,Stephen Jackson,CHA,Charlotte,1610612766.0,Bobcats,,,MISS Favors 1' Layup,8:53 PM
358,0,4,408,0021000275,,,0:00,3,3.0,0,0,1610612751,,,,,,0,,,,,,0,,,,,,,,Nets Rebound,8:53 PM
359,0,13,407,0021000275,,,0:00,3,0.0,0,0,0,,,,,,0,,,,,,0,,,,,,48 - 60,12,,8:53 PM
360,0,12,410,0021000275,,,12:00,4,0.0,0,0,0,,,,,,0,,,,,,0,,,,,,48 - 60,12,,8:56 PM
361,4,5,411,0021000275,,,11:47,4,5.0,0,1,202324,Derrick Favors,NJN,New Jersey,1610612751.0,Nets,0,,,,,,0,,,,,,,,Favors Traveling Turnover (P2.T12),8:56 PM
362,1,2,412,0021000275,MISS Jackson 8' Jump Shot,,11:34,4,4.0,0,0,1536,Stephen Jackson,CHA,Charlotte,1610612766.0,Bobcats,0,,,,,,0,,,,,,,,,8:56 PM
363,0,4,413,0021000275,,,11:32,4,5.0,0,0,202345,Damion James,NJN,New Jersey,1610612751.0,Nets,0,,,,,,0,,,,,,,,James REBOUND (Off:2 Def:4),8:56 PM
364,1,6,414,0021000275,McGuire P.FOUL (P2.T1),,11:27,4,4.0,5,1,201187,Dominic McGuire,CHA,Charlotte,1610612766.0,Bobcats,201627,Anthony Morrow,NJN,New Jersey,1610612751.0,Nets,0,,,,,,,,,8:56 PM
365,0,8,415,0021000275,SUB: Livingston FOR Augustin,,11:27,4,4.0,4,0,201571,D.J. Augustin,CHA,Charlotte,1610612766.0,Bobcats,2733,Shaun Livingston,CHA,Charlotte,1610612766.0,Bobcats,0,,,,,,,,,8:57 PM
366,1,2,416,0021000275,,,11:11,4,5.0,0,0,202345,Damion James,NJN,New Jersey,1610612751.0,Nets,0,,,,,,0,,,,,,,,MISS James 24' 3PT Jump Shot,8:57 PM
367,0,4,417,0021000275,Livingston REBOUND (Off:0 Def:2),,11:10,4,4.0,0,0,2733,Shaun Livingston,CHA,Charlotte,1610612766.0,Bobcats,0,,,,,,0,,,,,,,,,8:57 PM
368,1,6,418,0021000275,,,11:03,4,5.0,4,1,201627,Anthony Morrow,NJN,New Jersey,1610612751.0,Nets,1536,Stephen Jackson,CHA,Charlotte,1610612766.0,Bobcats,0,,,,,,,,Morrow P.FOUL (P1.T1),8:57 PM
369,17,6,419,0021000275,,,10:54,4,5.0,0,1,2211,Troy Murphy,NJN,New Jersey,1610612751.0,Nets,0,,,,,,0,,,,,,,,Nets T.Foul (Def. 3 Sec Murphy ),8:58 PM
370,16,3,420,0021000275,Jackson Free Throw Technical (14 PTS),,10:54,4,4.0,0,0,1536,Stephen Jackson,CHA,Charlotte,1610612766.0,Bobcats,0,,,,,,0,,,,,,48 - 61,13,,8:58 PM
371,1,1,422,0021000275,Jackson 28' 3PT Jump Shot (17 PTS) (McGuire 2 AST),,10:44,4,4.0,4,0,1536,Stephen Jackson,CHA,Charlotte,1610612766.0,Bobcats,201187,Dominic McGuire,CHA,Charlotte,1610612766.0,Bobcats,0,,,,,,48 - 64,16,,8:58 PM
372,1,6,423,0021000275,McGuire P.FOUL (P3.T2),,10:36,4,4.0,5,1,201187,Dominic McGuire,CHA,Charlotte,1610612766.0,Bobcats,201627,Anthony Morrow,NJN,New Jersey,1610612751.0,Nets,0,,,,,,,,,8:59 PM
373,0,8,424,0021000275,,,10:36,4,5.0,5,0,202386,Ben Uzoh,NJN,New Jersey,1610612751.0,Nets,200770,Jordan Farmar,NJN,New Jersey,1610612751.0,Nets,0,,,,,,,,SUB: Farmar FOR Uzoh,8:59 PM
374,0,8,425,0021000275,,,10:36,4,5.0,5,0,202324,Derrick Favors,NJN,New Jersey,1610612751.0,Nets,201572,Brook Lopez,NJN,New Jersey,1610612751.0,Nets,0,,,,,,,,SUB: Lopez FOR Favors,8:59 PM
375,1,1,426,0021000275,,,10:16,4,5.0,0,0,201627,Anthony Morrow,NJN,New Jersey,1610612751.0,Nets,0,,,,,,0,,,,,,51 - 64,13,Morrow 27' 3PT Jump Shot (15 PTS),8:59 PM
376,1,5,428,0021000275,Diaw Bad Pass Turnover (P3.T13),,10:02,4,4.0,5,0,2564,Boris Diaw,CHA,Charlotte,1610612766.0,Bobcats,2211,Troy Murphy,NJN,New Jersey,1610612751.0,Nets,0,,,,,,,,Murphy STEAL (2 STL),9:00 PM
377,1,1,429,0021000275,,,9:55,4,5.0,5,0,201627,Anthony Morrow,NJN,New Jersey,1610612751.0,Nets,200770,Jordan Farmar,NJN,New Jersey,1610612751.0,Nets,0,,,,,,53 - 64,11,Morrow 12' Jump Shot (17 PTS) (Farmar 6 AST),9:00 PM
378,1,2,430,0021000275,MISS Jackson 17' Jump Shot,,9:34,4,4.0,0,0,1536,Stephen Jackson,CHA,Charlotte,1610612766.0,Bobcats,0,,,,,,0,,,,,,,,,9:00 PM
379,0,4,431,0021000275,,,9:33,4,5.0,0,0,200770,Jordan Farmar,NJN,New Jersey,1610612751.0,Nets,0,,,,,,0,,,,,,,,Farmar REBOUND (Off:0 Def:3),9:00 PM
380,1,2,432,0021000275,,,9:26,4,5.0,0,0,201627,Anthony Morrow,NJN,New Jersey,1610612751.0,Nets,0,,,,,,0,,,,,,,,MISS Morrow 26' 3PT Jump Shot,9:00 PM
381,0,4,433,0021000275,,,9:25,4,5.0,0,0,201572,Brook Lopez,NJN,New Jersey,1610612751.0,Nets,0,,,,,,0,,,,,,,,Lopez REBOUND (Off:1 Def:0),9:00 PM
382,2,6,434,0021000275,Jackson S.FOUL (P2.T3),,9:25,4,4.0,5,1,1536,Stephen Jackson,CHA,Charlotte,1610612766.0,Bobcats,201572,Brook Lopez,NJN,New Jersey,1610612751.0,Nets,0,,,,,,,,,9:00 PM
383,11,3,435,0021000275,,,9:25,4,5.0,0,0,201572,Brook Lopez,NJN,New Jersey,1610612751.0,Nets,0,,,,,,0,,,,,,,,MISS Lopez Free Throw 1 of 2,9:01 PM
384,1,4,436,0021000275,,,9:25,4,3.0,0,0,1610612751,,,,,,0,,,,,,0,,,,,,,,Nets Rebound,9:01 PM
385,0,8,437,0021000275,SUB: Mohammed FOR Diaw,,9:25,4,4.0,4,0,2564,Boris Diaw,CHA,Charlotte,1610612766.0,Bobcats,1737,Nazr Mohammed,CHA,Charlotte,1610612766.0,Bobcats,0,,,,,,,,,9:01 PM
386,12,3,438,0021000275,,,9:25,4,5.0,0,0,201572,Brook Lopez,NJN,New Jersey,1610612751.0,Nets,0,,,,,,0,,,,,,54 - 64,10,Lopez Free Throw 2 of 2 (6 PTS),9:01 PM
387,2,5,440,0021000275,Livingston Lost Ball Turnover (P1.T14),,9:10,4,4.0,5,0,2733,Shaun Livingston,CHA,Charlotte,1610612766.0,Bobcats,202345,Damion James,NJN,New Jersey,1610612751.0,Nets,0,,,,,,,,James STEAL (2 STL),9:01 PM
388,43,1,441,0021000275,,,8:54,4,5.0,5,0,201572,Brook Lopez,NJN,New Jersey,1610612751.0,Nets,200770,Jordan Farmar,NJN,New Jersey,1610612751.0,Nets,0,,,,,,56 - 64,8,Lopez 4' Alley Oop Layup (8 PTS) (Farmar 7 AST),9:02 PM
389,1,9,442,0021000275,BOBCATS Timeout: Regular (Full 4 Short 1),,8:54,4,2.0,0,0,1610612766,,,,,,0,,,,,,0,,,,,,,,,9:02 PM
390,0,8,444,0021000275,SUB: Augustin FOR McGuire,,8:54,4,4.0,4,0,201187,Dominic McGuire,CHA,Charlotte,1610612766.0,Bobcats,201571,D.J. Augustin,CHA,Charlotte,1610612766.0,Bobcats,0,,,,,,,,,9:04 PM
391,0,8,445,0021000275,SUB: Wallace FOR Thomas,,8:54,4,4.0,4,0,200748,Tyrus Thomas,CHA,Charlotte,1610612766.0,Bobcats,2222,Gerald Wallace,CHA,Charlotte,1610612766.0,Bobcats,0,,,,,,,,,9:04 PM
392,1,5,446,0021000275,Jackson Bad Pass Turnover (P4.T15),,8:41,4,4.0,5,0,1536,Stephen Jackson,CHA,Charlotte,1610612766.0,Bobcats,201572,Brook Lopez,NJN,New Jersey,1610612751.0,Nets,0,,,,,,,,Lopez STEAL (1 STL),9:04 PM
393,5,1,447,0021000275,,,8:35,4,5.0,5,0,202345,Damion James,NJN,New Jersey,1610612751.0,Nets,200770,Jordan Farmar,NJN,New Jersey,1610612751.0,Nets,0,,,,,,58 - 64,6,James 2' Layup (2 PTS) (Farmar 8 AST),9:05 PM
394,4,6,448,0021000275,Mohammed OFF.Foul (P3),,8:25,4,4.0,5,1,1737,Nazr Mohammed,CHA,Charlotte,1610612766.0,Bobcats,201627,Anthony Morrow,NJN,New Jersey,1610612751.0,Nets,0,,,,,,,,,9:05 PM
395,5,5,449,0021000275,Mohammed Foul Turnover (P1.T16),,8:25,4,4.0,0,1,1737,Nazr Mohammed,CHA,Charlotte,1610612766.0,Bobcats,0,,,,,,0,,,,,,,,,9:05 PM
396,1,1,450,0021000275,,,8:08,4,5.0,0,0,201572,Brook Lopez,NJN,New Jersey,1610612751.0,Nets,0,,,,,,0,,,,,,60 - 64,4,Lopez 5' Jump Shot (10 PTS),9:05 PM
397,2,6,451,0021000275,,,7:47,4,5.0,4,1,202345,Damion James,NJN,New Jersey,1610612751.0,Nets,1536,Stephen Jackson,CHA,Charlotte,1610612766.0,Bobcats,0,,,,,,,,James S.FOUL (P1.T2),9:06 PM
398,11,3,452,0021000275,Jackson Free Throw 1 of 2 (18 PTS),,7:47,4,4.0,0,0,1536,Stephen Jackson,CHA,Charlotte,1610612766.0,Bobcats,0,,,,,,0,,,,,,60 - 65,5,,9:06 PM
399,12,3,454,0021000275,Jackson Free Throw 2 of 2 (19 PTS),,7:47,4,4.0,0,0,1536,Stephen Jackson,CHA,Charlotte,1610612766.0,Bobcats,0,,,,,,0,,,,,,60 - 66,6,,9:06 PM
400,5,2,456,0021000275,,,7:35,4,5.0,0,0,200770,Jordan Farmar,NJN,New Jersey,1610612751.0,Nets,0,,,,,,0,,,,,,,,MISS Farmar 1' Layup,9:07 PM
401,0,4,457,0021000275,Mohammed REBOUND (Off:4 Def:7),,7:34,4,4.0,0,0,1737,Nazr Mohammed,CHA,Charlotte,1610612766.0,Bobcats,0,,,,,,0,,,,,,,,,9:07 PM
402,5,1,458,0021000275,Mohammed 1' Layup (12 PTS) (Jackson 5 AST),,7:16,4,4.0,4,0,1737,Nazr Mohammed,CHA,Charlotte,1610612766.0,Bobcats,1536,Stephen Jackson,CHA,Charlotte,1610612766.0,Bobcats,0,,,,,,60 - 68,8,,9:07 PM
403,1,2,459,0021000275,,,6:53,4,5.0,0,0,201572,Brook Lopez,NJN,New Jersey,1610612751.0,Nets,0,,,,,,0,,,,,,,,MISS Lopez 8' Jump Shot,9:07 PM
404,0,4,460,0021000275,Wallace REBOUND (Off:3 Def:6),,6:50,4,4.0,0,0,2222,Gerald Wallace,CHA,Charlotte,1610612766.0,Bobcats,0,,,,,,0,,,,,,,,,9:07 PM
405,1,2,461,0021000275,MISS Livingston 15' Jump Shot,,6:30,4,4.0,0,0,2733,Shaun Livingston,CHA,Charlotte,1610612766.0,Bobcats,0,,,,,,0,,,,,,,,,9:08 PM
406,0,4,462,0021000275,,,6:28,4,5.0,0,0,2211,Troy Murphy,NJN,New Jersey,1610612751.0,Nets,0,,,,,,0,,,,,,,,Murphy REBOUND (Off:1 Def:5),9:08 PM
407,1,2,463,0021000275,,,6:13,4,5.0,0,0,201572,Brook Lopez,NJN,New Jersey,1610612751.0,Nets,0,,,,,,0,,,,,,,,MISS Lopez 17' Jump Shot,9:08 PM
408,0,4,464,0021000275,Wallace REBOUND (Off:3 Def:7),,6:11,4,4.0,0,0,2222,Gerald Wallace,CHA,Charlotte,1610612766.0,Bobcats,0,,,,,,0,,,,,,,,,9:08 PM
409,4,6,465,0021000275,Jackson OFF.Foul (P3),,5:59,4,4.0,5,1,1536,Stephen Jackson,CHA,Charlotte,1610612766.0,Bobcats,200770,Jordan Farmar,NJN,New Jersey,1610612751.0,Nets,0,,,,,,,,,9:08 PM
410,5,5,466,0021000275,Jackson Foul Turnover (P5.T17),,5:59,4,4.0,0,1,1536,Stephen Jackson,CHA,Charlotte,1610612766.0,Bobcats,0,,,,,,0,,,,,,,,,9:08 PM
411,4,9,467,0021000275,,,5:59,4,1.0,0,0,0,,,,,,0,,,,,,0,,,,,,,,,9:08 PM
412,0,8,469,0021000275,,,5:59,4,5.0,5,0,202345,Damion James,NJN,New Jersey,1610612751.0,Nets,2566,Travis Outlaw,NJN,New Jersey,1610612751.0,Nets,0,,,,,,,,SUB: Outlaw FOR James,9:10 PM
413,0,8,470,0021000275,SUB: Diaw FOR Livingston,,5:59,4,4.0,4,0,2733,Shaun Livingston,CHA,Charlotte,1610612766.0,Bobcats,2564,Boris Diaw,CHA,Charlotte,1610612766.0,Bobcats,0,,,,,,,,,9:10 PM
414,1,2,471,0021000275,,,5:38,4,5.0,0,0,2211,Troy Murphy,NJN,New Jersey,1610612751.0,Nets,0,,,,,,0,,,,,,,,MISS Murphy 24' 3PT Jump Shot,9:11 PM
415,0,4,472,0021000275,Wallace REBOUND (Off:3 Def:8),,5:36,4,4.0,0,0,2222,Gerald Wallace,CHA,Charlotte,1610612766.0,Bobcats,0,,,,,,0,,,,,,,,,9:11 PM
416,1,2,473,0021000275,MISS Wallace 19' Jump Shot,,5:19,4,4.0,0,0,2222,Gerald Wallace,CHA,Charlotte,1610612766.0,Bobcats,0,,,,,,0,,,,,,,,,9:11 PM
417,0,4,474,0021000275,,,5:18,4,5.0,0,0,2211,Troy Murphy,NJN,New Jersey,1610612751.0,Nets,0,,,,,,0,,,,,,,,Murphy REBOUND (Off:1 Def:6),9:11 PM
418,4,5,475,0021000275,,,5:07,4,5.0,0,1,201572,Brook Lopez,NJN,New Jersey,1610612751.0,Nets,0,,,,,,0,,,,,,,,Lopez Traveling Turnover (P1.T13),9:11 PM
419,17,6,476,0021000275,,,5:00,4,5.0,0,1,201572,Brook Lopez,NJN,New Jersey,1610612751.0,Nets,0,,,,,,0,,,,,,,,Nets T.Foul (Def. 3 Sec Lopez ),9:12 PM
420,16,3,477,0021000275,Augustin Free Throw Technical (13 PTS),,5:00,4,4.0,0,0,201571,D.J. Augustin,CHA,Charlotte,1610612766.0,Bobcats,0,,,,,,0,,,,,,60 - 69,9,,9:12 PM
421,2,5,479,0021000275,Augustin Lost Ball Turnover (P2.T18),,4:49,4,4.0,5,0,201571,D.J. Augustin,CHA,Charlotte,1610612766.0,Bobcats,2211,Troy Murphy,NJN,New Jersey,1610612751.0,Nets,0,,,,,,,,Murphy STEAL (3 STL),9:13 PM
422,1,1,480,0021000275,,,4:42,4,5.0,5,0,2566,Travis Outlaw,NJN,New Jersey,1610612751.0,Nets,200770,Jordan Farmar,NJN,New Jersey,1610612751.0,Nets,0,,,,,,62 - 69,7,Outlaw 22' Jump Shot (16 PTS) (Farmar 9 AST),9:13 PM
423,5,1,481,0021000275,Diaw 1' Layup (11 PTS) (Jackson 6 AST),,4:28,4,4.0,4,0,2564,Boris Diaw,CHA,Charlotte,1610612766.0,Bobcats,1536,Stephen Jackson,CHA,Charlotte,1610612766.0,Bobcats,0,,,,,,62 - 71,9,,9:13 PM
424,2,6,482,0021000275,,,4:28,4,5.0,4,1,201572,Brook Lopez,NJN,New Jersey,1610612751.0,Nets,2564,Boris Diaw,CHA,Charlotte,1610612766.0,Bobcats,0,,,,,,,,Lopez S.FOUL (P4.T3),9:13 PM
425,10,3,483,0021000275,MISS Diaw Free Throw 1 of 1,,4:28,4,4.0,0,0,2564,Boris Diaw,CHA,Charlotte,1610612766.0,Bobcats,0,,,,,,0,,,,,,,,,9:13 PM
426,0,4,485,0021000275,,,4:26,4,5.0,0,0,2211,Troy Murphy,NJN,New Jersey,1610612751.0,Nets,0,,,,,,0,,,,,,,,Murphy REBOUND (Off:1 Def:7),9:13 PM
427,1,2,486,0021000275,,,4:13,4,5.0,0,0,2566,Travis Outlaw,NJN,New Jersey,1610612751.0,Nets,0,,,,,,0,,,,,,,,MISS Outlaw  3PT Jump Shot,9:14 PM
428,0,4,487,0021000275,Jackson REBOUND (Off:2 Def:2),,4:11,4,4.0,0,0,1536,Stephen Jackson,CHA,Charlotte,1610612766.0,Bobcats,0,,,,,,0,,,,,,,,,9:14 PM
429,1,6,488,0021000275,,,4:06,4,5.0,4,1,2566,Travis Outlaw,NJN,New Jersey,1610612751.0,Nets,2222,Gerald Wallace,CHA,Charlotte,1610612766.0,Bobcats,0,,,,,,,,Outlaw P.FOUL (P1.T4),9:14 PM
430,4,6,489,0021000275,Mohammed OFF.Foul (P4),,3:59,4,4.0,5,1,1737,Nazr Mohammed,CHA,Charlotte,1610612766.0,Bobcats,2211,Troy Murphy,NJN,New Jersey,1610612751.0,Nets,0,,,,,,,,,9:14 PM
431,5,5,490,0021000275,Mohammed Foul Turnover (P2.T19),,3:59,4,4.0,0,1,1737,Nazr Mohammed,CHA,Charlotte,1610612766.0,Bobcats,0,,,,,,0,,,,,,,,,9:14 PM
432,1,2,491,0021000275,,,3:39,4,5.0,0,0,201572,Brook Lopez,NJN,New Jersey,1610612751.0,Nets,0,,,,,,0,,,,,,,,MISS Lopez 6' Jump Shot,9:15 PM
433,0,4,492,0021000275,Jackson REBOUND (Off:2 Def:3),,3:37,4,4.0,0,0,1536,Stephen Jackson,CHA,Charlotte,1610612766.0,Bobcats,0,,,,,,0,,,,,,,,,9:15 PM
434,1,5,493,0021000275,Augustin Bad Pass Turnover (P3.T20),,3:24,4,4.0,0,0,201571,D.J. Augustin,CHA,Charlotte,1610612766.0,Bobcats,0,,,,,,0,,,,,,,,,9:15 PM
435,1,9,494,0021000275,,,3:24,4,3.0,0,0,1610612751,,,,,,0,,,,,,0,,,,,,,,Nets Timeout: Regular (Reg.4 Short 1),9:15 PM
436,5,2,496,0021000275,Wallace BLOCK (4 BLK),,3:12,4,5.0,0,4,200770,Jordan Farmar,NJN,New Jersey,1610612751.0,Nets,0,,,,,,2222,Gerald Wallace,CHA,Charlotte,1610612766.0,Bobcats,,,MISS Farmar 2' Layup,9:18 PM
437,0,4,497,0021000275,Wallace REBOUND (Off:3 Def:9),,3:10,4,4.0,0,0,2222,Gerald Wallace,CHA,Charlotte,1610612766.0,Bobcats,0,,,,,,0,,,,,,,,,9:18 PM
438,1,2,498,0021000275,MISS Mohammed 8' Jump Shot,,2:55,4,4.0,0,0,1737,Nazr Mohammed,CHA,Charlotte,1610612766.0,Bobcats,0,,,,,,0,,,,,,,,,9:18 PM
439,0,4,499,0021000275,Augustin REBOUND (Off:2 Def:2),,2:54,4,4.0,0,0,201571,D.J. Augustin,CHA,Charlotte,1610612766.0,Bobcats,0,,,,,,0,,,,,,,,,9:18 PM
440,2,5,500,0021000275,Augustin Lost Ball Turnover (P4.T21),,2:50,4,4.0,5,0,201571,D.J. Augustin,CHA,Charlotte,1610612766.0,Bobcats,201627,Anthony Morrow,NJN,New Jersey,1610612751.0,Nets,0,,,,,,,,Morrow STEAL (1 STL),9:18 PM
441,5,1,501,0021000275,,,2:48,4,5.0,0,0,200770,Jordan Farmar,NJN,New Jersey,1610612751.0,Nets,0,,,,,,0,,,,,,64 - 71,7,Farmar 2' Layup (10 PTS),9:18 PM
442,2,6,502,0021000275,Wallace S.FOUL (P4.T4),,2:48,4,4.0,5,1,2222,Gerald Wallace,CHA,Charlotte,1610612766.0,Bobcats,200770,Jordan Farmar,NJN,New Jersey,1610612751.0,Nets,0,,,,,,,,,9:18 PM
443,10,3,503,0021000275,,,2:48,4,5.0,0,0,200770,Jordan Farmar,NJN,New Jersey,1610612751.0,Nets,0,,,,,,0,,,,,,65 - 71,6,Farmar Free Throw 1 of 1 (11 PTS),9:19 PM
444,1,1,505,0021000275,Wallace 22' Jump Shot (8 PTS) (Mohammed 1 AST),,2:32,4,4.0,4,0,2222,Gerald Wallace,CHA,Charlotte,1610612766.0,Bobcats,1737,Nazr Mohammed,CHA,Charlotte,1610612766.0,Bobcats,0,,,,,,65 - 73,8,,9:19 PM
445,1,2,506,0021000275,,,2:22,4,5.0,0,0,200770,Jordan Farmar,NJN,New Jersey,1610612751.0,Nets,0,,,,,,0,,,,,,,,MISS Farmar 27' 3PT Jump Shot,9:19 PM
446,0,4,507,0021000275,,,2:22,4,3.0,0,0,1610612751,,,,,,0,,,,,,0,,,,,,,,Nets Rebound,9:20 PM
447,3,6,508,0021000275,Mohammed L.B.FOUL (P5.PN),,2:22,4,4.0,5,1,1737,Nazr Mohammed,CHA,Charlotte,1610612766.0,Bobcats,201572,Brook Lopez,NJN,New Jersey,1610612751.0,Nets,0,,,,,,,,,9:20 PM
448,11,3,509,0021000275,,,2:22,4,5.0,0,0,201572,Brook Lopez,NJN,New Jersey,1610612751.0,Nets,0,,,,,,0,,,,,,66 - 73,7,Lopez Free Throw 1 of 2 (11 PTS),9:20 PM
449,12,3,511,0021000275,,,2:22,4,5.0,0,0,201572,Brook Lopez,NJN,New Jersey,1610612751.0,Nets,0,,,,,,0,,,,,,67 - 73,6,Lopez Free Throw 2 of 2 (12 PTS),9:20 PM
450,5,1,513,0021000275,Mohammed 1' Layup (14 PTS) (Diaw 7 AST),,2:01,4,4.0,4,0,1737,Nazr Mohammed,CHA,Charlotte,1610612766.0,Bobcats,2564,Boris Diaw,CHA,Charlotte,1610612766.0,Bobcats,0,,,,,,67 - 75,8,,9:21 PM
451,1,1,514,0021000275,,,1:46,4,5.0,5,0,2566,Travis Outlaw,NJN,New Jersey,1610612751.0,Nets,2211,Troy Murphy,NJN,New Jersey,1610612751.0,Nets,0,,,,,,70 - 75,5,Outlaw  3PT Jump Shot (19 PTS) (Murphy 2 AST),9:21 PM
452,1,1,515,0021000275,Wallace 22' Jump Shot (10 PTS) (Mohammed 2 AST),,1:32,4,4.0,4,0,2222,Gerald Wallace,CHA,Charlotte,1610612766.0,Bobcats,1737,Nazr Mohammed,CHA,Charlotte,1610612766.0,Bobcats,0,,,,,,70 - 77,7,,9:21 PM
453,2,6,516,0021000275,Augustin S.FOUL (P2.PN),,1:23,4,4.0,5,1,201571,D.J. Augustin,CHA,Charlotte,1610612766.0,Bobcats,200770,Jordan Farmar,NJN,New Jersey,1610612751.0,Nets,0,,,,,,,,,9:22 PM
454,11,3,517,0021000275,,,1:23,4,5.0,0,0,200770,Jordan Farmar,NJN,New Jersey,1610612751.0,Nets,0,,,,,,0,,,,,,71 - 77,6,Farmar Free Throw 1 of 2 (12 PTS),9:22 PM
455,0,8,519,0021000275,,,1:23,4,5.0,5,0,2566,Travis Outlaw,NJN,New Jersey,1610612751.0,Nets,202345,Damion James,NJN,New Jersey,1610612751.0,Nets,0,,,,,,,,SUB: James FOR Outlaw,9:22 PM
456,0,8,520,0021000275,,,1:23,4,5.0,5,0,201627,Anthony Morrow,NJN,New Jersey,1610612751.0,Nets,101211,Stephen Graham,NJN,New Jersey,1610612751.0,Nets,0,,,,,,,,SUB: Graham FOR Morrow,9:22 PM
457,0,8,521,0021000275,,,1:23,4,5.0,5,0,2211,Troy Murphy,NJN,New Jersey,1610612751.0,Nets,2743,Kris Humphries,NJN,New Jersey,1610612751.0,Nets,0,,,,,,,,SUB: Humphries FOR Murphy,9:22 PM
458,12,3,522,0021000275,,,1:23,4,5.0,0,0,200770,Jordan Farmar,NJN,New Jersey,1610612751.0,Nets,0,,,,,,0,,,,,,72 - 77,5,Farmar Free Throw 2 of 2 (13 PTS),9:22 PM
459,1,2,524,0021000275,MISS Mohammed 14' Jump Shot,,0:59,4,4.0,0,0,1737,Nazr Mohammed,CHA,Charlotte,1610612766.0,Bobcats,0,,,,,,0,,,,,,,,,9:23 PM
460,0,4,525,0021000275,,,0:57,4,5.0,0,0,200770,Jordan Farmar,NJN,New Jersey,1610612751.0,Nets,0,,,,,,0,,,,,,,,Farmar REBOUND (Off:0 Def:4),9:23 PM
461,1,9,526,0021000275,,,0:53,4,3.0,0,0,1610612751,,,,,,0,,,,,,0,,,,,,,,Nets Timeout: Regular (Reg.5 Short 1),9:23 PM
462,0,8,528,0021000275,,,0:53,4,5.0,5,0,2743,Kris Humphries,NJN,New Jersey,1610612751.0,Nets,201627,Anthony Morrow,NJN,New Jersey,1610612751.0,Nets,0,,,,,,,,SUB: Morrow FOR Humphries,9:25 PM
463,0,8,529,0021000275,,,0:53,4,5.0,5,0,101211,Stephen Graham,NJN,New Jersey,1610612751.0,Nets,2211,Troy Murphy,NJN,New Jersey,1610612751.0,Nets,0,,,,,,,,SUB: Murphy FOR Graham,9:25 PM
464,0,8,530,0021000275,,,0:53,4,5.0,5,0,202345,Damion James,NJN,New Jersey,1610612751.0,Nets,2566,Travis Outlaw,NJN,New Jersey,1610612751.0,Nets,0,,,,,,,,SUB: Outlaw FOR James,9:25 PM
465,0,8,531,0021000275,SUB: McGuire FOR Mohammed,,0:53,4,4.0,4,0,1737,Nazr Mohammed,CHA,Charlotte,1610612766.0,Bobcats,201187,Dominic McGuire,CHA,Charlotte,1610612766.0,Bobcats,0,,,,,,,,,9:25 PM
466,1,1,532,0021000275,,,0:36,4,5.0,0,0,201627,Anthony Morrow,NJN,New Jersey,1610612751.0,Nets,0,,,,,,0,,,,,,74 - 77,3,Morrow 18' Jump Shot (19 PTS),9:25 PM
467,1,6,533,0021000275,,,0:23,4,5.0,4,1,201627,Anthony Morrow,NJN,New Jersey,1610612751.0,Nets,1536,Stephen Jackson,CHA,Charlotte,1610612766.0,Bobcats,0,,,,,,,,Morrow P.FOUL (P2.PN),9:26 PM
468,11,3,534,0021000275,Jackson Free Throw 1 of 2 (20 PTS),,0:23,4,4.0,0,0,1536,Stephen Jackson,CHA,Charlotte,1610612766.0,Bobcats,0,,,,,,0,,,,,,74 - 78,4,,9:26 PM
469,12,3,536,0021000275,Jackson Free Throw 2 of 2 (21 PTS),,0:23,4,4.0,0,0,1536,Stephen Jackson,CHA,Charlotte,1610612766.0,Bobcats,0,,,,,,0,,,,,,74 - 79,5,,9:26 PM
470,2,9,538,0021000275,,,0:23,4,3.0,0,0,1610612751,,,,,,0,,,,,,0,,,,,,,,Nets Timeout: Short (Reg.5 Short 2),9:27 PM
471,0,8,540,0021000275,,,0:23,4,5.0,5,0,201572,Brook Lopez,NJN,New Jersey,1610612751.0,Nets,2743,Kris Humphries,NJN,New Jersey,1610612751.0,Nets,0,,,,,,,,SUB: Humphries FOR Lopez,9:28 PM
472,1,1,541,0021000275,,,0:16,4,5.0,5,0,200770,Jordan Farmar,NJN,New Jersey,1610612751.0,Nets,2211,Troy Murphy,NJN,New Jersey,1610612751.0,Nets,0,,,,,,77 - 79,2,Farmar 28' 3PT Jump Shot (16 PTS) (Murphy 3 AST),9:28 PM
473,1,6,542,0021000275,,,0:11,4,5.0,4,1,2211,Troy Murphy,NJN,New Jersey,1610612751.0,Nets,2222,Gerald Wallace,CHA,Charlotte,1610612766.0,Bobcats,0,,,,,,,,Murphy P.FOUL (P2.PN),9:28 PM
474,11,3,543,0021000275,MISS Wallace Free Throw 1 of 2,,0:11,4,4.0,0,0,2222,Gerald Wallace,CHA,Charlotte,1610612766.0,Bobcats,0,,,,,,0,,,,,,,,,9:29 PM
475,1,4,544,0021000275,BOBCATS Rebound,,0:11,4,2.0,0,0,1610612766,,,,,,0,,,,,,0,,,,,,,,,9:29 PM
476,0,8,545,0021000275,,,0:11,4,5.0,5,0,200770,Jordan Farmar,NJN,New Jersey,1610612751.0,Nets,201572,Brook Lopez,NJN,New Jersey,1610612751.0,Nets,0,,,,,,,,SUB: Lopez FOR Farmar,9:29 PM
477,0,8,546,0021000275,,,0:11,4,5.0,5,0,201627,Anthony Morrow,NJN,New Jersey,1610612751.0,Nets,202324,Derrick Favors,NJN,New Jersey,1610612751.0,Nets,0,,,,,,,,SUB: Favors FOR Morrow,9:29 PM
478,12,3,547,0021000275,MISS Wallace Free Throw 2 of 2,,0:11,4,4.0,0,0,2222,Gerald Wallace,CHA,Charlotte,1610612766.0,Bobcats,0,,,,,,0,,,,,,,,,9:29 PM
479,0,4,549,0021000275,BOBCATS Rebound,,0:10,4,2.0,0,0,1610612766,,,,,,0,,,,,,0,,,,,,,,,9:29 PM
480,0,8,550,0021000275,,,0:10,4,5.0,5,0,202324,Derrick Favors,NJN,New Jersey,1610612751.0,Nets,201627,Anthony Morrow,NJN,New Jersey,1610612751.0,Nets,0,,,,,,,,SUB: Morrow FOR Favors,9:30 PM
481,0,8,551,0021000275,,,0:10,4,5.0,5,0,2211,Troy Murphy,NJN,New Jersey,1610612751.0,Nets,200770,Jordan Farmar,NJN,New Jersey,1610612751.0,Nets,0,,,,,,,,SUB: Farmar FOR Murphy,9:30 PM
482,2,9,552,0021000275,BOBCATS Timeout: Short (Full 4 Short 2),,0:10,4,2.0,0,0,1610612766,,,,,,0,,,,,,0,,,,,,,,,9:30 PM
483,2,9,554,0021000275,BOBCATS Timeout: Short (Full 4 Short 3),,0:10,4,2.0,0,0,1610612766,,,,,,0,,,,,,0,,,,,,,,,9:31 PM
484,1,5,555,0021000275,Diaw Bad Pass Turnover (P4.T22),,0:09,4,4.0,5,0,2564,Boris Diaw,CHA,Charlotte,1610612766.0,Bobcats,2566,Travis Outlaw,NJN,New Jersey,1610612751.0,Nets,0,,,,,,,,Outlaw STEAL (2 STL),9:32 PM
485,1,6,556,0021000275,Wallace P.FOUL (P5.PN),,0:09,4,4.0,5,1,2222,Gerald Wallace,CHA,Charlotte,1610612766.0,Bobcats,2566,Travis Outlaw,NJN,New Jersey,1610612751.0,Nets,0,,,,,,,,,9:32 PM
486,11,3,557,0021000275,,,0:09,4,5.0,0,0,2566,Travis Outlaw,NJN,New Jersey,1610612751.0,Nets,0,,,,,,0,,,,,,78 - 79,1,Outlaw Free Throw 1 of 2 (20 PTS),9:33 PM
487,0,8,559,0021000275,SUB: Thomas FOR McGuire,,0:09,4,4.0,4,0,201187,Dominic McGuire,CHA,Charlotte,1610612766.0,Bobcats,200748,Tyrus Thomas,CHA,Charlotte,1610612766.0,Bobcats,0,,,,,,,,,9:33 PM
488,0,8,560,0021000275,,,0:09,4,5.0,5,0,201627,Anthony Morrow,NJN,New Jersey,1610612751.0,Nets,202345,Damion James,NJN,New Jersey,1610612751.0,Nets,0,,,,,,,,SUB: James FOR Morrow,9:33 PM
489,12,3,561,0021000275,,,0:09,4,5.0,0,0,2566,Travis Outlaw,NJN,New Jersey,1610612751.0,Nets,0,,,,,,0,,,,,,79 - 79,TIE,Outlaw Free Throw 2 of 2 (21 PTS),9:33 PM
490,1,2,563,0021000275,MISS Augustin 15' Jump Shot,,0:01,4,4.0,0,0,201571,D.J. Augustin,CHA,Charlotte,1610612766.0,Bobcats,0,,,,,,0,,,,,,,,,9:34 PM
491,0,4,564,0021000275,,,0:00,4,5.0,0,0,202345,Damion James,NJN,New Jersey,1610612751.0,Nets,0,,,,,,0,,,,,,,,James REBOUND (Off:2 Def:5),9:34 PM
492,0,13,565,0021000275,,,0:00,4,0.0,0,0,0,,,,,,0,,,,,,0,,,,,,79 - 79,TIE,,9:34 PM
493,0,12,567,0021000275,,,5:00,5,0.0,0,0,0,,,,,,0,,,,,,0,,,,,,79 - 79,TIE,,9:36 PM
494,0,10,568,0021000275,Jump Ball Thomas vs. Lopez: Tip to Humphries,,5:00,5,4.0,5,5,200748,Tyrus Thomas,CHA,Charlotte,1610612766.0,Bobcats,201572,Brook Lopez,NJN,New Jersey,1610612751.0,Nets,2743,Kris Humphries,NJN,New Jersey,1610612751.0,Nets,,,,9:36 PM
495,1,2,569,0021000275,,,4:41,5,5.0,0,0,2566,Travis Outlaw,NJN,New Jersey,1610612751.0,Nets,0,,,,,,0,,,,,,,,MISS Outlaw 16' Jump Shot,9:37 PM
496,0,4,570,0021000275,Diaw REBOUND (Off:4 Def:12),,4:39,5,4.0,0,0,2564,Boris Diaw,CHA,Charlotte,1610612766.0,Bobcats,0,,,,,,0,,,,,,,,,9:37 PM
497,1,9,571,0021000275,BOBCATS Timeout: Regular (Full 5 Short 3),,4:34,5,2.0,0,0,1610612766,,,,,,0,,,,,,0,,,,,,,,,9:37 PM
498,0,8,573,0021000275,SUB: McGuire FOR Jackson,,4:34,5,4.0,4,0,1536,Stephen Jackson,CHA,Charlotte,1610612766.0,Bobcats,201187,Dominic McGuire,CHA,Charlotte,1610612766.0,Bobcats,0,,,,,,,,,9:38 PM
499,1,2,574,0021000275,MISS McGuire 19' Jump Shot,,4:21,5,4.0,0,0,201187,Dominic McGuire,CHA,Charlotte,1610612766.0,Bobcats,0,,,,,,0,,,,,,,,,9:39 PM
500,0,4,575,0021000275,,,4:19,5,5.0,0,0,2743,Kris Humphries,NJN,New Jersey,1610612751.0,Nets,0,,,,,,0,,,,,,,,Humphries REBOUND (Off:1 Def:5),9:39 PM
501,1,2,576,0021000275,,,4:04,5,5.0,0,0,201572,Brook Lopez,NJN,New Jersey,1610612751.0,Nets,0,,,,,,0,,,,,,,,MISS Lopez 8' Jump Shot,9:39 PM
502,0,4,577,0021000275,McGuire REBOUND (Off:1 Def:2),,4:03,5,4.0,0,0,201187,Dominic McGuire,CHA,Charlotte,1610612766.0,Bobcats,0,,,,,,0,,,,,,,,,9:39 PM
503,1,1,578,0021000275,Thomas 14' Jump Shot (10 PTS) (Diaw 8 AST),,3:48,5,4.0,4,0,200748,Tyrus Thomas,CHA,Charlotte,1610612766.0,Bobcats,2564,Boris Diaw,CHA,Charlotte,1610612766.0,Bobcats,0,,,,,,79 - 81,2,,9:40 PM
504,4,6,579,0021000275,,,3:35,5,5.0,4,1,201572,Brook Lopez,NJN,New Jersey,1610612751.0,Nets,2564,Boris Diaw,CHA,Charlotte,1610612766.0,Bobcats,0,,,,,,,,Lopez OFF.Foul (P5),9:40 PM
505,5,5,580,0021000275,,,3:35,5,5.0,0,1,201572,Brook Lopez,NJN,New Jersey,1610612751.0,Nets,0,,,,,,0,,,,,,,,Lopez Foul Turnover (P2.T14),9:40 PM
506,1,2,581,0021000275,MISS Thomas 18' Jump Shot,,3:24,5,4.0,0,0,200748,Tyrus Thomas,CHA,Charlotte,1610612766.0,Bobcats,0,,,,,,0,,,,,,,,,9:40 PM
507,0,4,582,0021000275,,,3:22,5,5.0,0,0,201627,Anthony Morrow,NJN,New Jersey,1610612751.0,Nets,0,,,,,,0,,,,,,,,Morrow REBOUND (Off:0 Def:3),9:40 PM
508,1,2,583,0021000275,,,3:14,5,5.0,0,0,201627,Anthony Morrow,NJN,New Jersey,1610612751.0,Nets,0,,,,,,0,,,,,,,,MISS Morrow 11' Jump Shot,9:40 PM
509,0,4,584,0021000275,,,3:12,5,5.0,0,0,201627,Anthony Morrow,NJN,New Jersey,1610612751.0,Nets,0,,,,,,0,,,,,,,,Morrow REBOUND (Off:1 Def:3),9:40 PM
510,1,2,585,0021000275,,,3:01,5,5.0,0,0,200770,Jordan Farmar,NJN,New Jersey,1610612751.0,Nets,0,,,,,,0,,,,,,,,MISS Farmar 22' Jump Shot,9:41 PM
511,0,4,586,0021000275,McGuire REBOUND (Off:1 Def:3),,2:58,5,4.0,0,0,201187,Dominic McGuire,CHA,Charlotte,1610612766.0,Bobcats,0,,,,,,0,,,,,,,,,9:41 PM
512,5,2,587,0021000275,MISS Augustin 3' Layup,,2:44,5,4.0,0,0,201571,D.J. Augustin,CHA,Charlotte,1610612766.0,Bobcats,0,,,,,,0,,,,,,,,,9:41 PM
513,0,4,588,0021000275,,,2:43,5,5.0,0,0,2743,Kris Humphries,NJN,New Jersey,1610612751.0,Nets,0,,,,,,0,,,,,,,,Humphries REBOUND (Off:1 Def:6),9:41 PM
514,5,2,589,0021000275,Thomas BLOCK (2 BLK),,2:37,5,5.0,0,4,201627,Anthony Morrow,NJN,New Jersey,1610612751.0,Nets,0,,,,,,200748,Tyrus Thomas,CHA,Charlotte,1610612766.0,Bobcats,,,MISS Morrow 2' Layup,9:41 PM
515,0,4,590,0021000275,McGuire REBOUND (Off:1 Def:4),,2:36,5,4.0,0,0,201187,Dominic McGuire,CHA,Charlotte,1610612766.0,Bobcats,0,,,,,,0,,,,,,,,,9:41 PM
516,1,2,592,0021000275,MISS Thomas 6' Jump Shot,,2:19,5,4.0,0,0,200748,Tyrus Thomas,CHA,Charlotte,1610612766.0,Bobcats,0,,,,,,0,,,,,,,,,9:42 PM
517,0,4,593,0021000275,,,2:18,5,5.0,0,0,2743,Kris Humphries,NJN,New Jersey,1610612751.0,Nets,0,,,,,,0,,,,,,,,Humphries REBOUND (Off:1 Def:7),9:42 PM
518,1,9,594,0021000275,,,2:18,5,3.0,0,0,1610612751,,,,,,0,,,,,,0,,,,,,,,Nets Timeout: Regular (Reg.6 Short 2),9:42 PM
519,0,8,596,0021000275,,,2:18,5,5.0,5,0,2743,Kris Humphries,NJN,New Jersey,1610612751.0,Nets,202345,Damion James,NJN,New Jersey,1610612751.0,Nets,0,,,,,,,,SUB: James FOR Humphries,9:44 PM
520,1,2,597,0021000275,,,2:00,5,5.0,0,0,201627,Anthony Morrow,NJN,New Jersey,1610612751.0,Nets,0,,,,,,0,,,,,,,,MISS Morrow  3PT Jump Shot,9:44 PM
521,0,4,598,0021000275,,,1:58,5,5.0,0,0,201572,Brook Lopez,NJN,New Jersey,1610612751.0,Nets,0,,,,,,0,,,,,,,,Lopez REBOUND (Off:2 Def:0),9:44 PM
522,2,6,599,0021000275,McGuire S.FOUL (P4.T1),,1:57,5,4.0,5,1,201187,Dominic McGuire,CHA,Charlotte,1610612766.0,Bobcats,201572,Brook Lopez,NJN,New Jersey,1610612751.0,Nets,0,,,,,,,,,9:44 PM
523,11,3,600,0021000275,,,1:57,5,5.0,0,0,201572,Brook Lopez,NJN,New Jersey,1610612751.0,Nets,0,,,,,,0,,,,,,80 - 81,1,Lopez Free Throw 1 of 2 (13 PTS),9:44 PM
524,0,8,602,0021000275,SUB: Jackson FOR McGuire,,1:57,5,4.0,4,0,201187,Dominic McGuire,CHA,Charlotte,1610612766.0,Bobcats,1536,Stephen Jackson,CHA,Charlotte,1610612766.0,Bobcats,0,,,,,,,,,9:45 PM
525,12,3,603,0021000275,,,1:57,5,5.0,0,0,201572,Brook Lopez,NJN,New Jersey,1610612751.0,Nets,0,,,,,,0,,,,,,,,MISS Lopez Free Throw 2 of 2,9:45 PM
526,0,4,605,0021000275,Wallace REBOUND (Off:3 Def:10),,1:56,5,4.0,0,0,2222,Gerald Wallace,CHA,Charlotte,1610612766.0,Bobcats,0,,,,,,0,,,,,,,,,9:45 PM
527,5,2,606,0021000275,MISS Augustin  Layup,,1:43,5,4.0,0,0,201571,D.J. Augustin,CHA,Charlotte,1610612766.0,Bobcats,0,,,,,,0,,,,,,,,,9:45 PM
528,0,4,607,0021000275,,,1:42,5,5.0,0,0,200770,Jordan Farmar,NJN,New Jersey,1610612751.0,Nets,0,,,,,,0,,,,,,,,Farmar REBOUND (Off:0 Def:5),9:45 PM
529,5,2,609,0021000275,Wallace BLOCK (5 BLK),,1:35,5,5.0,0,4,201572,Brook Lopez,NJN,New Jersey,1610612751.0,Nets,0,,,,,,2222,Gerald Wallace,CHA,Charlotte,1610612766.0,Bobcats,,,MISS Lopez 1' Layup,9:46 PM
530,0,4,610,0021000275,,,1:35,5,3.0,0,0,1610612751,,,,,,0,,,,,,0,,,,,,,,Nets Rebound,9:46 PM
531,1,2,611,0021000275,,,1:29,5,5.0,0,0,200770,Jordan Farmar,NJN,New Jersey,1610612751.0,Nets,0,,,,,,0,,,,,,,,MISS Farmar 17' Jump Shot,9:46 PM
532,0,4,612,0021000275,Augustin REBOUND (Off:2 Def:3),,1:28,5,4.0,0,0,201571,D.J. Augustin,CHA,Charlotte,1610612766.0,Bobcats,0,,,,,,0,,,,,,,,,9:46 PM
533,71,1,613,0021000275,Wallace 1' Finger Roll Layup (12 PTS) (Augustin 2 AST),,1:24,5,4.0,4,0,2222,Gerald Wallace,CHA,Charlotte,1610612766.0,Bobcats,201571,D.J. Augustin,CHA,Charlotte,1610612766.0,Bobcats,0,,,,,,80 - 83,3,,9:46 PM
534,1,2,614,0021000275,,,1:00,5,5.0,0,0,2566,Travis Outlaw,NJN,New Jersey,1610612751.0,Nets,0,,,,,,0,,,,,,,,MISS Outlaw 21' Jump Shot,9:46 PM
535,0,4,615,0021000275,BOBCATS Rebound,,1:00,5,2.0,0,0,1610612766,,,,,,0,,,,,,0,,,,,,,,,9:46 PM
536,1,1,616,0021000275,Thomas 18' Jump Shot (12 PTS) (Augustin 3 AST),,0:46,5,4.0,4,0,200748,Tyrus Thomas,CHA,Charlotte,1610612766.0,Bobcats,201571,D.J. Augustin,CHA,Charlotte,1610612766.0,Bobcats,0,,,,,,80 - 85,5,,9:47 PM
537,1,9,617,0021000275,,,0:46,5,3.0,0,0,1610612751,,,,,,0,,,,,,0,,,,,,,,Nets Timeout: Regular (Reg.7 Short 2),9:47 PM
538,0,8,619,0021000275,,,0:46,5,5.0,5,0,202345,Damion James,NJN,New Jersey,1610612751.0,Nets,2211,Troy Murphy,NJN,New Jersey,1610612751.0,Nets,0,,,,,,,,SUB: Murphy FOR James,9:49 PM
539,1,2,620,0021000275,,,0:36,5,5.0,0,0,201627,Anthony Morrow,NJN,New Jersey,1610612751.0,Nets,0,,,,,,0,,,,,,,,MISS Morrow 19' Jump Shot,9:49 PM
540,0,4,621,0021000275,Augustin REBOUND (Off:2 Def:4),,0:34,5,4.0,0,0,201571,D.J. Augustin,CHA,Charlotte,1610612766.0,Bobcats,0,,,,,,0,,,,,,,,,9:49 PM
541,1,6,622,0021000275,,,0:32,5,5.0,4,1,200770,Jordan Farmar,NJN,New Jersey,1610612751.0,Nets,2564,Boris Diaw,CHA,Charlotte,1610612766.0,Bobcats,0,,,,,,,,Farmar P.FOUL (P4.T1),9:50 PM
542,0,8,623,0021000275,,,0:32,5,5.0,5,0,2211,Troy Murphy,NJN,New Jersey,1610612751.0,Nets,202345,Damion James,NJN,New Jersey,1610612751.0,Nets,0,,,,,,,,SUB: James FOR Murphy,9:50 PM
543,1,6,624,0021000275,,,0:31,5,5.0,4,1,201627,Anthony Morrow,NJN,New Jersey,1610612751.0,Nets,1536,Stephen Jackson,CHA,Charlotte,1610612766.0,Bobcats,0,,,,,,,,Morrow P.FOUL (P3.PN),9:50 PM
544,11,3,625,0021000275,Jackson Free Throw 1 of 2 (22 PTS),,0:31,5,4.0,0,0,1536,Stephen Jackson,CHA,Charlotte,1610612766.0,Bobcats,0,,,,,,0,,,,,,80 - 86,6,,9:51 PM
545,0,8,627,0021000275,,,0:31,5,5.0,5,0,202345,Damion James,NJN,New Jersey,1610612751.0,Nets,2743,Kris Humphries,NJN,New Jersey,1610612751.0,Nets,0,,,,,,,,SUB: Humphries FOR James,9:51 PM
546,12,3,628,0021000275,Jackson Free Throw 2 of 2 (23 PTS),,0:31,5,4.0,0,0,1536,Stephen Jackson,CHA,Charlotte,1610612766.0,Bobcats,0,,,,,,0,,,,,,80 - 87,7,,9:51 PM
547,7,1,630,0021000275,,,0:22,5,5.0,5,0,2743,Kris Humphries,NJN,New Jersey,1610612751.0,Nets,200770,Jordan Farmar,NJN,New Jersey,1610612751.0,Nets,0,,,,,,82 - 87,5,Humphries 2' Dunk (4 PTS) (Farmar 10 AST),9:51 PM
548,1,6,631,0021000275,,,0:19,5,5.0,4,1,2743,Kris Humphries,NJN,New Jersey,1610612751.0,Nets,1536,Stephen Jackson,CHA,Charlotte,1610612766.0,Bobcats,0,,,,,,,,Humphries P.FOUL (P3.PN),9:51 PM
549,11,3,632,0021000275,Jackson Free Throw 1 of 2 (24 PTS),,0:19,5,4.0,0,0,1536,Stephen Jackson,CHA,Charlotte,1610612766.0,Bobcats,0,,,,,,0,,,,,,82 - 88,6,,9:52 PM
550,12,3,633,0021000275,Jackson Free Throw 2 of 2 (25 PTS),,0:19,5,4.0,0,0,1536,Stephen Jackson,CHA,Charlotte,1610612766.0,Bobcats,0,,,,,,0,,,,,,82 - 89,7,,9:52 PM
551,2,9,635,0021000275,,,0:19,5,3.0,0,0,1610612751,,,,,,0,,,,,,0,,,,,,,,Nets Timeout: Short (Reg.7 Short 3),9:52 PM
552,1,5,637,0021000275,,,0:17,5,5.0,0,0,200770,Jordan Farmar,NJN,New Jersey,1610612751.0,Nets,0,,,,,,0,,,,,,,,Farmar Bad Pass Turnover (P2.T15),9:53 PM
553,1,6,638,0021000275,,,0:17,5,5.0,4,1,201627,Anthony Morrow,NJN,New Jersey,1610612751.0,Nets,201571,D.J. Augustin,CHA,Charlotte,1610612766.0,Bobcats,0,,,,,,,,Morrow P.FOUL (P4.PN),9:54 PM
554,11,3,639,0021000275,Augustin Free Throw 1 of 2 (14 PTS),,0:17,5,4.0,0,0,201571,D.J. Augustin,CHA,Charlotte,1610612766.0,Bobcats,0,,,,,,0,,,,,,82 - 90,8,,9:54 PM
555,0,8,641,0021000275,,,0:17,5,5.0,5,0,200770,Jordan Farmar,NJN,New Jersey,1610612751.0,Nets,202386,Ben Uzoh,NJN,New Jersey,1610612751.0,Nets,0,,,,,,,,SUB: Uzoh FOR Farmar,9:54 PM
556,0,8,642,0021000275,,,0:17,5,5.0,5,0,2743,Kris Humphries,NJN,New Jersey,1610612751.0,Nets,202345,Damion James,NJN,New Jersey,1610612751.0,Nets,0,,,,,,,,SUB: James FOR Humphries,9:54 PM
557,12,3,643,0021000275,Augustin Free Throw 2 of 2 (15 PTS),,0:17,5,4.0,0,0,201571,D.J. Augustin,CHA,Charlotte,1610612766.0,Bobcats,0,,,,,,0,,,,,,82 - 91,9,,9:54 PM
558,5,1,645,0021000275,,,0:10,5,5.0,0,0,202386,Ben Uzoh,NJN,New Jersey,1610612751.0,Nets,0,,,,,,0,,,,,,84 - 91,7,Uzoh 2' Layup (4 PTS),9:55 PM
559,0,13,646,0021000275,,,0:00,5,0.0,0,0,0,,,,,,0,,,,,,0,,,,,,84 - 91,7,,9:55 PM
