,EVENTMSGACTIONTYPE,EVENTMSGTYPE,EVENTNUM,GAME_ID,HOMEDESCRIPTION,NEUTRALDESCRIPTION,PCTIMESTRING,PERIOD,PERSON1TYPE,PERSON2TYPE,PERSON3TYPE,PLAYER1_ID,PLAYER1_NAME,PLAYER1_TEAM_ABBREVIATION,PLAYER1_TEAM_CITY,PLAYER1_TEAM_ID,PLAYER1_TEAM_NICKNAME,PLAYER2_ID,PLAYER2_NAME,PLAYER2_TEAM_ABBREVIATION,PLAYER2_TEAM_CITY,PLAYER2_TEAM_ID,PLAYER2_TEAM_NICKNAME,PLAYER3_ID,PLAYER3_NAME,PLAYER3_TEAM_ABBREVIATION,PLAYER3_TEAM_CITY,PLAYER3_TEAM_ID,PLAYER3_TEAM_NICKNAME,SCORE,SCOREMARGIN,VISITORDESCRIPTION,WCTIMESTRING
0,0,12,0,0021001039,,,12:00,1,0.0,0,0,0,,,,,,0,,,,,,0,,,,,,,,,3:44 PM
1,0,10,1,0021001039,Jump Ball Kaman vs. Lopez: Tip to Griffin,,12:00,1,4.0,5,4,2549,Chris Kaman,LAC,Los Angeles,1610612746.0,Clippers,201577,Robin Lopez,PHX,Phoenix,1610612756.0,Suns,201933,Blake Griffin,LAC,Los Angeles,1610612746.0,Clippers,,,,3:45 PM
2,1,2,3,0021001039,MISS Griffin 19' Jump Shot,,11:35,1,4.0,0,0,201933,Blake Griffin,LAC,Los Angeles,1610612746.0,Clippers,0,,,,,,0,,,,,,,,,3:45 PM
3,0,4,4,0021001039,,,11:34,1,5.0,0,0,959,Steve Nash,PHX,Phoenix,1610612756.0,Suns,0,,,,,,0,,,,,,,,Nash REBOUND (Off:0 Def:1),3:45 PM
4,5,2,5,0021001039,Kaman BLOCK (1 BLK),,11:15,1,5.0,0,4,201577,Robin Lopez,PHX,Phoenix,1610612756.0,Suns,0,,,,,,2549,Chris Kaman,LAC,Los Angeles,1610612746.0,Clippers,,,MISS Lopez  Layup,3:46 PM
5,0,4,6,0021001039,Williams REBOUND (Off:0 Def:1),,11:13,1,4.0,0,0,2590,Mo Williams,LAC,Los Angeles,1610612746.0,Clippers,0,,,,,,0,,,,,,,,,3:46 PM
6,63,2,8,0021001039,MISS Griffin 7' Fadeaway Jumper,,11:01,1,4.0,0,0,201933,Blake Griffin,LAC,Los Angeles,1610612746.0,Clippers,0,,,,,,0,,,,,,,,,3:46 PM
7,0,4,9,0021001039,,,10:58,1,5.0,0,0,101112,Channing Frye,PHX,Phoenix,1610612756.0,Suns,0,,,,,,0,,,,,,,,Frye REBOUND (Off:0 Def:1),3:46 PM
8,46,1,10,0021001039,,,10:45,1,5.0,0,0,959,Steve Nash,PHX,Phoenix,1610612756.0,Suns,0,,,,,,0,,,,,,2 - 0,-2,Nash 7' Running Jump Shot (2 PTS),3:46 PM
9,1,2,11,0021001039,MISS Williams 9' Jump Shot,,10:33,1,4.0,0,0,2590,Mo Williams,LAC,Los Angeles,1610612746.0,Clippers,0,,,,,,0,,,,,,,,,3:47 PM
10,0,4,12,0021001039,,,10:31,1,5.0,0,0,101112,Channing Frye,PHX,Phoenix,1610612756.0,Suns,0,,,,,,0,,,,,,,,Frye REBOUND (Off:0 Def:2),3:47 PM
11,47,1,13,0021001039,,,10:20,1,5.0,5,0,255,Grant Hill,PHX,Phoenix,1610612756.0,Suns,959,Steve Nash,PHX,Phoenix,1610612756.0,Suns,0,,,,,,4 - 0,-4,Hill 7' Turnaround Jump Shot (2 PTS) (Nash 1 AST),3:47 PM
12,2,6,14,0021001039,,,10:00,1,5.0,4,1,201577,Robin Lopez,PHX,Phoenix,1610612756.0,Suns,201933,Blake Griffin,LAC,Los Angeles,1610612746.0,Clippers,0,,,,,,,,Lopez S.FOUL (P1.T1),3:47 PM
13,11,3,15,0021001039,MISS Griffin Free Throw 1 of 2,,10:00,1,4.0,0,0,201933,Blake Griffin,LAC,Los Angeles,1610612746.0,Clippers,0,,,,,,0,,,,,,,,,3:47 PM
14,1,4,16,0021001039,CLIPPERS Rebound,,10:00,1,2.0,0,0,1610612746,,,,,,0,,,,,,0,,,,,,,,,3:47 PM
15,12,3,17,0021001039,Griffin Free Throw 2 of 2 (1 PTS),,10:00,1,4.0,0,0,201933,Blake Griffin,LAC,Los Angeles,1610612746.0,Clippers,0,,,,,,0,,,,,,4 - 1,-3,,3:48 PM
16,1,2,19,0021001039,,,9:49,1,5.0,0,0,255,Grant Hill,PHX,Phoenix,1610612756.0,Suns,0,,,,,,0,,,,,,,,MISS Hill 11' Jump Shot,3:48 PM
17,0,4,20,0021001039,Williams REBOUND (Off:0 Def:2),,9:48,1,4.0,0,0,2590,Mo Williams,LAC,Los Angeles,1610612746.0,Clippers,0,,,,,,0,,,,,,,,,3:48 PM
18,1,6,21,0021001039,,,9:39,1,5.0,4,1,101112,Channing Frye,PHX,Phoenix,1610612756.0,Suns,201933,Blake Griffin,LAC,Los Angeles,1610612746.0,Clippers,0,,,,,,,,Frye P.FOUL (P1.T2),3:48 PM
19,1,1,22,0021001039,Kaman 16' Jump Shot (2 PTS) (Gordon 1 AST),,9:29,1,4.0,4,0,2549,Chris Kaman,LAC,Los Angeles,1610612746.0,Clippers,201569,Eric Gordon,LAC,Los Angeles,1610612746.0,Clippers,0,,,,,,4 - 3,-1,,3:49 PM
20,47,1,23,0021001039,,,9:15,1,5.0,5,0,1713,Vince Carter,PHX,Phoenix,1610612756.0,Suns,959,Steve Nash,PHX,Phoenix,1610612756.0,Suns,0,,,,,,6 - 3,-3,Carter 13' Turnaround Jump Shot (2 PTS) (Nash 2 AST),3:49 PM
21,5,2,24,0021001039,MISS Williams 3' Layup,,9:03,1,4.0,0,5,2590,Mo Williams,LAC,Los Angeles,1610612746.0,Clippers,0,,,,,,201577,Robin Lopez,PHX,Phoenix,1610612756.0,Suns,,,Lopez BLOCK (1 BLK),3:49 PM
22,0,4,25,0021001039,CLIPPERS Rebound,,9:03,1,2.0,0,0,1610612746,,,,,,0,,,,,,0,,,,,,,,,3:49 PM
23,1,1,26,0021001039,Kaman 4' Jump Shot (4 PTS) (Gomes 1 AST),,8:59,1,4.0,4,0,2549,Chris Kaman,LAC,Los Angeles,1610612746.0,Clippers,101155,Ryan Gomes,LAC,Los Angeles,1610612746.0,Clippers,0,,,,,,6 - 5,-1,,3:50 PM
24,1,2,27,0021001039,,,8:50,1,5.0,0,0,959,Steve Nash,PHX,Phoenix,1610612756.0,Suns,0,,,,,,0,,,,,,,,MISS Nash 19' Jump Shot,3:50 PM
25,0,4,28,0021001039,Griffin REBOUND (Off:0 Def:1),,8:47,1,4.0,0,0,201933,Blake Griffin,LAC,Los Angeles,1610612746.0,Clippers,0,,,,,,0,,,,,,,,,3:50 PM
26,1,1,29,0021001039,Gomes 24' 3PT Jump Shot (3 PTS) (Gordon 2 AST),,8:37,1,4.0,4,0,101155,Ryan Gomes,LAC,Los Angeles,1610612746.0,Clippers,201569,Eric Gordon,LAC,Los Angeles,1610612746.0,Clippers,0,,,,,,6 - 8,2,,3:50 PM
27,1,2,30,0021001039,,,8:29,1,5.0,0,0,255,Grant Hill,PHX,Phoenix,1610612756.0,Suns,0,,,,,,0,,,,,,,,MISS Hill 4' Jump Shot,3:50 PM
28,0,4,31,0021001039,Kaman REBOUND (Off:0 Def:1),,8:27,1,4.0,0,0,2549,Chris Kaman,LAC,Los Angeles,1610612746.0,Clippers,0,,,,,,0,,,,,,,,,3:50 PM
29,1,2,32,0021001039,MISS Williams 15' Jump Shot,,8:21,1,4.0,0,0,2590,Mo Williams,LAC,Los Angeles,1610612746.0,Clippers,0,,,,,,0,,,,,,,,,3:50 PM
30,0,4,33,0021001039,,,8:20,1,5.0,0,0,255,Grant Hill,PHX,Phoenix,1610612756.0,Suns,0,,,,,,0,,,,,,,,Hill REBOUND (Off:0 Def:1),3:50 PM
31,1,1,34,0021001039,,,8:10,1,5.0,0,0,959,Steve Nash,PHX,Phoenix,1610612756.0,Suns,0,,,,,,0,,,,,,8 - 8,TIE,Nash 14' Jump Shot (4 PTS),3:50 PM
32,71,1,35,0021001039,Kaman 1' Finger Roll Layup (6 PTS) (Griffin 1 AST),,7:46,1,4.0,4,0,2549,Chris Kaman,LAC,Los Angeles,1610612746.0,Clippers,201933,Blake Griffin,LAC,Los Angeles,1610612746.0,Clippers,0,,,,,,8 - 10,2,,3:51 PM
33,1,2,36,0021001039,,,7:37,1,5.0,0,0,101112,Channing Frye,PHX,Phoenix,1610612756.0,Suns,0,,,,,,0,,,,,,,,MISS Frye 26' 3PT Jump Shot,3:51 PM
34,0,4,37,0021001039,Kaman REBOUND (Off:0 Def:2),,7:37,1,4.0,0,0,2549,Chris Kaman,LAC,Los Angeles,1610612746.0,Clippers,0,,,,,,0,,,,,,,,,3:51 PM
35,1,1,38,0021001039,Griffin 16' Jump Shot (3 PTS) (Williams 1 AST),,7:26,1,4.0,4,0,201933,Blake Griffin,LAC,Los Angeles,1610612746.0,Clippers,2590,Mo Williams,LAC,Los Angeles,1610612746.0,Clippers,0,,,,,,8 - 12,4,,3:51 PM
36,63,1,39,0021001039,,,7:06,1,5.0,0,0,959,Steve Nash,PHX,Phoenix,1610612756.0,Suns,0,,,,,,0,,,,,,10 - 12,2,Nash 10' Fadeaway Jumper (6 PTS),3:52 PM
37,1,2,40,0021001039,MISS Gomes 19' Jump Shot,,6:41,1,4.0,0,0,101155,Ryan Gomes,LAC,Los Angeles,1610612746.0,Clippers,0,,,,,,0,,,,,,,,,3:52 PM
38,0,4,41,0021001039,,,6:41,1,3.0,0,0,1610612756,,,,,,0,,,,,,0,,,,,,,,Suns Rebound,3:52 PM
39,1,2,42,0021001039,,,6:26,1,5.0,0,0,101112,Channing Frye,PHX,Phoenix,1610612756.0,Suns,0,,,,,,0,,,,,,,,MISS Frye 24' 3PT Jump Shot,3:52 PM
40,0,4,43,0021001039,Williams REBOUND (Off:0 Def:3),,6:25,1,4.0,0,0,2590,Mo Williams,LAC,Los Angeles,1610612746.0,Clippers,0,,,,,,0,,,,,,,,,3:52 PM
41,1,2,44,0021001039,MISS Gordon 17' Jump Shot,,6:19,1,4.0,0,0,201569,Eric Gordon,LAC,Los Angeles,1610612746.0,Clippers,0,,,,,,0,,,,,,,,,3:52 PM
42,0,4,45,0021001039,Gomes REBOUND (Off:1 Def:0),,6:17,1,4.0,0,0,101155,Ryan Gomes,LAC,Los Angeles,1610612746.0,Clippers,0,,,,,,0,,,,,,,,,3:52 PM
43,1,2,46,0021001039,MISS Griffin 15' Jump Shot,,5:59,1,4.0,0,0,201933,Blake Griffin,LAC,Los Angeles,1610612746.0,Clippers,0,,,,,,0,,,,,,,,,3:53 PM
44,0,4,47,0021001039,Gomes REBOUND (Off:2 Def:0),,5:58,1,4.0,0,0,101155,Ryan Gomes,LAC,Los Angeles,1610612746.0,Clippers,0,,,,,,0,,,,,,,,,3:53 PM
45,1,1,48,0021001039,Gordon 26' 3PT Jump Shot (3 PTS) (Gomes 2 AST),,5:54,1,4.0,4,0,201569,Eric Gordon,LAC,Los Angeles,1610612746.0,Clippers,101155,Ryan Gomes,LAC,Los Angeles,1610612746.0,Clippers,0,,,,,,10 - 15,5,,3:53 PM
46,1,7,49,0021001039,CLIPPERS Violation: Delay of game Violation,,5:52,1,2.0,0,1,1610612746,,,,,,0,,,,,,0,,,,,,,,,3:53 PM
47,1,6,50,0021001039,Williams P.FOUL (P1.T1),,5:43,1,4.0,5,1,2590,Mo Williams,LAC,Los Angeles,1610612746.0,Clippers,959,Steve Nash,PHX,Phoenix,1610612756.0,Suns,0,,,,,,,,,3:53 PM
48,1,9,51,0021001039,CLIPPERS Timeout: Regular (Full 1 Short 0),,5:43,1,2.0,0,0,1610612746,,,,,,0,,,,,,0,,,,,,,,,3:53 PM
49,0,8,53,0021001039,,,5:43,1,5.0,5,0,201577,Robin Lopez,PHX,Phoenix,1610612756.0,Suns,101162,Marcin Gortat,PHX,Phoenix,1610612756.0,Suns,0,,,,,,,,SUB: Gortat FOR Lopez,3:56 PM
50,1,2,54,0021001039,,,5:34,1,5.0,0,0,255,Grant Hill,PHX,Phoenix,1610612756.0,Suns,0,,,,,,0,,,,,,,,MISS Hill 16' Jump Shot,3:56 PM
51,0,4,55,0021001039,Kaman REBOUND (Off:0 Def:3),,5:32,1,4.0,0,0,2549,Chris Kaman,LAC,Los Angeles,1610612746.0,Clippers,0,,,,,,0,,,,,,,,,3:56 PM
52,1,2,56,0021001039,MISS Kaman 13' Jump Shot,,5:10,1,4.0,0,0,2549,Chris Kaman,LAC,Los Angeles,1610612746.0,Clippers,0,,,,,,0,,,,,,,,,3:57 PM
53,0,4,57,0021001039,,,5:09,1,3.0,0,0,1610612756,,,,,,0,,,,,,0,,,,,,,,Suns Rebound,3:57 PM
54,3,6,58,0021001039,Griffin L.B.FOUL (P1.T2),,5:09,1,4.0,5,1,201933,Blake Griffin,LAC,Los Angeles,1610612746.0,Clippers,101112,Channing Frye,PHX,Phoenix,1610612756.0,Suns,0,,,,,,,,,3:57 PM
55,1,2,59,0021001039,,,5:02,1,5.0,0,0,959,Steve Nash,PHX,Phoenix,1610612756.0,Suns,0,,,,,,0,,,,,,,,MISS Nash 18' Jump Shot,3:57 PM
56,0,4,60,0021001039,Griffin REBOUND (Off:0 Def:2),,5:01,1,4.0,0,0,201933,Blake Griffin,LAC,Los Angeles,1610612746.0,Clippers,0,,,,,,0,,,,,,,,,3:57 PM
57,42,1,61,0021001039,Williams 3' Driving Layup (2 PTS) (Griffin 2 AST),,4:56,1,4.0,4,0,2590,Mo Williams,LAC,Los Angeles,1610612746.0,Clippers,201933,Blake Griffin,LAC,Los Angeles,1610612746.0,Clippers,0,,,,,,10 - 17,7,,3:57 PM
58,1,1,62,0021001039,,,4:44,1,5.0,5,0,101162,Marcin Gortat,PHX,Phoenix,1610612756.0,Suns,959,Steve Nash,PHX,Phoenix,1610612756.0,Suns,0,,,,,,12 - 17,5,Gortat 17' Jump Shot (2 PTS) (Nash 3 AST),3:57 PM
59,1,2,63,0021001039,MISS Gordon 26' 3PT Jump Shot,,4:25,1,4.0,0,0,201569,Eric Gordon,LAC,Los Angeles,1610612746.0,Clippers,0,,,,,,0,,,,,,,,,3:58 PM
60,0,4,64,0021001039,,,4:23,1,5.0,0,0,101162,Marcin Gortat,PHX,Phoenix,1610612756.0,Suns,0,,,,,,0,,,,,,,,Gortat REBOUND (Off:0 Def:1),3:58 PM
61,5,1,65,0021001039,,,4:04,1,5.0,5,0,255,Grant Hill,PHX,Phoenix,1610612756.0,Suns,959,Steve Nash,PHX,Phoenix,1610612756.0,Suns,0,,,,,,14 - 17,3,Hill 1' Layup (4 PTS) (Nash 4 AST),3:58 PM
62,1,2,66,0021001039,MISS Griffin 8' Jump Shot,,3:44,1,4.0,0,0,201933,Blake Griffin,LAC,Los Angeles,1610612746.0,Clippers,0,,,,,,0,,,,,,,,,3:58 PM
63,0,4,67,0021001039,Kaman REBOUND (Off:1 Def:3),,3:43,1,4.0,0,0,2549,Chris Kaman,LAC,Los Angeles,1610612746.0,Clippers,0,,,,,,0,,,,,,,,,3:58 PM
64,5,1,68,0021001039,Griffin 1' Layup (5 PTS) (Kaman 1 AST),,3:40,1,4.0,4,0,201933,Blake Griffin,LAC,Los Angeles,1610612746.0,Clippers,2549,Chris Kaman,LAC,Los Angeles,1610612746.0,Clippers,0,,,,,,14 - 19,5,,3:58 PM
65,17,6,69,0021001039,CLIPPERS T.Foul (Def. 3 Sec Kaman ),,3:21,1,4.0,0,1,2549,Chris Kaman,LAC,Los Angeles,1610612746.0,Clippers,0,,,,,,0,,,,,,,,,3:59 PM
66,0,8,70,0021001039,,,3:21,1,5.0,5,0,255,Grant Hill,PHX,Phoenix,1610612756.0,Suns,201162,Jared Dudley,PHX,Phoenix,1610612756.0,Suns,0,,,,,,,,SUB: Dudley FOR Hill,3:59 PM
67,0,8,71,0021001039,SUB: Aminu FOR Gomes,,3:21,1,4.0,4,0,101155,Ryan Gomes,LAC,Los Angeles,1610612746.0,Clippers,202329,Al-Farouq Aminu,LAC,Los Angeles,1610612746.0,Clippers,0,,,,,,,,,3:59 PM
68,0,8,72,0021001039,SUB: Diogu FOR Kaman,,3:21,1,4.0,4,0,2549,Chris Kaman,LAC,Los Angeles,1610612746.0,Clippers,101113,Ike Diogu,LAC,Los Angeles,1610612746.0,Clippers,0,,,,,,,,,3:59 PM
69,16,3,73,0021001039,,,3:21,1,5.0,0,0,959,Steve Nash,PHX,Phoenix,1610612756.0,Suns,0,,,,,,0,,,,,,15 - 19,4,Nash Free Throw Technical (7 PTS),3:59 PM
70,1,1,75,0021001039,,,3:13,1,5.0,5,0,201162,Jared Dudley,PHX,Phoenix,1610612756.0,Suns,1713,Vince Carter,PHX,Phoenix,1610612756.0,Suns,0,,,,,,18 - 19,1,Dudley  3PT Jump Shot (3 PTS) (Carter 1 AST),4:00 PM
71,3,2,76,0021001039,MISS Griffin 6' Hook Shot,,3:03,1,4.0,0,0,201933,Blake Griffin,LAC,Los Angeles,1610612746.0,Clippers,0,,,,,,0,,,,,,,,,4:00 PM
72,0,4,77,0021001039,,,3:00,1,5.0,0,0,101112,Channing Frye,PHX,Phoenix,1610612756.0,Suns,0,,,,,,0,,,,,,,,Frye REBOUND (Off:0 Def:3),4:00 PM
73,1,2,78,0021001039,,,2:54,1,5.0,0,0,101112,Channing Frye,PHX,Phoenix,1610612756.0,Suns,0,,,,,,0,,,,,,,,MISS Frye 26' 3PT Jump Shot,4:00 PM
74,0,4,79,0021001039,CLIPPERS Rebound,,2:53,1,2.0,0,0,1610612746,,,,,,0,,,,,,0,,,,,,,,,4:00 PM
75,3,6,80,0021001039,,,2:53,1,5.0,4,1,101162,Marcin Gortat,PHX,Phoenix,1610612756.0,Suns,201933,Blake Griffin,LAC,Los Angeles,1610612746.0,Clippers,0,,,,,,,,Gortat L.B.FOUL (P1.T3),4:00 PM
76,1,9,81,0021001039,,,2:53,1,3.0,0,0,1610612756,,,,,,0,,,,,,0,,,,,,,,Suns Timeout: Regular (Reg.1 Short 0),4:00 PM
77,2,5,83,0021001039,Gordon Lost Ball Turnover (P1.T1),,2:42,1,4.0,5,0,201569,Eric Gordon,LAC,Los Angeles,1610612746.0,Clippers,959,Steve Nash,PHX,Phoenix,1610612756.0,Suns,0,,,,,,,,Nash STEAL (1 STL),4:03 PM
78,2,6,84,0021001039,Diogu S.FOUL (P1.T3),,2:38,1,4.0,5,1,101113,Ike Diogu,LAC,Los Angeles,1610612746.0,Clippers,101162,Marcin Gortat,PHX,Phoenix,1610612756.0,Suns,0,,,,,,,,,4:03 PM
79,0,8,85,0021001039,SUB: Bledsoe FOR Williams,,2:38,1,4.0,4,0,2590,Mo Williams,LAC,Los Angeles,1610612746.0,Clippers,202339,Eric Bledsoe,LAC,Los Angeles,1610612746.0,Clippers,0,,,,,,,,,4:03 PM
80,11,3,86,0021001039,,,2:38,1,5.0,0,0,101162,Marcin Gortat,PHX,Phoenix,1610612756.0,Suns,0,,,,,,0,,,,,,19 - 19,TIE,Gortat Free Throw 1 of 2 (3 PTS),4:03 PM
81,12,3,88,0021001039,,,2:38,1,5.0,0,0,101162,Marcin Gortat,PHX,Phoenix,1610612756.0,Suns,0,,,,,,0,,,,,,20 - 19,-1,Gortat Free Throw 2 of 2 (4 PTS),4:03 PM
82,26,6,90,0021001039,Gordon Offensive Charge Foul (P1.T4),,2:19,1,4.0,5,1,201569,Eric Gordon,LAC,Los Angeles,1610612746.0,Clippers,201162,Jared Dudley,PHX,Phoenix,1610612756.0,Suns,0,,,,,,,,,4:04 PM
83,5,5,91,0021001039,Gordon Foul Turnover (P2.T2),,2:19,1,4.0,0,1,201569,Eric Gordon,LAC,Los Angeles,1610612746.0,Clippers,0,,,,,,0,,,,,,,,,4:04 PM
84,1,1,93,0021001039,,,2:04,1,5.0,0,0,1713,Vince Carter,PHX,Phoenix,1610612756.0,Suns,0,,,,,,0,,,,,,22 - 19,-3,Carter 21' Jump Shot (4 PTS),4:04 PM
85,1,2,94,0021001039,MISS Bledsoe 22' Jump Shot,,1:47,1,4.0,0,0,202339,Eric Bledsoe,LAC,Los Angeles,1610612746.0,Clippers,0,,,,,,0,,,,,,,,,4:05 PM
86,0,4,95,0021001039,CLIPPERS Rebound,,1:46,1,2.0,0,0,1610612746,,,,,,0,,,,,,0,,,,,,,,,4:05 PM
87,0,8,96,0021001039,SUB: Foye FOR Gordon,,1:46,1,4.0,4,0,201569,Eric Gordon,LAC,Los Angeles,1610612746.0,Clippers,200751,Randy Foye,LAC,Los Angeles,1610612746.0,Clippers,0,,,,,,,,,4:05 PM
88,5,1,97,0021001039,Diogu 2' Layup (2 PTS) (Aminu 1 AST),,1:34,1,4.0,4,0,101113,Ike Diogu,LAC,Los Angeles,1610612746.0,Clippers,202329,Al-Farouq Aminu,LAC,Los Angeles,1610612746.0,Clippers,0,,,,,,22 - 21,-1,,4:05 PM
89,1,2,98,0021001039,,,1:13,1,5.0,0,0,1713,Vince Carter,PHX,Phoenix,1610612756.0,Suns,0,,,,,,0,,,,,,,,MISS Carter 10' Jump Shot,4:06 PM
90,0,4,99,0021001039,Diogu REBOUND (Off:0 Def:1),,1:12,1,4.0,0,0,101113,Ike Diogu,LAC,Los Angeles,1610612746.0,Clippers,0,,,,,,0,,,,,,,,,4:06 PM
91,1,2,100,0021001039,MISS Griffin 4' Jump Shot,,0:55,1,4.0,0,0,201933,Blake Griffin,LAC,Los Angeles,1610612746.0,Clippers,0,,,,,,0,,,,,,,,,4:06 PM
92,0,4,101,0021001039,,,0:54,1,5.0,0,0,101162,Marcin Gortat,PHX,Phoenix,1610612756.0,Suns,0,,,,,,0,,,,,,,,Gortat REBOUND (Off:0 Def:2),4:06 PM
93,63,2,102,0021001039,,,0:41,1,5.0,0,0,1713,Vince Carter,PHX,Phoenix,1610612756.0,Suns,0,,,,,,0,,,,,,,,MISS Carter 12' Fadeaway Jumper,4:06 PM
94,0,4,103,0021001039,,,0:40,1,5.0,0,0,201162,Jared Dudley,PHX,Phoenix,1610612756.0,Suns,0,,,,,,0,,,,,,,,Dudley REBOUND (Off:1 Def:0),4:06 PM
95,5,1,104,0021001039,,,0:39,1,5.0,0,0,201162,Jared Dudley,PHX,Phoenix,1610612756.0,Suns,0,,,,,,0,,,,,,24 - 21,-3,Dudley 1' Layup (5 PTS),4:06 PM
96,1,2,106,0021001039,MISS Diogu 17' Jump Shot,,0:31,1,4.0,0,0,101113,Ike Diogu,LAC,Los Angeles,1610612746.0,Clippers,0,,,,,,0,,,,,,,,,4:07 PM
97,0,4,107,0021001039,,,0:30,1,5.0,0,0,959,Steve Nash,PHX,Phoenix,1610612756.0,Suns,0,,,,,,0,,,,,,,,Nash REBOUND (Off:0 Def:2),4:07 PM
98,1,1,108,0021001039,,,0:09,1,5.0,0,0,959,Steve Nash,PHX,Phoenix,1610612756.0,Suns,0,,,,,,0,,,,,,27 - 21,-6,Nash 26' 3PT Jump Shot (10 PTS),4:07 PM
99,46,1,109,0021001039,Bledsoe 3' Running Jump Shot (2 PTS) (Foye 1 AST),,0:00,1,4.0,4,0,202339,Eric Bledsoe,LAC,Los Angeles,1610612746.0,Clippers,200751,Randy Foye,LAC,Los Angeles,1610612746.0,Clippers,0,,,,,,27 - 23,-4,,4:07 PM
100,0,13,110,0021001039,,,0:00,1,0.0,0,0,0,,,,,,0,,,,,,0,,,,,,27 - 23,-4,,4:07 PM
101,0,12,112,0021001039,,,12:00,2,0.0,0,0,0,,,,,,0,,,,,,0,,,,,,27 - 23,-4,,4:10 PM
102,1,2,113,0021001039,,,11:41,2,5.0,0,0,1713,Vince Carter,PHX,Phoenix,1610612756.0,Suns,0,,,,,,0,,,,,,,,MISS Carter 24' 3PT Jump Shot,4:11 PM
103,0,4,114,0021001039,Diogu REBOUND (Off:0 Def:2),,11:40,2,4.0,0,0,101113,Ike Diogu,LAC,Los Angeles,1610612746.0,Clippers,0,,,,,,0,,,,,,,,,4:11 PM
104,1,2,115,0021001039,MISS Griffin 10' Jump Shot,,11:21,2,4.0,0,0,201933,Blake Griffin,LAC,Los Angeles,1610612746.0,Clippers,0,,,,,,0,,,,,,,,,4:11 PM
105,0,4,116,0021001039,,,11:20,2,3.0,0,0,1610612756,,,,,,0,,,,,,0,,,,,,,,Suns Rebound,4:11 PM
106,3,2,117,0021001039,Griffin BLOCK (1 BLK),,11:06,2,5.0,0,4,101162,Marcin Gortat,PHX,Phoenix,1610612756.0,Suns,0,,,,,,201933,Blake Griffin,LAC,Los Angeles,1610612746.0,Clippers,,,MISS Gortat 3' Hook Shot,4:11 PM
107,0,4,118,0021001039,,,11:04,2,5.0,0,0,101162,Marcin Gortat,PHX,Phoenix,1610612756.0,Suns,0,,,,,,0,,,,,,,,Gortat REBOUND (Off:1 Def:2),4:11 PM
108,1,1,119,0021001039,,,10:59,2,5.0,5,0,101124,Hakim Warrick,PHX,Phoenix,1610612756.0,Suns,1713,Vince Carter,PHX,Phoenix,1610612756.0,Suns,0,,,,,,29 - 23,-6,Warrick 20' Jump Shot (2 PTS) (Carter 2 AST),4:12 PM
109,1,1,120,0021001039,Foye 26' 3PT Jump Shot (3 PTS),,10:42,2,4.0,0,0,200751,Randy Foye,LAC,Los Angeles,1610612746.0,Clippers,0,,,,,,0,,,,,,29 - 26,-3,,4:12 PM
110,1,1,121,0021001039,,,10:19,2,5.0,5,0,101124,Hakim Warrick,PHX,Phoenix,1610612756.0,Suns,202220,Zabian Dowdell,PHX,Phoenix,1610612756.0,Suns,0,,,,,,31 - 26,-5,Warrick 20' Jump Shot (4 PTS) (Dowdell 1 AST),4:12 PM
111,1,2,124,0021001039,MISS Foye 20' Jump Shot,,9:45,2,4.0,0,0,200751,Randy Foye,LAC,Los Angeles,1610612746.0,Clippers,0,,,,,,0,,,,,,,,,4:14 PM
112,0,4,125,0021001039,CLIPPERS Rebound,,9:45,2,2.0,0,0,1610612746,,,,,,0,,,,,,0,,,,,,,,,4:14 PM
113,3,6,126,0021001039,,,9:45,2,5.0,4,1,101162,Marcin Gortat,PHX,Phoenix,1610612756.0,Suns,101113,Ike Diogu,LAC,Los Angeles,1610612746.0,Clippers,0,,,,,,,,Gortat L.B.FOUL (P2.T1),4:14 PM
114,0,8,127,0021001039,SUB: Smith FOR Griffin,,9:45,2,4.0,4,0,201933,Blake Griffin,LAC,Los Angeles,1610612746.0,Clippers,200783,Craig Smith,LAC,Los Angeles,1610612746.0,Clippers,0,,,,,,,,,4:14 PM
115,0,8,128,0021001039,,,9:45,2,5.0,5,0,1713,Vince Carter,PHX,Phoenix,1610612756.0,Suns,2554,Mickael Pietrus,PHX,Phoenix,1610612756.0,Suns,0,,,,,,,,SUB: Pietrus FOR Carter,4:14 PM
116,5,2,130,0021001039,MISS Diogu 3' Layup,,9:37,2,4.0,0,5,101113,Ike Diogu,LAC,Los Angeles,1610612746.0,Clippers,0,,,,,,201162,Jared Dudley,PHX,Phoenix,1610612756.0,Suns,,,Dudley BLOCK (1 BLK),4:14 PM
117,0,4,131,0021001039,CLIPPERS Rebound,,9:37,2,2.0,0,0,1610612746,,,,,,0,,,,,,0,,,,,,,,,4:14 PM
118,8,5,132,0021001039,Diogu 3 Second Violation Turnover (P1.T3),,9:31,2,4.0,0,1,101113,Ike Diogu,LAC,Los Angeles,1610612746.0,Clippers,0,,,,,,0,,,,,,,,,4:15 PM
119,1,2,133,0021001039,,,9:15,2,5.0,0,0,101124,Hakim Warrick,PHX,Phoenix,1610612756.0,Suns,0,,,,,,0,,,,,,,,MISS Warrick 18' Jump Shot,4:15 PM
120,0,4,134,0021001039,Diogu REBOUND (Off:0 Def:3),,9:14,2,4.0,0,0,101113,Ike Diogu,LAC,Los Angeles,1610612746.0,Clippers,0,,,,,,0,,,,,,,,,4:15 PM
121,2,5,135,0021001039,Foye Lost Ball Turnover (P1.T4),,9:07,2,4.0,5,0,200751,Randy Foye,LAC,Los Angeles,1610612746.0,Clippers,101124,Hakim Warrick,PHX,Phoenix,1610612756.0,Suns,0,,,,,,,,Warrick STEAL (1 STL),4:15 PM
122,42,1,136,0021001039,,,9:03,2,5.0,5,0,202220,Zabian Dowdell,PHX,Phoenix,1610612756.0,Suns,101124,Hakim Warrick,PHX,Phoenix,1610612756.0,Suns,0,,,,,,33 - 26,-7,Dowdell 1' Driving Layup (2 PTS) (Warrick 1 AST),4:15 PM
123,4,9,138,0021001039,,,8:56,2,1.0,0,0,0,,,,,,0,,,,,,0,,,,,,,,,4:16 PM
124,8,1,140,0021001039,Diogu 2' Slam Dunk (4 PTS) (Bledsoe 1 AST),,8:53,2,4.0,4,0,101113,Ike Diogu,LAC,Los Angeles,1610612746.0,Clippers,202339,Eric Bledsoe,LAC,Los Angeles,1610612746.0,Clippers,0,,,,,,33 - 28,-5,,4:18 PM
125,1,2,141,0021001039,,,8:37,2,5.0,0,0,201162,Jared Dudley,PHX,Phoenix,1610612756.0,Suns,0,,,,,,0,,,,,,,,MISS Dudley 20' Jump Shot,4:18 PM
126,0,4,142,0021001039,Bledsoe REBOUND (Off:0 Def:1),,8:36,2,4.0,0,0,202339,Eric Bledsoe,LAC,Los Angeles,1610612746.0,Clippers,0,,,,,,0,,,,,,,,,4:18 PM
127,1,6,143,0021001039,,,8:27,2,5.0,4,1,202220,Zabian Dowdell,PHX,Phoenix,1610612756.0,Suns,202339,Eric Bledsoe,LAC,Los Angeles,1610612746.0,Clippers,0,,,,,,,,Dowdell P.FOUL (P1.T2),4:19 PM
128,0,8,144,0021001039,SUB: Kaman FOR Diogu,,8:27,2,4.0,4,0,101113,Ike Diogu,LAC,Los Angeles,1610612746.0,Clippers,2549,Chris Kaman,LAC,Los Angeles,1610612746.0,Clippers,0,,,,,,,,,4:19 PM
129,0,8,145,0021001039,SUB: Gordon FOR Aminu,,8:27,2,4.0,4,0,202329,Al-Farouq Aminu,LAC,Los Angeles,1610612746.0,Clippers,201569,Eric Gordon,LAC,Los Angeles,1610612746.0,Clippers,0,,,,,,,,,4:19 PM
130,1,1,146,0021001039,Foye 19' Jump Shot (5 PTS) (Smith 1 AST),,8:22,2,4.0,4,0,200751,Randy Foye,LAC,Los Angeles,1610612746.0,Clippers,200783,Craig Smith,LAC,Los Angeles,1610612746.0,Clippers,0,,,,,,33 - 30,-3,,4:19 PM
131,2,5,147,0021001039,Bledsoe STEAL (1 STL),,8:06,2,5.0,4,0,101124,Hakim Warrick,PHX,Phoenix,1610612756.0,Suns,202339,Eric Bledsoe,LAC,Los Angeles,1610612746.0,Clippers,0,,,,,,,,Warrick Lost Ball Turnover (P1.T1),4:19 PM
132,42,1,148,0021001039,Foye 2' Driving Layup (7 PTS),,8:02,2,4.0,0,0,200751,Randy Foye,LAC,Los Angeles,1610612746.0,Clippers,0,,,,,,0,,,,,,33 - 32,-1,,4:19 PM
133,5,2,149,0021001039,,,7:35,2,5.0,0,0,201162,Jared Dudley,PHX,Phoenix,1610612756.0,Suns,0,,,,,,0,,,,,,,,MISS Dudley 2' Layup,4:20 PM
134,0,4,151,0021001039,,,7:33,2,5.0,0,0,201162,Jared Dudley,PHX,Phoenix,1610612756.0,Suns,0,,,,,,0,,,,,,,,Dudley REBOUND (Off:2 Def:0),4:20 PM
135,4,1,150,0021001039,,,7:33,2,5.0,0,0,201162,Jared Dudley,PHX,Phoenix,1610612756.0,Suns,0,,,,,,0,,,,,,35 - 32,-3,Dudley 1' Tip Shot (7 PTS),4:20 PM
136,1,1,152,0021001039,Foye 24' 3PT Jump Shot (10 PTS) (Smith 2 AST),,7:10,2,4.0,4,0,200751,Randy Foye,LAC,Los Angeles,1610612746.0,Clippers,200783,Craig Smith,LAC,Los Angeles,1610612746.0,Clippers,0,,,,,,35 - 35,TIE,,4:20 PM
137,1,2,153,0021001039,,,7:01,2,5.0,0,0,202220,Zabian Dowdell,PHX,Phoenix,1610612756.0,Suns,0,,,,,,0,,,,,,,,MISS Dowdell 22' Jump Shot,4:20 PM
138,0,4,154,0021001039,Gordon REBOUND (Off:0 Def:1),,6:59,2,4.0,0,0,201569,Eric Gordon,LAC,Los Angeles,1610612746.0,Clippers,0,,,,,,0,,,,,,,,,4:20 PM
139,75,1,155,0021001039,Gordon 1' Driving Finger Roll Layup (5 PTS),,6:50,2,4.0,0,0,201569,Eric Gordon,LAC,Los Angeles,1610612746.0,Clippers,0,,,,,,0,,,,,,35 - 37,2,,4:21 PM
140,5,2,156,0021001039,,,6:36,2,5.0,0,0,202220,Zabian Dowdell,PHX,Phoenix,1610612756.0,Suns,0,,,,,,0,,,,,,,,MISS Dowdell 2' Layup,4:21 PM
141,0,4,157,0021001039,,,6:36,2,3.0,0,0,1610612756,,,,,,0,,,,,,0,,,,,,,,Suns Rebound,4:21 PM
142,0,8,158,0021001039,,,6:36,2,5.0,5,0,202220,Zabian Dowdell,PHX,Phoenix,1610612756.0,Suns,959,Steve Nash,PHX,Phoenix,1610612756.0,Suns,0,,,,,,,,SUB: Nash FOR Dowdell,4:21 PM
143,0,8,159,0021001039,,,6:36,2,5.0,5,0,2554,Mickael Pietrus,PHX,Phoenix,1610612756.0,Suns,255,Grant Hill,PHX,Phoenix,1610612756.0,Suns,0,,,,,,,,SUB: Hill FOR Pietrus,4:21 PM
144,5,1,160,0021001039,,,6:24,2,5.0,5,0,101162,Marcin Gortat,PHX,Phoenix,1610612756.0,Suns,959,Steve Nash,PHX,Phoenix,1610612756.0,Suns,0,,,,,,37 - 37,TIE,Gortat 3' Layup (6 PTS) (Nash 5 AST),4:22 PM
145,1,2,161,0021001039,MISS Bledsoe 25' 3PT Jump Shot,,6:00,2,4.0,0,0,202339,Eric Bledsoe,LAC,Los Angeles,1610612746.0,Clippers,0,,,,,,0,,,,,,,,,4:22 PM
146,0,4,162,0021001039,,,5:59,2,5.0,0,0,959,Steve Nash,PHX,Phoenix,1610612756.0,Suns,0,,,,,,0,,,,,,,,Nash REBOUND (Off:0 Def:3),4:22 PM
147,1,1,163,0021001039,,,5:51,2,5.0,5,0,101124,Hakim Warrick,PHX,Phoenix,1610612756.0,Suns,959,Steve Nash,PHX,Phoenix,1610612756.0,Suns,0,,,,,,39 - 37,-2,Warrick 20' Jump Shot (6 PTS) (Nash 6 AST),4:22 PM
148,1,9,164,0021001039,CLIPPERS Timeout: Regular (Full 2 Short 0),,5:42,2,2.0,0,0,1610612746,,,,,,0,,,,,,0,,,,,,,,,4:22 PM
149,0,8,166,0021001039,,,5:42,2,5.0,5,0,101124,Hakim Warrick,PHX,Phoenix,1610612756.0,Suns,101112,Channing Frye,PHX,Phoenix,1610612756.0,Suns,0,,,,,,,,SUB: Frye FOR Warrick,4:24 PM
150,1,2,167,0021001039,MISS Kaman 3' Jump Shot,,5:36,2,4.0,0,5,2549,Chris Kaman,LAC,Los Angeles,1610612746.0,Clippers,0,,,,,,101112,Channing Frye,PHX,Phoenix,1610612756.0,Suns,,,Frye BLOCK (1 BLK),4:25 PM
151,0,4,168,0021001039,,,5:33,2,5.0,0,0,959,Steve Nash,PHX,Phoenix,1610612756.0,Suns,0,,,,,,0,,,,,,,,Nash REBOUND (Off:0 Def:4),4:25 PM
152,5,1,169,0021001039,,,5:21,2,5.0,5,0,101162,Marcin Gortat,PHX,Phoenix,1610612756.0,Suns,255,Grant Hill,PHX,Phoenix,1610612756.0,Suns,0,,,,,,41 - 37,-4,Gortat 2' Layup (8 PTS) (Hill 1 AST),4:25 PM
153,1,1,170,0021001039,Smith 14' Jump Shot (2 PTS),,5:04,2,4.0,0,0,200783,Craig Smith,LAC,Los Angeles,1610612746.0,Clippers,0,,,,,,0,,,,,,41 - 39,-2,,4:25 PM
154,1,1,171,0021001039,,,4:50,2,5.0,0,0,959,Steve Nash,PHX,Phoenix,1610612756.0,Suns,0,,,,,,0,,,,,,44 - 39,-5,Nash 26' 3PT Jump Shot (13 PTS),4:26 PM
155,1,2,172,0021001039,MISS Kaman 16' Jump Shot,,4:32,2,4.0,0,0,2549,Chris Kaman,LAC,Los Angeles,1610612746.0,Clippers,0,,,,,,0,,,,,,,,,4:26 PM
156,0,4,173,0021001039,,,4:31,2,5.0,0,0,959,Steve Nash,PHX,Phoenix,1610612756.0,Suns,0,,,,,,0,,,,,,,,Nash REBOUND (Off:0 Def:5),4:26 PM
157,1,2,174,0021001039,,,4:22,2,5.0,0,0,959,Steve Nash,PHX,Phoenix,1610612756.0,Suns,0,,,,,,0,,,,,,,,MISS Nash 9' Jump Shot,4:26 PM
158,0,4,176,0021001039,,,4:20,2,5.0,0,0,201162,Jared Dudley,PHX,Phoenix,1610612756.0,Suns,0,,,,,,0,,,,,,,,Dudley REBOUND (Off:3 Def:0),4:26 PM
159,4,1,175,0021001039,,,4:20,2,5.0,0,0,201162,Jared Dudley,PHX,Phoenix,1610612756.0,Suns,0,,,,,,0,,,,,,46 - 39,-7,Dudley  Tip Shot (9 PTS),4:26 PM
160,1,1,177,0021001039,Bledsoe  3PT Jump Shot (5 PTS) (Gordon 3 AST),,4:04,2,4.0,4,0,202339,Eric Bledsoe,LAC,Los Angeles,1610612746.0,Clippers,201569,Eric Gordon,LAC,Los Angeles,1610612746.0,Clippers,0,,,,,,46 - 42,-4,,4:26 PM
161,1,1,178,0021001039,,,3:48,2,5.0,5,0,201162,Jared Dudley,PHX,Phoenix,1610612756.0,Suns,101112,Channing Frye,PHX,Phoenix,1610612756.0,Suns,0,,,,,,49 - 42,-7,Dudley 24' 3PT Jump Shot (12 PTS) (Frye 1 AST),4:27 PM
162,2,9,179,0021001039,CLIPPERS Timeout: Short (Full 2 Short 1),,3:41,2,2.0,0,0,1610612746,,,,,,0,,,,,,0,,,,,,,,,4:27 PM
163,0,8,181,0021001039,SUB: Griffin FOR Bledsoe,,3:41,2,4.0,4,0,202339,Eric Bledsoe,LAC,Los Angeles,1610612746.0,Clippers,201933,Blake Griffin,LAC,Los Angeles,1610612746.0,Clippers,0,,,,,,,,,4:28 PM
164,0,8,182,0021001039,SUB: Williams FOR Smith,,3:41,2,4.0,4,0,200783,Craig Smith,LAC,Los Angeles,1610612746.0,Clippers,2590,Mo Williams,LAC,Los Angeles,1610612746.0,Clippers,0,,,,,,,,,4:28 PM
165,1,2,183,0021001039,MISS Williams 25' 3PT Jump Shot,,3:31,2,4.0,0,0,2590,Mo Williams,LAC,Los Angeles,1610612746.0,Clippers,0,,,,,,0,,,,,,,,,4:28 PM
166,0,4,184,0021001039,,,3:29,2,5.0,0,0,255,Grant Hill,PHX,Phoenix,1610612756.0,Suns,0,,,,,,0,,,,,,,,Hill REBOUND (Off:0 Def:2),4:28 PM
167,2,6,185,0021001039,Foye S.FOUL (P1.T1),,3:17,2,4.0,5,1,200751,Randy Foye,LAC,Los Angeles,1610612746.0,Clippers,101162,Marcin Gortat,PHX,Phoenix,1610612756.0,Suns,0,,,,,,,,,4:28 PM
168,11,3,186,0021001039,,,3:17,2,5.0,0,0,101162,Marcin Gortat,PHX,Phoenix,1610612756.0,Suns,0,,,,,,0,,,,,,50 - 42,-8,Gortat Free Throw 1 of 2 (9 PTS),4:28 PM
169,12,3,188,0021001039,,,3:17,2,5.0,0,0,101162,Marcin Gortat,PHX,Phoenix,1610612756.0,Suns,0,,,,,,0,,,,,,,,MISS Gortat Free Throw 2 of 2,4:29 PM
170,0,4,190,0021001039,Kaman REBOUND (Off:1 Def:4),,3:15,2,4.0,0,0,2549,Chris Kaman,LAC,Los Angeles,1610612746.0,Clippers,0,,,,,,0,,,,,,,,,4:29 PM
171,1,2,191,0021001039,MISS Gordon 26' 3PT Jump Shot,,2:53,2,4.0,0,0,201569,Eric Gordon,LAC,Los Angeles,1610612746.0,Clippers,0,,,,,,0,,,,,,,,,4:29 PM
172,0,4,192,0021001039,CLIPPERS Rebound,,2:53,2,2.0,0,0,1610612746,,,,,,0,,,,,,0,,,,,,,,,4:29 PM
173,11,5,193,0021001039,CLIPPERS Turnover: Shot Clock (T#5),,2:53,2,2.0,0,1,1610612746,,,,,,0,,,,,,0,,,,,,,,,4:29 PM
174,1,9,194,0021001039,,,2:53,2,3.0,0,0,1610612756,,,,,,0,,,,,,0,,,,,,,,Suns Timeout: Regular (Reg.2 Short 0),4:30 PM
175,88,1,196,0021001039,,,2:42,2,5.0,5,0,101162,Marcin Gortat,PHX,Phoenix,1610612756.0,Suns,959,Steve Nash,PHX,Phoenix,1610612756.0,Suns,0,,,,,,52 - 42,-10,Gortat 1' Driving Slam Dunk (11 PTS) (Nash 7 AST),4:32 PM
176,1,2,197,0021001039,MISS Gordon 6' Jump Shot,,2:22,2,4.0,0,0,201569,Eric Gordon,LAC,Los Angeles,1610612746.0,Clippers,0,,,,,,0,,,,,,,,,4:32 PM
177,0,4,198,0021001039,Foye REBOUND (Off:1 Def:0),,2:21,2,4.0,0,0,200751,Randy Foye,LAC,Los Angeles,1610612746.0,Clippers,0,,,,,,0,,,,,,,,,4:32 PM
178,1,1,199,0021001039,Foye  3PT Jump Shot (13 PTS) (Griffin 3 AST),,2:01,2,4.0,4,0,200751,Randy Foye,LAC,Los Angeles,1610612746.0,Clippers,201933,Blake Griffin,LAC,Los Angeles,1610612746.0,Clippers,0,,,,,,52 - 45,-7,,4:33 PM
179,1,2,200,0021001039,,,1:45,2,5.0,0,0,101112,Channing Frye,PHX,Phoenix,1610612756.0,Suns,0,,,,,,0,,,,,,,,MISS Frye 27' 3PT Jump Shot,4:33 PM
180,0,4,201,0021001039,,,1:44,2,5.0,0,0,201162,Jared Dudley,PHX,Phoenix,1610612756.0,Suns,0,,,,,,0,,,,,,,,Dudley REBOUND (Off:4 Def:0),4:33 PM
181,1,5,202,0021001039,Williams STEAL (1 STL),,1:26,2,5.0,4,0,959,Steve Nash,PHX,Phoenix,1610612756.0,Suns,2590,Mo Williams,LAC,Los Angeles,1610612746.0,Clippers,0,,,,,,,,Nash Bad Pass Turnover (P1.T2),4:33 PM
182,5,2,203,0021001039,MISS Griffin 2' Layup,,1:12,2,4.0,0,0,201933,Blake Griffin,LAC,Los Angeles,1610612746.0,Clippers,0,,,,,,0,,,,,,,,,4:33 PM
183,0,4,204,0021001039,Kaman REBOUND (Off:2 Def:4),,1:11,2,4.0,0,0,2549,Chris Kaman,LAC,Los Angeles,1610612746.0,Clippers,0,,,,,,0,,,,,,,,,4:33 PM
184,7,1,205,0021001039,Kaman 1' Dunk (8 PTS),,1:08,2,4.0,0,0,2549,Chris Kaman,LAC,Los Angeles,1610612746.0,Clippers,0,,,,,,0,,,,,,52 - 47,-5,,4:33 PM
185,1,2,206,0021001039,,,0:47,2,5.0,0,0,255,Grant Hill,PHX,Phoenix,1610612756.0,Suns,0,,,,,,0,,,,,,,,MISS Hill 6' Jump Shot,4:34 PM
186,0,4,207,0021001039,,,0:46,2,5.0,0,0,959,Steve Nash,PHX,Phoenix,1610612756.0,Suns,0,,,,,,0,,,,,,,,Nash REBOUND (Off:1 Def:5),4:34 PM
187,5,2,208,0021001039,Kaman BLOCK (2 BLK),,0:42,2,5.0,0,4,201162,Jared Dudley,PHX,Phoenix,1610612756.0,Suns,0,,,,,,2549,Chris Kaman,LAC,Los Angeles,1610612746.0,Clippers,,,MISS Dudley 1' Layup,4:34 PM
188,0,4,209,0021001039,Gordon REBOUND (Off:0 Def:2),,0:40,2,4.0,0,0,201569,Eric Gordon,LAC,Los Angeles,1610612746.0,Clippers,0,,,,,,0,,,,,,,,,4:34 PM
189,49,1,210,0021001039,Griffin 2' Driving Dunk (7 PTS) (Foye 2 AST),,0:39,2,4.0,4,0,201933,Blake Griffin,LAC,Los Angeles,1610612746.0,Clippers,200751,Randy Foye,LAC,Los Angeles,1610612746.0,Clippers,0,,,,,,52 - 49,-3,,4:34 PM
190,42,1,211,0021001039,,,0:30,2,5.0,0,0,959,Steve Nash,PHX,Phoenix,1610612756.0,Suns,0,,,,,,0,,,,,,54 - 49,-5,Nash 1' Driving Layup (15 PTS),4:34 PM
191,1,6,212,0021001039,,,0:12,2,5.0,4,1,959,Steve Nash,PHX,Phoenix,1610612756.0,Suns,2590,Mo Williams,LAC,Los Angeles,1610612746.0,Clippers,0,,,,,,,,Nash P.FOUL (P1.T3),4:35 PM
192,0,8,213,0021001039,,,0:12,2,5.0,5,0,101162,Marcin Gortat,PHX,Phoenix,1610612756.0,Suns,201577,Robin Lopez,PHX,Phoenix,1610612756.0,Suns,0,,,,,,,,SUB: Lopez FOR Gortat,4:35 PM
193,1,2,214,0021001039,MISS Williams 27' 3PT Jump Shot,,0:01,2,4.0,0,0,2590,Mo Williams,LAC,Los Angeles,1610612746.0,Clippers,0,,,,,,0,,,,,,,,,4:35 PM
194,0,4,215,0021001039,,,0:00,2,5.0,0,0,959,Steve Nash,PHX,Phoenix,1610612756.0,Suns,0,,,,,,0,,,,,,,,Nash REBOUND (Off:1 Def:6),4:35 PM
195,0,13,216,0021001039,,,0:00,2,0.0,0,0,0,,,,,,0,,,,,,0,,,,,,54 - 49,-5,,4:35 PM
196,0,12,218,0021001039,,,12:00,3,0.0,0,0,0,,,,,,0,,,,,,0,,,,,,54 - 49,-5,,4:52 PM
197,1,5,219,0021001039,Gordon STEAL (1 STL),,11:50,3,5.0,4,0,255,Grant Hill,PHX,Phoenix,1610612756.0,Suns,201569,Eric Gordon,LAC,Los Angeles,1610612746.0,Clippers,0,,,,,,,,Hill Bad Pass Turnover (P1.T3),4:52 PM
198,1,1,220,0021001039,Griffin 3' Jump Shot (9 PTS) (Gomes 3 AST),,11:42,3,4.0,4,0,201933,Blake Griffin,LAC,Los Angeles,1610612746.0,Clippers,101155,Ryan Gomes,LAC,Los Angeles,1610612746.0,Clippers,0,,,,,,54 - 51,-3,,4:52 PM
199,63,1,221,0021001039,,,11:19,3,5.0,0,0,1713,Vince Carter,PHX,Phoenix,1610612756.0,Suns,0,,,,,,0,,,,,,56 - 51,-5,Carter 10' Fadeaway Jumper (6 PTS),4:53 PM
200,1,2,222,0021001039,MISS Kaman 12' Jump Shot,,11:03,3,4.0,0,0,2549,Chris Kaman,LAC,Los Angeles,1610612746.0,Clippers,0,,,,,,0,,,,,,,,,4:53 PM
201,0,4,223,0021001039,Williams REBOUND (Off:1 Def:3),,11:01,3,4.0,0,0,2590,Mo Williams,LAC,Los Angeles,1610612746.0,Clippers,0,,,,,,0,,,,,,,,,4:53 PM
202,1,2,224,0021001039,MISS Williams 26' 3PT Jump Shot,,10:51,3,4.0,0,0,2590,Mo Williams,LAC,Los Angeles,1610612746.0,Clippers,0,,,,,,0,,,,,,,,,4:53 PM
203,0,4,225,0021001039,,,10:50,3,5.0,0,0,1713,Vince Carter,PHX,Phoenix,1610612756.0,Suns,0,,,,,,0,,,,,,,,Carter REBOUND (Off:0 Def:1),4:53 PM
204,5,1,226,0021001039,,,10:41,3,5.0,5,0,101162,Marcin Gortat,PHX,Phoenix,1610612756.0,Suns,959,Steve Nash,PHX,Phoenix,1610612756.0,Suns,0,,,,,,58 - 51,-7,Gortat 2' Layup (13 PTS) (Nash 8 AST),4:53 PM
205,1,2,227,0021001039,MISS Gordon 26' 3PT Jump Shot,,10:27,3,4.0,0,0,201569,Eric Gordon,LAC,Los Angeles,1610612746.0,Clippers,0,,,,,,0,,,,,,,,,4:54 PM
206,0,4,228,0021001039,Kaman REBOUND (Off:3 Def:4),,10:25,3,4.0,0,0,2549,Chris Kaman,LAC,Los Angeles,1610612746.0,Clippers,0,,,,,,0,,,,,,,,,4:54 PM
207,1,1,229,0021001039,Kaman 6' Jump Shot (10 PTS),,10:21,3,4.0,0,0,2549,Chris Kaman,LAC,Los Angeles,1610612746.0,Clippers,0,,,,,,0,,,,,,58 - 53,-5,,4:54 PM
208,1,2,230,0021001039,,,10:01,3,5.0,0,0,101112,Channing Frye,PHX,Phoenix,1610612756.0,Suns,0,,,,,,0,,,,,,,,MISS Frye 26' 3PT Jump Shot,4:54 PM
209,0,4,231,0021001039,Williams REBOUND (Off:1 Def:4),,9:59,3,4.0,0,0,2590,Mo Williams,LAC,Los Angeles,1610612746.0,Clippers,0,,,,,,0,,,,,,,,,4:54 PM
210,1,1,232,0021001039,Griffin 17' Jump Shot (11 PTS) (Williams 2 AST),,9:47,3,4.0,4,0,201933,Blake Griffin,LAC,Los Angeles,1610612746.0,Clippers,2590,Mo Williams,LAC,Los Angeles,1610612746.0,Clippers,0,,,,,,58 - 55,-3,,4:54 PM
211,44,1,233,0021001039,,,9:38,3,5.0,0,0,959,Steve Nash,PHX,Phoenix,1610612756.0,Suns,0,,,,,,0,,,,,,60 - 55,-5,Nash 1' Reverse Layup (17 PTS),4:54 PM
212,1,1,234,0021001039,Kaman 17' Jump Shot (12 PTS) (Williams 3 AST),,9:23,3,4.0,4,0,2549,Chris Kaman,LAC,Los Angeles,1610612746.0,Clippers,2590,Mo Williams,LAC,Los Angeles,1610612746.0,Clippers,0,,,,,,60 - 57,-3,,4:55 PM
213,1,2,235,0021001039,,,9:08,3,5.0,0,0,959,Steve Nash,PHX,Phoenix,1610612756.0,Suns,0,,,,,,0,,,,,,,,MISS Nash 16' Jump Shot,4:55 PM
214,0,4,236,0021001039,Kaman REBOUND (Off:3 Def:5),,9:06,3,4.0,0,0,2549,Chris Kaman,LAC,Los Angeles,1610612746.0,Clippers,0,,,,,,0,,,,,,,,,4:55 PM
215,1,2,237,0021001039,MISS Griffin 11' Jump Shot,,8:52,3,4.0,0,0,201933,Blake Griffin,LAC,Los Angeles,1610612746.0,Clippers,0,,,,,,0,,,,,,,,,4:55 PM
216,0,4,238,0021001039,,,8:51,3,5.0,0,0,101162,Marcin Gortat,PHX,Phoenix,1610612756.0,Suns,0,,,,,,0,,,,,,,,Gortat REBOUND (Off:1 Def:3),4:55 PM
217,63,1,239,0021001039,,,8:33,3,5.0,5,0,101112,Channing Frye,PHX,Phoenix,1610612756.0,Suns,255,Grant Hill,PHX,Phoenix,1610612756.0,Suns,0,,,,,,62 - 57,-5,Frye 8' Fadeaway Jumper (2 PTS) (Hill 2 AST),4:56 PM
218,1,2,240,0021001039,MISS Gordon 26' 3PT Jump Shot,,8:17,3,4.0,0,0,201569,Eric Gordon,LAC,Los Angeles,1610612746.0,Clippers,0,,,,,,0,,,,,,,,,4:56 PM
219,0,4,241,0021001039,,,8:16,3,5.0,0,0,101162,Marcin Gortat,PHX,Phoenix,1610612756.0,Suns,0,,,,,,0,,,,,,,,Gortat REBOUND (Off:1 Def:4),4:56 PM
220,1,1,242,0021001039,,,8:08,3,5.0,5,0,101112,Channing Frye,PHX,Phoenix,1610612756.0,Suns,959,Steve Nash,PHX,Phoenix,1610612756.0,Suns,0,,,,,,65 - 57,-8,Frye 25' 3PT Jump Shot (5 PTS) (Nash 9 AST),4:56 PM
221,2,6,243,0021001039,,,7:47,3,5.0,4,1,101112,Channing Frye,PHX,Phoenix,1610612756.0,Suns,2549,Chris Kaman,LAC,Los Angeles,1610612746.0,Clippers,0,,,,,,,,Frye S.FOUL (P2.T1),4:56 PM
222,11,3,244,0021001039,Kaman Free Throw 1 of 2 (13 PTS),,7:47,3,4.0,0,0,2549,Chris Kaman,LAC,Los Angeles,1610612746.0,Clippers,0,,,,,,0,,,,,,65 - 58,-7,,4:57 PM
223,12,3,246,0021001039,Kaman Free Throw 2 of 2 (14 PTS),,7:47,3,4.0,0,0,2549,Chris Kaman,LAC,Los Angeles,1610612746.0,Clippers,0,,,,,,0,,,,,,65 - 59,-6,,4:57 PM
224,5,7,248,0021001039,Kaman Violation:Kicked Ball,,7:37,3,4.0,0,1,2549,Chris Kaman,LAC,Los Angeles,1610612746.0,Clippers,0,,,,,,0,,,,,,,,,4:58 PM
225,1,2,249,0021001039,,,7:27,3,5.0,0,0,101112,Channing Frye,PHX,Phoenix,1610612756.0,Suns,0,,,,,,0,,,,,,,,MISS Frye 25' 3PT Jump Shot,4:58 PM
226,0,4,250,0021001039,Kaman REBOUND (Off:3 Def:6),,7:26,3,4.0,0,0,2549,Chris Kaman,LAC,Los Angeles,1610612746.0,Clippers,0,,,,,,0,,,,,,,,,4:58 PM
227,1,2,252,0021001039,MISS Griffin 20' Jump Shot,,7:01,3,4.0,0,0,201933,Blake Griffin,LAC,Los Angeles,1610612746.0,Clippers,0,,,,,,0,,,,,,,,,4:59 PM
228,0,4,253,0021001039,,,6:59,3,5.0,0,0,1713,Vince Carter,PHX,Phoenix,1610612756.0,Suns,0,,,,,,0,,,,,,,,Carter REBOUND (Off:0 Def:2),4:59 PM
229,1,6,255,0021001039,Williams P.FOUL (P2.T1),,6:47,3,4.0,5,1,2590,Mo Williams,LAC,Los Angeles,1610612746.0,Clippers,959,Steve Nash,PHX,Phoenix,1610612756.0,Suns,0,,,,,,,,,4:59 PM
230,26,6,256,0021001039,,,6:40,3,5.0,4,1,101112,Channing Frye,PHX,Phoenix,1610612756.0,Suns,2590,Mo Williams,LAC,Los Angeles,1610612746.0,Clippers,0,,,,,,,,Frye Offensive Charge Foul (P3.T2),5:00 PM
231,5,5,257,0021001039,,,6:40,3,5.0,0,1,101112,Channing Frye,PHX,Phoenix,1610612756.0,Suns,0,,,,,,0,,,,,,,,Frye Foul Turnover (P1.T4),5:00 PM
232,1,1,258,0021001039,Gordon 26' 3PT Jump Shot (8 PTS),,6:28,3,4.0,0,0,201569,Eric Gordon,LAC,Los Angeles,1610612746.0,Clippers,0,,,,,,0,,,,,,65 - 62,-3,,5:00 PM
233,1,2,259,0021001039,,,6:10,3,5.0,0,0,101112,Channing Frye,PHX,Phoenix,1610612756.0,Suns,0,,,,,,0,,,,,,,,MISS Frye 27' 3PT Jump Shot,5:00 PM
234,0,4,260,0021001039,Williams REBOUND (Off:1 Def:5),,6:09,3,4.0,0,0,2590,Mo Williams,LAC,Los Angeles,1610612746.0,Clippers,0,,,,,,0,,,,,,,,,5:00 PM
235,66,1,261,0021001039,Griffin 3' Jump Bank Shot (13 PTS) (Williams 4 AST),,6:04,3,4.0,4,0,201933,Blake Griffin,LAC,Los Angeles,1610612746.0,Clippers,2590,Mo Williams,LAC,Los Angeles,1610612746.0,Clippers,0,,,,,,65 - 64,-1,,5:00 PM
236,5,7,262,0021001039,Kaman Violation:Kicked Ball,,5:48,3,4.0,0,1,2549,Chris Kaman,LAC,Los Angeles,1610612746.0,Clippers,0,,,,,,0,,,,,,,,,5:01 PM
237,1,9,263,0021001039,CLIPPERS Timeout: Regular (Full 3 Short 1),,5:48,3,2.0,0,0,1610612746,,,,,,0,,,,,,0,,,,,,,,,5:01 PM
238,0,8,265,0021001039,,,5:48,3,5.0,5,0,101162,Marcin Gortat,PHX,Phoenix,1610612756.0,Suns,201577,Robin Lopez,PHX,Phoenix,1610612756.0,Suns,0,,,,,,,,SUB: Lopez FOR Gortat,5:03 PM
239,1,2,266,0021001039,,,5:32,3,5.0,0,0,255,Grant Hill,PHX,Phoenix,1610612756.0,Suns,0,,,,,,0,,,,,,,,MISS Hill 46' 3PT Jump Shot,5:04 PM
240,0,4,267,0021001039,,,5:32,3,3.0,0,0,1610612756,,,,,,0,,,,,,0,,,,,,,,Suns Rebound,5:04 PM
241,11,5,268,0021001039,,,5:32,3,3.0,0,1,1610612756,,,,,,0,,,,,,0,,,,,,,,Suns Turnover: Shot Clock (T#5),5:04 PM
242,26,6,269,0021001039,Gordon Offensive Charge Foul (P2.T2),,5:20,3,4.0,5,1,201569,Eric Gordon,LAC,Los Angeles,1610612746.0,Clippers,255,Grant Hill,PHX,Phoenix,1610612756.0,Suns,0,,,,,,,,,5:04 PM
243,5,5,270,0021001039,Gordon Foul Turnover (P3.T6),,5:20,3,4.0,0,1,201569,Eric Gordon,LAC,Los Angeles,1610612746.0,Clippers,0,,,,,,0,,,,,,,,,5:04 PM
244,0,8,271,0021001039,SUB: Foye FOR Gomes,,5:20,3,4.0,4,0,101155,Ryan Gomes,LAC,Los Angeles,1610612746.0,Clippers,200751,Randy Foye,LAC,Los Angeles,1610612746.0,Clippers,0,,,,,,,,,5:04 PM
245,1,1,272,0021001039,,,5:03,3,5.0,5,0,101112,Channing Frye,PHX,Phoenix,1610612756.0,Suns,959,Steve Nash,PHX,Phoenix,1610612756.0,Suns,0,,,,,,68 - 64,-4,Frye 27' 3PT Jump Shot (8 PTS) (Nash 10 AST),5:05 PM
246,7,1,273,0021001039,Kaman 2' Dunk (16 PTS),,4:39,3,4.0,0,0,2549,Chris Kaman,LAC,Los Angeles,1610612746.0,Clippers,0,,,,,,0,,,,,,68 - 66,-2,,5:05 PM
247,44,1,274,0021001039,,,4:24,3,5.0,0,0,1713,Vince Carter,PHX,Phoenix,1610612756.0,Suns,0,,,,,,0,,,,,,70 - 66,-4,Carter 2' Reverse Layup (8 PTS),5:05 PM
248,1,1,275,0021001039,Williams 18' Jump Shot (4 PTS),,4:11,3,4.0,0,0,2590,Mo Williams,LAC,Los Angeles,1610612746.0,Clippers,0,,,,,,0,,,,,,70 - 68,-2,,5:06 PM
249,1,1,276,0021001039,,,3:47,3,5.0,5,0,959,Steve Nash,PHX,Phoenix,1610612756.0,Suns,1713,Vince Carter,PHX,Phoenix,1610612756.0,Suns,0,,,,,,73 - 68,-5,Nash 26' 3PT Jump Shot (20 PTS) (Carter 3 AST),5:06 PM
250,1,1,277,0021001039,Williams 25' 3PT Jump Shot (7 PTS),,3:32,3,4.0,0,0,2590,Mo Williams,LAC,Los Angeles,1610612746.0,Clippers,0,,,,,,0,,,,,,73 - 71,-2,,5:06 PM
251,29,6,278,0021001039,Griffin Shooting Block Foul (P2.T3),,3:09,3,4.0,5,1,201933,Blake Griffin,LAC,Los Angeles,1610612746.0,Clippers,101112,Channing Frye,PHX,Phoenix,1610612756.0,Suns,0,,,,,,,,,5:07 PM
252,11,3,279,0021001039,,,3:09,3,5.0,0,0,101112,Channing Frye,PHX,Phoenix,1610612756.0,Suns,0,,,,,,0,,,,,,74 - 71,-3,Frye Free Throw 1 of 2 (9 PTS),5:07 PM
253,0,8,281,0021001039,SUB: Diogu FOR Kaman,,3:09,3,4.0,4,0,2549,Chris Kaman,LAC,Los Angeles,1610612746.0,Clippers,101113,Ike Diogu,LAC,Los Angeles,1610612746.0,Clippers,0,,,,,,,,,5:07 PM
254,12,3,282,0021001039,,,3:09,3,5.0,0,0,101112,Channing Frye,PHX,Phoenix,1610612756.0,Suns,0,,,,,,0,,,,,,75 - 71,-4,Frye Free Throw 2 of 2 (10 PTS),5:08 PM
255,2,6,284,0021001039,,,3:02,3,5.0,4,1,1713,Vince Carter,PHX,Phoenix,1610612756.0,Suns,101113,Ike Diogu,LAC,Los Angeles,1610612746.0,Clippers,0,,,,,,,,Carter S.FOUL (P1.T3),5:08 PM
256,11,3,285,0021001039,MISS Diogu Free Throw 1 of 2,,3:02,3,4.0,0,0,101113,Ike Diogu,LAC,Los Angeles,1610612746.0,Clippers,0,,,,,,0,,,,,,,,,5:08 PM
257,1,4,286,0021001039,CLIPPERS Rebound,,3:02,3,2.0,0,0,1610612746,,,,,,0,,,,,,0,,,,,,,,,5:08 PM
258,12,3,287,0021001039,Diogu Free Throw 2 of 2 (5 PTS),,3:02,3,4.0,0,0,101113,Ike Diogu,LAC,Los Angeles,1610612746.0,Clippers,0,,,,,,0,,,,,,75 - 72,-3,,5:08 PM
259,1,1,289,0021001039,,,2:49,3,5.0,5,0,101112,Channing Frye,PHX,Phoenix,1610612756.0,Suns,959,Steve Nash,PHX,Phoenix,1610612756.0,Suns,0,,,,,,78 - 72,-6,Frye 26' 3PT Jump Shot (13 PTS) (Nash 11 AST),5:09 PM
260,3,6,290,0021001039,Diogu L.B.FOUL (P2.T4),,2:49,3,4.0,5,1,101113,Ike Diogu,LAC,Los Angeles,1610612746.0,Clippers,201577,Robin Lopez,PHX,Phoenix,1610612756.0,Suns,0,,,,,,,,,5:09 PM
261,1,9,293,0021001039,,,2:49,3,3.0,0,0,1610612756,,,,,,0,,,,,,0,,,,,,,,Suns Timeout: Regular (Reg.3 Short 0),5:10 PM
262,0,18,291,0021001039,,,2:49,3,,0,1,289,Ledell Eackles,,,,,0,,,,,,0,,,,,,,,,5:10 PM
263,0,8,294,0021001039,,,2:49,3,5.0,5,0,1713,Vince Carter,PHX,Phoenix,1610612756.0,Suns,201162,Jared Dudley,PHX,Phoenix,1610612756.0,Suns,0,,,,,,,,SUB: Dudley FOR Carter,5:12 PM
264,10,3,296,0021001039,,,2:49,3,5.0,0,0,201577,Robin Lopez,PHX,Phoenix,1610612756.0,Suns,0,,,,,,0,,,,,,79 - 72,-7,Lopez Free Throw 1 of 1 (1 PTS),5:12 PM
265,5,1,299,0021001039,Diogu 2' Layup (7 PTS) (Williams 5 AST),,2:36,3,4.0,4,0,101113,Ike Diogu,LAC,Los Angeles,1610612746.0,Clippers,2590,Mo Williams,LAC,Los Angeles,1610612746.0,Clippers,0,,,,,,79 - 74,-5,,5:12 PM
266,1,2,300,0021001039,,,2:11,3,5.0,0,0,201577,Robin Lopez,PHX,Phoenix,1610612756.0,Suns,0,,,,,,0,,,,,,,,MISS Lopez 16' Jump Shot,5:13 PM
267,0,4,301,0021001039,Gordon REBOUND (Off:0 Def:3),,2:09,3,4.0,0,0,201569,Eric Gordon,LAC,Los Angeles,1610612746.0,Clippers,0,,,,,,0,,,,,,,,,5:13 PM
268,2,6,302,0021001039,,,1:56,3,5.0,4,1,201577,Robin Lopez,PHX,Phoenix,1610612756.0,Suns,201933,Blake Griffin,LAC,Los Angeles,1610612746.0,Clippers,0,,,,,,,,Lopez S.FOUL (P2.T4),5:13 PM
269,11,3,304,0021001039,Griffin Free Throw 1 of 2 (14 PTS),,1:56,3,4.0,0,0,201933,Blake Griffin,LAC,Los Angeles,1610612746.0,Clippers,0,,,,,,0,,,,,,79 - 75,-4,,5:13 PM
270,0,8,306,0021001039,SUB: Bledsoe FOR Williams,,1:56,3,4.0,4,0,2590,Mo Williams,LAC,Los Angeles,1610612746.0,Clippers,202339,Eric Bledsoe,LAC,Los Angeles,1610612746.0,Clippers,0,,,,,,,,,5:13 PM
271,12,3,307,0021001039,Griffin Free Throw 2 of 2 (15 PTS),,1:56,3,4.0,0,0,201933,Blake Griffin,LAC,Los Angeles,1610612746.0,Clippers,0,,,,,,0,,,,,,79 - 76,-3,,5:14 PM
272,2,5,310,0021001039,Foye STEAL (1 STL),,1:40,3,5.0,4,0,959,Steve Nash,PHX,Phoenix,1610612756.0,Suns,200751,Randy Foye,LAC,Los Angeles,1610612746.0,Clippers,0,,,,,,,,Nash Lost Ball Turnover (P2.T6),5:14 PM
273,5,2,311,0021001039,MISS Diogu 1' Layup,,1:32,3,4.0,0,5,101113,Ike Diogu,LAC,Los Angeles,1610612746.0,Clippers,0,,,,,,201577,Robin Lopez,PHX,Phoenix,1610612756.0,Suns,,,Lopez BLOCK (2 BLK),5:14 PM
274,0,4,312,0021001039,,,1:30,3,5.0,0,0,201577,Robin Lopez,PHX,Phoenix,1610612756.0,Suns,0,,,,,,0,,,,,,,,Lopez REBOUND (Off:0 Def:1),5:14 PM
275,2,6,313,0021001039,Foye S.FOUL (P2.PN),,1:27,3,4.0,5,1,200751,Randy Foye,LAC,Los Angeles,1610612746.0,Clippers,255,Grant Hill,PHX,Phoenix,1610612756.0,Suns,0,,,,,,,,,5:14 PM
276,0,8,314,0021001039,SUB: Aminu FOR Gordon,,1:27,3,4.0,4,0,201569,Eric Gordon,LAC,Los Angeles,1610612746.0,Clippers,202329,Al-Farouq Aminu,LAC,Los Angeles,1610612746.0,Clippers,0,,,,,,,,,5:14 PM
277,0,8,315,0021001039,,,1:27,3,5.0,5,0,959,Steve Nash,PHX,Phoenix,1610612756.0,Suns,202220,Zabian Dowdell,PHX,Phoenix,1610612756.0,Suns,0,,,,,,,,SUB: Dowdell FOR Nash,5:15 PM
278,11,3,316,0021001039,,,1:27,3,5.0,0,0,255,Grant Hill,PHX,Phoenix,1610612756.0,Suns,0,,,,,,0,,,,,,80 - 76,-4,Hill Free Throw 1 of 2 (5 PTS),5:15 PM
279,12,3,318,0021001039,,,1:27,3,5.0,0,0,255,Grant Hill,PHX,Phoenix,1610612756.0,Suns,0,,,,,,0,,,,,,81 - 76,-5,Hill Free Throw 2 of 2 (6 PTS),5:15 PM
280,1,2,320,0021001039,MISS Foye 22' Jump Shot,,1:14,3,4.0,0,0,200751,Randy Foye,LAC,Los Angeles,1610612746.0,Clippers,0,,,,,,0,,,,,,,,,5:15 PM
281,0,4,321,0021001039,,,1:12,3,5.0,0,0,201162,Jared Dudley,PHX,Phoenix,1610612756.0,Suns,0,,,,,,0,,,,,,,,Dudley REBOUND (Off:4 Def:1),5:15 PM
282,1,2,322,0021001039,,,0:47,3,5.0,0,0,255,Grant Hill,PHX,Phoenix,1610612756.0,Suns,0,,,,,,0,,,,,,,,MISS Hill 26' 3PT Jump Shot,5:16 PM
283,0,4,323,0021001039,Foye REBOUND (Off:1 Def:1),,0:46,3,4.0,0,0,200751,Randy Foye,LAC,Los Angeles,1610612746.0,Clippers,0,,,,,,0,,,,,,,,,5:16 PM
284,26,6,324,0021001039,Bledsoe Offensive Charge Foul (P1.PN),,0:42,3,4.0,5,1,202339,Eric Bledsoe,LAC,Los Angeles,1610612746.0,Clippers,255,Grant Hill,PHX,Phoenix,1610612756.0,Suns,0,,,,,,,,,5:16 PM
285,5,5,325,0021001039,Bledsoe Foul Turnover (P1.T7),,0:42,3,4.0,0,1,202339,Eric Bledsoe,LAC,Los Angeles,1610612746.0,Clippers,0,,,,,,0,,,,,,,,,5:16 PM
286,1,2,326,0021001039,,,0:31,3,5.0,0,0,101112,Channing Frye,PHX,Phoenix,1610612756.0,Suns,0,,,,,,0,,,,,,,,MISS Frye 22' Jump Shot,5:16 PM
287,0,4,327,0021001039,Bledsoe REBOUND (Off:0 Def:2),,0:30,3,4.0,0,0,202339,Eric Bledsoe,LAC,Los Angeles,1610612746.0,Clippers,0,,,,,,0,,,,,,,,,5:16 PM
288,0,8,329,0021001039,,,0:28,3,5.0,5,0,101112,Channing Frye,PHX,Phoenix,1610612756.0,Suns,101124,Hakim Warrick,PHX,Phoenix,1610612756.0,Suns,0,,,,,,,,SUB: Warrick FOR Frye,5:17 PM
289,1,6,331,0021001039,,,0:08,3,5.0,4,1,101124,Hakim Warrick,PHX,Phoenix,1610612756.0,Suns,201933,Blake Griffin,LAC,Los Angeles,1610612746.0,Clippers,0,,,,,,,,Warrick P.FOUL (P1.PN),5:17 PM
290,11,3,332,0021001039,Griffin Free Throw 1 of 2 (16 PTS),,0:08,3,4.0,0,0,201933,Blake Griffin,LAC,Los Angeles,1610612746.0,Clippers,0,,,,,,0,,,,,,81 - 77,-4,,5:17 PM
291,12,3,334,0021001039,Griffin Free Throw 2 of 2 (17 PTS),,0:08,3,4.0,0,0,201933,Blake Griffin,LAC,Los Angeles,1610612746.0,Clippers,0,,,,,,0,,,,,,81 - 78,-3,,5:18 PM
292,1,5,336,0021001039,Bledsoe STEAL (2 STL),,0:00,3,5.0,4,0,201577,Robin Lopez,PHX,Phoenix,1610612756.0,Suns,202339,Eric Bledsoe,LAC,Los Angeles,1610612746.0,Clippers,0,,,,,,,,Lopez Bad Pass Turnover (P1.T7),5:18 PM
293,0,13,337,0021001039,,,0:00,3,0.0,0,0,0,,,,,,0,,,,,,0,,,,,,81 - 78,-3,,5:18 PM
294,0,12,339,0021001039,,,12:00,4,0.0,0,0,0,,,,,,0,,,,,,0,,,,,,81 - 78,-3,,5:21 PM
295,66,2,340,0021001039,MISS Griffin 12' Jump Bank Shot,,11:46,4,4.0,0,0,201933,Blake Griffin,LAC,Los Angeles,1610612746.0,Clippers,0,,,,,,0,,,,,,,,,5:21 PM
296,0,4,341,0021001039,,,11:46,4,3.0,0,0,1610612756,,,,,,0,,,,,,0,,,,,,,,Suns Rebound,5:21 PM
297,3,6,342,0021001039,Diogu L.B.FOUL (P3.T1),,11:46,4,4.0,5,1,101113,Ike Diogu,LAC,Los Angeles,1610612746.0,Clippers,101162,Marcin Gortat,PHX,Phoenix,1610612756.0,Suns,0,,,,,,,,,5:21 PM
298,1,6,343,0021001039,Griffin P.FOUL (P3.T2),,11:29,4,4.0,5,1,201933,Blake Griffin,LAC,Los Angeles,1610612746.0,Clippers,101162,Marcin Gortat,PHX,Phoenix,1610612756.0,Suns,0,,,,,,,,,5:22 PM
299,1,2,344,0021001039,,,11:23,4,5.0,0,0,202220,Zabian Dowdell,PHX,Phoenix,1610612756.0,Suns,0,,,,,,0,,,,,,,,MISS Dowdell 20' Jump Shot,5:22 PM
300,0,4,345,0021001039,CLIPPERS Rebound,,11:23,4,2.0,0,0,1610612746,,,,,,0,,,,,,0,,,,,,,,,5:22 PM
301,1,2,346,0021001039,MISS Aminu 14' Jump Shot,,11:04,4,4.0,0,0,202329,Al-Farouq Aminu,LAC,Los Angeles,1610612746.0,Clippers,0,,,,,,0,,,,,,,,,5:23 PM
302,0,4,347,0021001039,,,11:02,4,5.0,0,0,101162,Marcin Gortat,PHX,Phoenix,1610612756.0,Suns,0,,,,,,0,,,,,,,,Gortat REBOUND (Off:1 Def:5),5:23 PM
303,1,1,348,0021001039,,,10:51,4,5.0,5,0,101124,Hakim Warrick,PHX,Phoenix,1610612756.0,Suns,202220,Zabian Dowdell,PHX,Phoenix,1610612756.0,Suns,0,,,,,,83 - 78,-5,Warrick 19' Jump Shot (8 PTS) (Dowdell 2 AST),5:23 PM
304,1,2,349,0021001039,MISS Griffin 3' Jump Shot,,10:24,4,4.0,0,0,201933,Blake Griffin,LAC,Los Angeles,1610612746.0,Clippers,0,,,,,,0,,,,,,,,,5:23 PM
305,0,4,350,0021001039,,,10:23,4,5.0,0,0,101162,Marcin Gortat,PHX,Phoenix,1610612756.0,Suns,0,,,,,,0,,,,,,,,Gortat REBOUND (Off:1 Def:6),5:23 PM
306,0,8,352,0021001039,SUB: Kaman FOR Diogu,,10:23,4,4.0,4,0,101113,Ike Diogu,LAC,Los Angeles,1610612746.0,Clippers,2549,Chris Kaman,LAC,Los Angeles,1610612746.0,Clippers,0,,,,,,,,,5:23 PM
307,0,8,353,0021001039,SUB: Smith FOR Griffin,,10:23,4,4.0,4,0,201933,Blake Griffin,LAC,Los Angeles,1610612746.0,Clippers,200783,Craig Smith,LAC,Los Angeles,1610612746.0,Clippers,0,,,,,,,,,5:23 PM
308,0,8,354,0021001039,SUB: Gordon FOR Aminu,,10:23,4,4.0,4,0,202329,Al-Farouq Aminu,LAC,Los Angeles,1610612746.0,Clippers,201569,Eric Gordon,LAC,Los Angeles,1610612746.0,Clippers,0,,,,,,,,,5:23 PM
309,1,2,355,0021001039,,,10:06,4,5.0,0,0,2554,Mickael Pietrus,PHX,Phoenix,1610612756.0,Suns,0,,,,,,0,,,,,,,,MISS Pietrus 20' Jump Shot,5:24 PM
310,0,4,356,0021001039,Foye REBOUND (Off:1 Def:2),,10:05,4,4.0,0,0,200751,Randy Foye,LAC,Los Angeles,1610612746.0,Clippers,0,,,,,,0,,,,,,,,,5:24 PM
311,5,2,357,0021001039,MISS Gordon 1' Layup,,9:50,4,4.0,0,5,201569,Eric Gordon,LAC,Los Angeles,1610612746.0,Clippers,0,,,,,,2554,Mickael Pietrus,PHX,Phoenix,1610612756.0,Suns,,,Pietrus BLOCK (1 BLK),5:24 PM
312,0,4,358,0021001039,,,9:49,4,5.0,0,0,2554,Mickael Pietrus,PHX,Phoenix,1610612756.0,Suns,0,,,,,,0,,,,,,,,Pietrus REBOUND (Off:0 Def:1),5:24 PM
313,5,2,359,0021001039,,,9:43,4,5.0,0,0,202220,Zabian Dowdell,PHX,Phoenix,1610612756.0,Suns,0,,,,,,0,,,,,,,,MISS Dowdell 2' Layup,5:24 PM
314,0,4,360,0021001039,,,9:42,4,5.0,0,0,201162,Jared Dudley,PHX,Phoenix,1610612756.0,Suns,0,,,,,,0,,,,,,,,Dudley REBOUND (Off:5 Def:1),5:24 PM
315,5,1,361,0021001039,,,9:41,4,5.0,0,0,201162,Jared Dudley,PHX,Phoenix,1610612756.0,Suns,0,,,,,,0,,,,,,85 - 78,-7,Dudley 1' Layup (14 PTS),5:24 PM
316,2,5,362,0021001039,Bledsoe Lost Ball Turnover (P2.T8),,9:36,4,4.0,5,0,202339,Eric Bledsoe,LAC,Los Angeles,1610612746.0,Clippers,202220,Zabian Dowdell,PHX,Phoenix,1610612756.0,Suns,0,,,,,,,,Dowdell STEAL (1 STL),5:24 PM
317,5,1,363,0021001039,,,9:34,4,5.0,5,0,202220,Zabian Dowdell,PHX,Phoenix,1610612756.0,Suns,201162,Jared Dudley,PHX,Phoenix,1610612756.0,Suns,0,,,,,,87 - 78,-9,Dowdell  Layup (4 PTS) (Dudley 1 AST),5:24 PM
318,1,9,364,0021001039,CLIPPERS Timeout: Regular (Full 4 Short 1),,9:34,4,2.0,0,0,1610612746,,,,,,0,,,,,,0,,,,,,,,,5:25 PM
319,1,2,367,0021001039,MISS Foye 9' Jump Shot,,9:17,4,4.0,0,0,200751,Randy Foye,LAC,Los Angeles,1610612746.0,Clippers,0,,,,,,0,,,,,,,,,5:27 PM
320,0,4,368,0021001039,,,9:16,4,5.0,0,0,101162,Marcin Gortat,PHX,Phoenix,1610612756.0,Suns,0,,,,,,0,,,,,,,,Gortat REBOUND (Off:1 Def:7),5:27 PM
321,1,1,369,0021001039,,,8:57,4,5.0,0,0,202220,Zabian Dowdell,PHX,Phoenix,1610612756.0,Suns,0,,,,,,0,,,,,,89 - 78,-11,Dowdell 21' Jump Shot (6 PTS),5:27 PM
322,1,2,370,0021001039,MISS Bledsoe 26' 3PT Jump Shot,,8:36,4,4.0,0,0,202339,Eric Bledsoe,LAC,Los Angeles,1610612746.0,Clippers,0,,,,,,0,,,,,,,,,5:28 PM
323,0,4,371,0021001039,,,8:35,4,5.0,0,0,101162,Marcin Gortat,PHX,Phoenix,1610612756.0,Suns,0,,,,,,0,,,,,,,,Gortat REBOUND (Off:1 Def:8),5:28 PM
324,1,2,372,0021001039,,,8:29,4,5.0,0,0,2554,Mickael Pietrus,PHX,Phoenix,1610612756.0,Suns,0,,,,,,0,,,,,,,,MISS Pietrus 25' 3PT Jump Shot,5:28 PM
325,0,4,373,0021001039,Smith REBOUND (Off:0 Def:1),,8:26,4,4.0,0,0,200783,Craig Smith,LAC,Los Angeles,1610612746.0,Clippers,0,,,,,,0,,,,,,,,,5:28 PM
326,1,2,374,0021001039,MISS Bledsoe  3PT Jump Shot,,8:06,4,4.0,0,0,202339,Eric Bledsoe,LAC,Los Angeles,1610612746.0,Clippers,0,,,,,,0,,,,,,,,,5:28 PM
327,0,4,375,0021001039,,,8:04,4,5.0,0,0,101162,Marcin Gortat,PHX,Phoenix,1610612756.0,Suns,0,,,,,,0,,,,,,,,Gortat REBOUND (Off:1 Def:9),5:28 PM
328,1,2,376,0021001039,,,7:45,4,5.0,0,0,101162,Marcin Gortat,PHX,Phoenix,1610612756.0,Suns,0,,,,,,0,,,,,,,,MISS Gortat 17' Jump Shot,5:29 PM
329,0,4,377,0021001039,Foye REBOUND (Off:1 Def:3),,7:44,4,4.0,0,0,200751,Randy Foye,LAC,Los Angeles,1610612746.0,Clippers,0,,,,,,0,,,,,,,,,5:29 PM
330,1,2,378,0021001039,MISS Kaman 15' Jump Shot,,7:33,4,4.0,0,0,2549,Chris Kaman,LAC,Los Angeles,1610612746.0,Clippers,0,,,,,,0,,,,,,,,,5:29 PM
331,0,4,379,0021001039,,,7:32,4,3.0,0,0,1610612756,,,,,,0,,,,,,0,,,,,,,,Suns Rebound,5:29 PM
332,0,8,380,0021001039,SUB: Williams FOR Bledsoe,,7:32,4,4.0,4,0,202339,Eric Bledsoe,LAC,Los Angeles,1610612746.0,Clippers,2590,Mo Williams,LAC,Los Angeles,1610612746.0,Clippers,0,,,,,,,,,5:29 PM
333,1,2,381,0021001039,,,7:10,4,5.0,0,0,101124,Hakim Warrick,PHX,Phoenix,1610612756.0,Suns,0,,,,,,0,,,,,,,,MISS Warrick 19' Jump Shot,5:30 PM
334,0,4,382,0021001039,Kaman REBOUND (Off:3 Def:7),,7:09,4,4.0,0,0,2549,Chris Kaman,LAC,Los Angeles,1610612746.0,Clippers,0,,,,,,0,,,,,,,,,5:30 PM
335,42,1,383,0021001039,Gordon 2' Driving Layup (10 PTS),,7:03,4,4.0,0,0,201569,Eric Gordon,LAC,Los Angeles,1610612746.0,Clippers,0,,,,,,0,,,,,,89 - 80,-9,,5:30 PM
336,1,1,384,0021001039,,,6:46,4,5.0,0,0,202220,Zabian Dowdell,PHX,Phoenix,1610612756.0,Suns,0,,,,,,0,,,,,,91 - 80,-11,Dowdell 18' Jump Shot (8 PTS),5:30 PM
337,1,1,385,0021001039,Williams 18' Jump Shot (9 PTS),,6:36,4,4.0,0,0,2590,Mo Williams,LAC,Los Angeles,1610612746.0,Clippers,0,,,,,,0,,,,,,91 - 82,-9,,5:30 PM
338,1,2,386,0021001039,,,6:09,4,5.0,0,0,101124,Hakim Warrick,PHX,Phoenix,1610612756.0,Suns,0,,,,,,0,,,,,,,,MISS Warrick 17' Jump Shot,5:31 PM
339,0,4,387,0021001039,,,6:08,4,5.0,0,0,101124,Hakim Warrick,PHX,Phoenix,1610612756.0,Suns,0,,,,,,0,,,,,,,,Warrick REBOUND (Off:1 Def:0),5:31 PM
340,2,6,388,0021001039,Kaman S.FOUL (P1.T3),,6:07,4,4.0,5,1,2549,Chris Kaman,LAC,Los Angeles,1610612746.0,Clippers,101124,Hakim Warrick,PHX,Phoenix,1610612756.0,Suns,0,,,,,,,,,5:31 PM
341,0,8,389,0021001039,,,6:07,4,5.0,5,0,2554,Mickael Pietrus,PHX,Phoenix,1610612756.0,Suns,255,Grant Hill,PHX,Phoenix,1610612756.0,Suns,0,,,,,,,,SUB: Hill FOR Pietrus,5:31 PM
342,0,8,390,0021001039,,,6:07,4,5.0,5,0,202220,Zabian Dowdell,PHX,Phoenix,1610612756.0,Suns,959,Steve Nash,PHX,Phoenix,1610612756.0,Suns,0,,,,,,,,SUB: Nash FOR Dowdell,5:31 PM
343,0,8,391,0021001039,SUB: Griffin FOR Smith,,6:07,4,4.0,4,0,200783,Craig Smith,LAC,Los Angeles,1610612746.0,Clippers,201933,Blake Griffin,LAC,Los Angeles,1610612746.0,Clippers,0,,,,,,,,,5:31 PM
344,11,3,392,0021001039,,,6:07,4,5.0,0,0,101124,Hakim Warrick,PHX,Phoenix,1610612756.0,Suns,0,,,,,,0,,,,,,92 - 82,-10,Warrick Free Throw 1 of 2 (9 PTS),5:31 PM
345,12,3,394,0021001039,,,6:07,4,5.0,0,0,101124,Hakim Warrick,PHX,Phoenix,1610612756.0,Suns,0,,,,,,0,,,,,,93 - 82,-11,Warrick Free Throw 2 of 2 (10 PTS),5:31 PM
346,1,2,397,0021001039,MISS Kaman 19' Jump Shot,,5:56,4,4.0,0,0,2549,Chris Kaman,LAC,Los Angeles,1610612746.0,Clippers,0,,,,,,0,,,,,,,,,5:32 PM
347,0,4,398,0021001039,,,5:54,4,5.0,0,0,101124,Hakim Warrick,PHX,Phoenix,1610612756.0,Suns,0,,,,,,0,,,,,,,,Warrick REBOUND (Off:1 Def:1),5:32 PM
348,1,5,399,0021001039,Kaman STEAL (1 STL),,5:41,4,5.0,4,0,959,Steve Nash,PHX,Phoenix,1610612756.0,Suns,2549,Chris Kaman,LAC,Los Angeles,1610612746.0,Clippers,0,,,,,,,,Nash Bad Pass Turnover (P3.T8),5:32 PM
349,1,5,400,0021001039,Kaman Bad Pass Turnover (P1.T9),,5:37,4,4.0,5,0,2549,Chris Kaman,LAC,Los Angeles,1610612746.0,Clippers,101124,Hakim Warrick,PHX,Phoenix,1610612756.0,Suns,0,,,,,,,,Warrick STEAL (2 STL),5:32 PM
350,1,1,401,0021001039,,,5:23,4,5.0,5,0,101162,Marcin Gortat,PHX,Phoenix,1610612756.0,Suns,959,Steve Nash,PHX,Phoenix,1610612756.0,Suns,0,,,,,,95 - 82,-13,Gortat 10' Jump Shot (15 PTS) (Nash 12 AST),5:32 PM
351,2,6,402,0021001039,,,5:07,4,5.0,4,1,959,Steve Nash,PHX,Phoenix,1610612756.0,Suns,2590,Mo Williams,LAC,Los Angeles,1610612746.0,Clippers,0,,,,,,,,Nash S.FOUL (P2.T1),5:33 PM
352,4,9,403,0021001039,,,5:07,4,1.0,0,0,0,,,,,,0,,,,,,0,,,,,,,,,5:33 PM
353,11,3,405,0021001039,Williams Free Throw 1 of 2 (10 PTS),,5:07,4,4.0,0,0,2590,Mo Williams,LAC,Los Angeles,1610612746.0,Clippers,0,,,,,,0,,,,,,95 - 83,-12,,5:35 PM
354,12,3,407,0021001039,Williams Free Throw 2 of 2 (11 PTS),,5:07,4,4.0,0,0,2590,Mo Williams,LAC,Los Angeles,1610612746.0,Clippers,0,,,,,,0,,,,,,95 - 84,-11,,5:35 PM
355,1,6,410,0021001039,Williams P.FOUL (P3.T4),,4:56,4,4.0,5,1,2590,Mo Williams,LAC,Los Angeles,1610612746.0,Clippers,959,Steve Nash,PHX,Phoenix,1610612756.0,Suns,0,,,,,,,,,5:36 PM
356,7,2,411,0021001039,Griffin BLOCK (2 BLK),,4:46,4,5.0,0,4,101124,Hakim Warrick,PHX,Phoenix,1610612756.0,Suns,0,,,,,,201933,Blake Griffin,LAC,Los Angeles,1610612746.0,Clippers,,,MISS Warrick 2' Dunk,5:36 PM
357,0,4,412,0021001039,Gordon REBOUND (Off:0 Def:4),,4:44,4,4.0,0,0,201569,Eric Gordon,LAC,Los Angeles,1610612746.0,Clippers,0,,,,,,0,,,,,,,,,5:36 PM
358,4,6,413,0021001039,Griffin OFF.Foul (P4),,4:38,4,4.0,5,1,201933,Blake Griffin,LAC,Los Angeles,1610612746.0,Clippers,101124,Hakim Warrick,PHX,Phoenix,1610612756.0,Suns,0,,,,,,,,,5:37 PM
359,5,5,414,0021001039,Griffin Foul Turnover (P1.T10),,4:38,4,4.0,0,1,201933,Blake Griffin,LAC,Los Angeles,1610612746.0,Clippers,0,,,,,,0,,,,,,,,,5:37 PM
360,1,6,415,0021001039,Griffin P.FOUL (P5.PN),,4:25,4,4.0,5,1,201933,Blake Griffin,LAC,Los Angeles,1610612746.0,Clippers,101124,Hakim Warrick,PHX,Phoenix,1610612756.0,Suns,0,,,,,,,,,5:37 PM
361,11,3,416,0021001039,,,4:25,4,5.0,0,0,101124,Hakim Warrick,PHX,Phoenix,1610612756.0,Suns,0,,,,,,0,,,,,,96 - 84,-12,Warrick Free Throw 1 of 2 (11 PTS),5:37 PM
362,12,3,418,0021001039,,,4:25,4,5.0,0,0,101124,Hakim Warrick,PHX,Phoenix,1610612756.0,Suns,0,,,,,,0,,,,,,97 - 84,-13,Warrick Free Throw 2 of 2 (12 PTS),5:38 PM
363,26,6,420,0021001039,Griffin Offensive Charge Foul (P6.PN),,4:09,4,4.0,5,1,201933,Blake Griffin,LAC,Los Angeles,1610612746.0,Clippers,101162,Marcin Gortat,PHX,Phoenix,1610612756.0,Suns,0,,,,,,,,,5:38 PM
364,5,5,421,0021001039,Griffin Foul Turnover (P2.T11),,4:09,4,4.0,0,1,201933,Blake Griffin,LAC,Los Angeles,1610612746.0,Clippers,0,,,,,,0,,,,,,,,,5:38 PM
365,11,6,422,0021001039,Griffin T.FOUL (P6.PN),,4:09,4,4.0,0,1,201933,Blake Griffin,LAC,Los Angeles,1610612746.0,Clippers,0,,,,,,0,,,,,,,,,5:39 PM
366,16,3,423,0021001039,,,4:09,4,5.0,0,0,959,Steve Nash,PHX,Phoenix,1610612756.0,Suns,0,,,,,,0,,,,,,98 - 84,-14,Nash Free Throw Technical (21 PTS),5:39 PM
367,0,8,425,0021001039,SUB: Cook FOR Griffin,,4:09,4,4.0,4,0,201933,Blake Griffin,LAC,Los Angeles,1610612746.0,Clippers,2567,Brian Cook,LAC,Los Angeles,1610612746.0,Clippers,0,,,,,,,,,5:40 PM
368,1,2,426,0021001039,,,3:49,4,5.0,0,0,101124,Hakim Warrick,PHX,Phoenix,1610612756.0,Suns,0,,,,,,0,,,,,,,,MISS Warrick 19' Jump Shot,5:40 PM
369,0,4,427,0021001039,Williams REBOUND (Off:1 Def:6),,3:48,4,4.0,0,0,2590,Mo Williams,LAC,Los Angeles,1610612746.0,Clippers,0,,,,,,0,,,,,,,,,5:40 PM
370,2,6,428,0021001039,,,3:43,4,5.0,4,1,959,Steve Nash,PHX,Phoenix,1610612756.0,Suns,2590,Mo Williams,LAC,Los Angeles,1610612746.0,Clippers,0,,,,,,,,Nash S.FOUL (P3.T2),5:40 PM
371,11,3,429,0021001039,Williams Free Throw 1 of 2 (12 PTS),,3:43,4,4.0,0,0,2590,Mo Williams,LAC,Los Angeles,1610612746.0,Clippers,0,,,,,,0,,,,,,98 - 85,-13,,5:41 PM
372,0,8,431,0021001039,,,3:43,4,5.0,5,0,101124,Hakim Warrick,PHX,Phoenix,1610612756.0,Suns,101112,Channing Frye,PHX,Phoenix,1610612756.0,Suns,0,,,,,,,,SUB: Frye FOR Warrick,5:41 PM
373,12,3,432,0021001039,Williams Free Throw 2 of 2 (13 PTS),,3:43,4,4.0,0,0,2590,Mo Williams,LAC,Los Angeles,1610612746.0,Clippers,0,,,,,,0,,,,,,98 - 86,-12,,5:41 PM
374,2,5,434,0021001039,Cook STEAL (1 STL),,3:21,4,5.0,4,0,255,Grant Hill,PHX,Phoenix,1610612756.0,Suns,2567,Brian Cook,LAC,Los Angeles,1610612746.0,Clippers,0,,,,,,,,Hill Lost Ball Turnover (P2.T9),5:41 PM
375,42,1,435,0021001039,Kaman 2' Driving Layup (18 PTS) (Williams 6 AST),,3:13,4,4.0,4,0,2549,Chris Kaman,LAC,Los Angeles,1610612746.0,Clippers,2590,Mo Williams,LAC,Los Angeles,1610612746.0,Clippers,0,,,,,,98 - 88,-10,,5:42 PM
376,2,6,436,0021001039,,,3:13,4,5.0,4,1,255,Grant Hill,PHX,Phoenix,1610612756.0,Suns,2549,Chris Kaman,LAC,Los Angeles,1610612746.0,Clippers,0,,,,,,,,Hill S.FOUL (P1.T3),5:42 PM
377,10,3,437,0021001039,Kaman Free Throw 1 of 1 (19 PTS),,3:13,4,4.0,0,0,2549,Chris Kaman,LAC,Los Angeles,1610612746.0,Clippers,0,,,,,,0,,,,,,98 - 89,-9,,5:42 PM
378,1,9,440,0021001039,,,3:13,4,3.0,0,0,1610612756,,,,,,0,,,,,,0,,,,,,,,Suns Timeout: Regular (Reg.4 Short 0),5:42 PM
379,86,2,441,0021001039,,,2:55,4,5.0,0,0,101162,Marcin Gortat,PHX,Phoenix,1610612756.0,Suns,0,,,,,,0,,,,,,,,MISS Gortat 11' Turnaround Fadeaway Shot,5:45 PM
380,0,4,442,0021001039,Gordon REBOUND (Off:0 Def:5),,2:51,4,4.0,0,0,201569,Eric Gordon,LAC,Los Angeles,1610612746.0,Clippers,0,,,,,,0,,,,,,,,,5:45 PM
381,3,2,443,0021001039,MISS Kaman 4' Hook Shot,,2:40,4,4.0,0,0,2549,Chris Kaman,LAC,Los Angeles,1610612746.0,Clippers,0,,,,,,0,,,,,,,,,5:45 PM
382,0,4,444,0021001039,,,2:38,4,5.0,0,0,101112,Channing Frye,PHX,Phoenix,1610612756.0,Suns,0,,,,,,0,,,,,,,,Frye REBOUND (Off:0 Def:4),5:45 PM
383,1,1,445,0021001039,,,2:25,4,5.0,5,0,101112,Channing Frye,PHX,Phoenix,1610612756.0,Suns,959,Steve Nash,PHX,Phoenix,1610612756.0,Suns,0,,,,,,101 - 89,-12,Frye 26' 3PT Jump Shot (16 PTS) (Nash 13 AST),5:45 PM
384,2,6,446,0021001039,,,2:19,4,5.0,4,1,101112,Channing Frye,PHX,Phoenix,1610612756.0,Suns,2590,Mo Williams,LAC,Los Angeles,1610612746.0,Clippers,0,,,,,,,,Frye S.FOUL (P4.T4),5:45 PM
385,11,3,447,0021001039,Williams Free Throw 1 of 2 (14 PTS),,2:19,4,4.0,0,0,2590,Mo Williams,LAC,Los Angeles,1610612746.0,Clippers,0,,,,,,0,,,,,,101 - 90,-11,,5:46 PM
386,12,3,449,0021001039,MISS Williams Free Throw 2 of 2,,2:19,4,4.0,0,0,2590,Mo Williams,LAC,Los Angeles,1610612746.0,Clippers,0,,,,,,0,,,,,,,,,5:46 PM
387,0,4,451,0021001039,,,2:18,4,5.0,0,0,101162,Marcin Gortat,PHX,Phoenix,1610612756.0,Suns,0,,,,,,0,,,,,,,,Gortat REBOUND (Off:1 Def:10),5:46 PM
388,80,2,452,0021001039,,,1:54,4,5.0,0,0,959,Steve Nash,PHX,Phoenix,1610612756.0,Suns,0,,,,,,0,,,,,,,,MISS Nash 17' Step Back Jump Shot,5:46 PM
389,0,4,453,0021001039,Kaman REBOUND (Off:3 Def:8),,1:53,4,4.0,0,0,2549,Chris Kaman,LAC,Los Angeles,1610612746.0,Clippers,0,,,,,,0,,,,,,,,,5:46 PM
390,71,1,454,0021001039,Williams 3' Finger Roll Layup (16 PTS),,1:48,4,4.0,0,0,2590,Mo Williams,LAC,Los Angeles,1610612746.0,Clippers,0,,,,,,0,,,,,,101 - 92,-9,,5:47 PM
391,1,2,455,0021001039,,,1:25,4,5.0,0,0,201162,Jared Dudley,PHX,Phoenix,1610612756.0,Suns,0,,,,,,0,,,,,,,,MISS Dudley  3PT Jump Shot,5:47 PM
392,0,4,456,0021001039,,,1:24,4,5.0,0,0,101162,Marcin Gortat,PHX,Phoenix,1610612756.0,Suns,0,,,,,,0,,,,,,,,Gortat REBOUND (Off:2 Def:10),5:47 PM
393,2,7,458,0021001039,Kaman Violation:Defensive Goaltending,,1:24,4,4.0,0,1,2549,Chris Kaman,LAC,Los Angeles,1610612746.0,Clippers,0,,,,,,0,,,,,,,,,5:47 PM
394,5,1,457,0021001039,,,1:24,4,5.0,0,0,101162,Marcin Gortat,PHX,Phoenix,1610612756.0,Suns,0,,,,,,0,,,,,,103 - 92,-11,Gortat 2' Layup (17 PTS),5:47 PM
395,1,9,459,0021001039,CLIPPERS Timeout: Regular (Full 5 Short 1),,1:24,4,2.0,0,0,1610612746,,,,,,0,,,,,,0,,,,,,,,,5:47 PM
396,7,1,461,0021001039,Kaman 2' Dunk (21 PTS) (Gordon 4 AST),,1:20,4,4.0,4,0,2549,Chris Kaman,LAC,Los Angeles,1610612746.0,Clippers,201569,Eric Gordon,LAC,Los Angeles,1610612746.0,Clippers,0,,,,,,103 - 94,-9,,5:49 PM
397,1,6,462,0021001039,Williams P.FOUL (P4.PN),,1:20,4,4.0,5,1,2590,Mo Williams,LAC,Los Angeles,1610612746.0,Clippers,959,Steve Nash,PHX,Phoenix,1610612756.0,Suns,0,,,,,,,,,5:50 PM
398,11,3,463,0021001039,,,1:20,4,5.0,0,0,959,Steve Nash,PHX,Phoenix,1610612756.0,Suns,0,,,,,,0,,,,,,,,MISS Nash Free Throw 1 of 2,5:50 PM
399,1,4,464,0021001039,,,1:20,4,3.0,0,0,1610612756,,,,,,0,,,,,,0,,,,,,,,Suns Rebound,5:50 PM
400,12,3,465,0021001039,,,1:20,4,5.0,0,0,959,Steve Nash,PHX,Phoenix,1610612756.0,Suns,0,,,,,,0,,,,,,104 - 94,-10,Nash Free Throw 2 of 2 (22 PTS),5:50 PM
401,1,1,467,0021001039,Cook 27' 3PT Jump Shot (3 PTS) (Williams 7 AST),,1:12,4,4.0,4,0,2567,Brian Cook,LAC,Los Angeles,1610612746.0,Clippers,2590,Mo Williams,LAC,Los Angeles,1610612746.0,Clippers,0,,,,,,104 - 97,-7,,5:51 PM
402,1,1,469,0021001039,,,0:50,4,5.0,5,0,101112,Channing Frye,PHX,Phoenix,1610612756.0,Suns,101162,Marcin Gortat,PHX,Phoenix,1610612756.0,Suns,0,,,,,,107 - 97,-10,Frye 28' 3PT Jump Shot (19 PTS) (Gortat 1 AST),5:51 PM
403,2,9,470,0021001039,CLIPPERS Timeout: Short (Full 5 Short 2),,0:50,4,2.0,0,0,1610612746,,,,,,0,,,,,,0,,,,,,,,,5:51 PM
404,42,1,472,0021001039,Williams 1' Driving Layup (18 PTS),,0:45,4,4.0,0,0,2590,Mo Williams,LAC,Los Angeles,1610612746.0,Clippers,0,,,,,,0,,,,,,107 - 99,-8,,5:53 PM
405,1,6,473,0021001039,Gordon P.FOUL (P3.PN),,0:42,4,4.0,5,1,201569,Eric Gordon,LAC,Los Angeles,1610612746.0,Clippers,959,Steve Nash,PHX,Phoenix,1610612756.0,Suns,0,,,,,,,,,5:53 PM
406,11,3,474,0021001039,,,0:42,4,5.0,0,0,959,Steve Nash,PHX,Phoenix,1610612756.0,Suns,0,,,,,,0,,,,,,,,MISS Nash Free Throw 1 of 2,5:53 PM
407,1,4,475,0021001039,,,0:42,4,3.0,0,0,1610612756,,,,,,0,,,,,,0,,,,,,,,Suns Rebound,5:53 PM
408,12,3,476,0021001039,,,0:42,4,5.0,0,0,959,Steve Nash,PHX,Phoenix,1610612756.0,Suns,0,,,,,,0,,,,,,108 - 99,-9,Nash Free Throw 2 of 2 (23 PTS),5:53 PM
409,5,2,478,0021001039,MISS Williams 3' Layup,,0:35,4,4.0,0,0,2590,Mo Williams,LAC,Los Angeles,1610612746.0,Clippers,0,,,,,,0,,,,,,,,,5:54 PM
410,0,4,479,0021001039,,,0:35,4,3.0,0,0,1610612756,,,,,,0,,,,,,0,,,,,,,,Suns Rebound,5:54 PM
411,44,2,481,0021001039,,,0:16,4,5.0,0,0,201162,Jared Dudley,PHX,Phoenix,1610612756.0,Suns,0,,,,,,0,,,,,,,,MISS Dudley 2' Reverse Layup,5:54 PM
412,0,4,482,0021001039,Cook REBOUND (Off:0 Def:1),,0:15,4,4.0,0,0,2567,Brian Cook,LAC,Los Angeles,1610612746.0,Clippers,0,,,,,,0,,,,,,,,,5:54 PM
413,1,2,483,0021001039,MISS Foye 26' 3PT Jump Shot,,0:10,4,4.0,0,0,200751,Randy Foye,LAC,Los Angeles,1610612746.0,Clippers,0,,,,,,0,,,,,,,,,5:54 PM
414,0,4,484,0021001039,,,0:07,4,5.0,0,0,101162,Marcin Gortat,PHX,Phoenix,1610612756.0,Suns,0,,,,,,0,,,,,,,,Gortat REBOUND (Off:2 Def:11),5:54 PM
415,0,13,485,0021001039,,,0:00,4,0.0,0,0,0,,,,,,0,,,,,,0,,,,,,108 - 99,-9,,5:55 PM
