,EVENTMSGACTIONTYPE,EVENTMSGTYPE,EVENTNUM,GAME_ID,HOMEDESCRIPTION,NEUTRALDESCRIPTION,PCTIMESTRING,PERIOD,PERSON1TYPE,PERSON2TYPE,PERSON3TYPE,PLAYER1_ID,PLAYER1_NAME,PLAYER1_TEAM_ABBREVIATION,PLAYER1_TEAM_CITY,PLAYER1_TEAM_ID,PLAYER1_TEAM_NICKNAME,PLAYER2_ID,PLAYER2_NAME,PLAYER2_TEAM_ABBREVIATION,PLAYER2_TEAM_CITY,PLAYER2_TEAM_ID,PLAYER2_TEAM_NICKNAME,PLAYER3_ID,PLAYER3_NAME,PLAYER3_TEAM_ABBREVIATION,PLAYER3_TEAM_CITY,PLAYER3_TEAM_ID,PLAYER3_TEAM_NICKNAME,SCORE,SCOREMARGIN,VISITORDESCRIPTION,WCTIMESTRING
0,0,12,0,0021401157,,,12:00,1,0.0,0,0,0,,,,,,0,,,,,,0,,,,,,,,,8:16 PM
1,0,10,1,0021401157,Jump Ball Adams vs. Duncan: Tip to Kanter,,12:00,1,4.0,5,4,203500,Steven Adams,OKC,Oklahoma City,1610612760.0,Thunder,1495,Tim Duncan,SAS,San Antonio,1610612759.0,Spurs,202683,Enes Kanter,OKC,Oklahoma City,1610612760.0,Thunder,,,,8:16 PM
2,1,2,2,0021401157,MISS Kanter 17' Jump Shot,,11:47,1,4.0,0,0,202683,Enes Kanter,OKC,Oklahoma City,1610612760.0,Thunder,0,,,,,,0,,,,,,,,,8:16 PM
3,0,4,3,0021401157,,,11:46,1,5.0,0,0,1495,Tim Duncan,SAS,San Antonio,1610612759.0,Spurs,0,,,,,,0,,,,,,,,Duncan REBOUND (Off:0 Def:1),8:16 PM
4,79,2,4,0021401157,,,11:27,1,5.0,0,0,2225,Tony Parker,SAS,San Antonio,1610612759.0,Spurs,0,,,,,,0,,,,,,,,MISS Parker 18' Pullup Jump Shot,8:17 PM
5,0,4,5,0021401157,Adams REBOUND (Off:0 Def:1),,11:26,1,4.0,0,0,203500,Steven Adams,OKC,Oklahoma City,1610612760.0,Thunder,0,,,,,,0,,,,,,,,,8:17 PM
6,80,2,7,0021401157,MISS Waiters 18' Step Back Jump Shot,,11:09,1,4.0,0,0,203079,Dion Waiters,OKC,Oklahoma City,1610612760.0,Thunder,0,,,,,,0,,,,,,,,,8:17 PM
7,0,10,8,0021401157,Jump Ball Kanter vs. Green: Tip to Duncan,,11:07,1,4.0,5,5,202683,Enes Kanter,OKC,Oklahoma City,1610612760.0,Thunder,201980,Danny Green,SAS,San Antonio,1610612759.0,Spurs,1495,Tim Duncan,SAS,San Antonio,1610612759.0,Spurs,,,,8:18 PM
8,0,4,9,0021401157,,,11:07,1,5.0,0,0,201980,Danny Green,SAS,San Antonio,1610612759.0,Spurs,0,,,,,,0,,,,,,,,Green REBOUND (Off:0 Def:1),8:18 PM
9,1,5,10,0021401157,Kanter STEAL (1 STL),,10:57,1,5.0,4,0,1495,Tim Duncan,SAS,San Antonio,1610612759.0,Spurs,202683,Enes Kanter,OKC,Oklahoma City,1610612760.0,Thunder,0,,,,,,,,Duncan Bad Pass Turnover (P1.T1),8:18 PM
10,2,6,11,0021401157,,,10:53,1,5.0,4,1,201980,Danny Green,SAS,San Antonio,1610612759.0,Spurs,202713,Kyle Singler,OKC,Oklahoma City,1610612760.0,Thunder,0,,,,,,,,Green S.FOUL (P1.T1),8:18 PM
11,11,3,12,0021401157,MISS Singler Free Throw 1 of 2,,10:53,1,4.0,0,0,202713,Kyle Singler,OKC,Oklahoma City,1610612760.0,Thunder,0,,,,,,0,,,,,,,,,8:18 PM
12,1,4,13,0021401157,THUNDER Rebound,,10:53,1,2.0,0,0,1610612760,,,,,,0,,,,,,0,,,,,,,,,8:18 PM
13,12,3,14,0021401157,MISS Singler Free Throw 2 of 2,,10:53,1,4.0,0,0,202713,Kyle Singler,OKC,Oklahoma City,1610612760.0,Thunder,0,,,,,,0,,,,,,,,,8:18 PM
14,0,4,16,0021401157,,,10:53,1,5.0,0,0,202695,Kawhi Leonard,SAS,San Antonio,1610612759.0,Spurs,0,,,,,,0,,,,,,,,Leonard REBOUND (Off:0 Def:1),8:19 PM
15,1,1,17,0021401157,,,10:31,1,5.0,5,0,202695,Kawhi Leonard,SAS,San Antonio,1610612759.0,Spurs,201980,Danny Green,SAS,San Antonio,1610612759.0,Spurs,0,,,,,,3 - 0,-3,Leonard 25' 3PT Jump Shot (3 PTS) (Green 1 AST),8:19 PM
16,2,5,18,0021401157,Singler Lost Ball Turnover (P1.T1),,10:16,1,4.0,5,0,202713,Kyle Singler,OKC,Oklahoma City,1610612760.0,Thunder,202695,Kawhi Leonard,SAS,San Antonio,1610612759.0,Spurs,0,,,,,,,,Leonard STEAL (1 STL),8:19 PM
17,7,1,19,0021401157,,,10:13,1,5.0,0,0,202695,Kawhi Leonard,SAS,San Antonio,1610612759.0,Spurs,0,,,,,,0,,,,,,5 - 0,-5,Leonard  Dunk (5 PTS),8:19 PM
18,1,2,20,0021401157,MISS Waiters 25' 3PT Jump Shot,,9:57,1,4.0,0,0,203079,Dion Waiters,OKC,Oklahoma City,1610612760.0,Thunder,0,,,,,,0,,,,,,,,,8:20 PM
19,0,4,21,0021401157,,,9:56,1,5.0,0,0,1495,Tim Duncan,SAS,San Antonio,1610612759.0,Spurs,0,,,,,,0,,,,,,,,Duncan REBOUND (Off:0 Def:2),8:20 PM
20,1,5,22,0021401157,Westbrook STEAL (1 STL),,9:54,1,5.0,4,0,1495,Tim Duncan,SAS,San Antonio,1610612759.0,Spurs,201566,Russell Westbrook,OKC,Oklahoma City,1610612760.0,Thunder,0,,,,,,,,Duncan Bad Pass Turnover (P2.T2),8:20 PM
21,71,2,23,0021401157,MISS Adams 1' Finger Roll Layup,,9:41,1,4.0,0,0,203500,Steven Adams,OKC,Oklahoma City,1610612760.0,Thunder,0,,,,,,0,,,,,,,,,8:20 PM
22,0,4,24,0021401157,,,9:41,1,3.0,0,0,1610612759,,,,,,0,,,,,,0,,,,,,,,Spurs Rebound,8:20 PM
23,1,2,25,0021401157,,,9:19,1,5.0,0,0,2225,Tony Parker,SAS,San Antonio,1610612759.0,Spurs,0,,,,,,0,,,,,,,,MISS Parker  3PT Jump Shot,8:20 PM
24,0,4,27,0021401157,,,9:17,1,5.0,0,0,203382,Aron Baynes,SAS,San Antonio,1610612759.0,Spurs,0,,,,,,0,,,,,,,,Baynes REBOUND (Off:1 Def:0),8:20 PM
25,4,2,26,0021401157,,,9:17,1,5.0,0,0,203382,Aron Baynes,SAS,San Antonio,1610612759.0,Spurs,0,,,,,,0,,,,,,,,MISS Baynes 1' Tip Shot,8:20 PM
26,0,4,28,0021401157,Westbrook REBOUND (Off:0 Def:1),,9:15,1,4.0,0,0,201566,Russell Westbrook,OKC,Oklahoma City,1610612760.0,Thunder,0,,,,,,0,,,,,,,,,8:20 PM
27,79,2,29,0021401157,MISS Westbrook 13' Pullup Jump Shot,,9:11,1,4.0,0,0,201566,Russell Westbrook,OKC,Oklahoma City,1610612760.0,Thunder,0,,,,,,0,,,,,,,,,8:20 PM
28,0,4,30,0021401157,Kanter REBOUND (Off:1 Def:0),,9:10,1,4.0,0,0,202683,Enes Kanter,OKC,Oklahoma City,1610612760.0,Thunder,0,,,,,,0,,,,,,,,,8:21 PM
29,5,1,31,0021401157,Kanter 1' Layup (2 PTS),,9:09,1,4.0,0,0,202683,Enes Kanter,OKC,Oklahoma City,1610612760.0,Thunder,0,,,,,,0,,,,,,5 - 2,-3,,8:21 PM
30,82,2,32,0021401157,,,8:50,1,5.0,0,0,203382,Aron Baynes,SAS,San Antonio,1610612759.0,Spurs,0,,,,,,0,,,,,,,,MISS Baynes 4' Driving Bank Shot,8:21 PM
31,0,4,33,0021401157,Singler REBOUND (Off:0 Def:1),,8:49,1,4.0,0,0,202713,Kyle Singler,OKC,Oklahoma City,1610612760.0,Thunder,0,,,,,,0,,,,,,,,,8:21 PM
32,1,2,34,0021401157,MISS Singler  3PT Jump Shot,,8:31,1,4.0,0,0,202713,Kyle Singler,OKC,Oklahoma City,1610612760.0,Thunder,0,,,,,,0,,,,,,,,,8:21 PM
33,0,4,35,0021401157,Kanter REBOUND (Off:2 Def:0),,8:29,1,4.0,0,0,202683,Enes Kanter,OKC,Oklahoma City,1610612760.0,Thunder,0,,,,,,0,,,,,,,,,8:21 PM
34,47,2,36,0021401157,MISS Kanter 7' Turnaround Jump Shot,,8:24,1,4.0,0,0,202683,Enes Kanter,OKC,Oklahoma City,1610612760.0,Thunder,0,,,,,,0,,,,,,,,,8:21 PM
35,0,4,37,0021401157,,,8:23,1,5.0,0,0,201980,Danny Green,SAS,San Antonio,1610612759.0,Spurs,0,,,,,,0,,,,,,,,Green REBOUND (Off:0 Def:2),8:21 PM
36,1,6,38,0021401157,Westbrook P.FOUL (P1.T1),,8:12,1,4.0,5,1,201566,Russell Westbrook,OKC,Oklahoma City,1610612760.0,Thunder,202695,Kawhi Leonard,SAS,San Antonio,1610612759.0,Spurs,0,,,,,,,,,8:22 PM
37,1,2,39,0021401157,,,8:06,1,5.0,0,0,202695,Kawhi Leonard,SAS,San Antonio,1610612759.0,Spurs,0,,,,,,0,,,,,,,,MISS Leonard 15' Jump Shot,8:22 PM
38,0,4,40,0021401157,Singler REBOUND (Off:0 Def:2),,8:05,1,4.0,0,0,202713,Kyle Singler,OKC,Oklahoma City,1610612760.0,Thunder,0,,,,,,0,,,,,,,,,8:22 PM
39,40,2,41,0021401157,MISS Adams 2' Layup,,7:59,1,4.0,0,5,203500,Steven Adams,OKC,Oklahoma City,1610612760.0,Thunder,0,,,,,,1495,Tim Duncan,SAS,San Antonio,1610612759.0,Spurs,,,Duncan BLOCK (1 BLK),8:22 PM
40,0,4,49,0021401157,THUNDER Rebound,,7:59,1,2.0,0,0,1610612760,,,,,,0,,,,,,0,,,,,,,,,8:22 PM
41,1,5,42,0021401157,Waiters Bad Pass Turnover (P1.T2),,7:59,1,4.0,0,1,203079,Dion Waiters,OKC,Oklahoma City,1610612760.0,Thunder,0,,,,,,0,,,,,,,,,8:22 PM
42,1,2,43,0021401157,,,7:42,1,5.0,0,0,1495,Tim Duncan,SAS,San Antonio,1610612759.0,Spurs,0,,,,,,0,,,,,,,,MISS Duncan 19' Jump Shot,8:23 PM
43,0,4,44,0021401157,Westbrook REBOUND (Off:0 Def:2),,7:41,1,4.0,0,0,201566,Russell Westbrook,OKC,Oklahoma City,1610612760.0,Thunder,0,,,,,,0,,,,,,,,,8:23 PM
44,79,1,45,0021401157,Westbrook 17' Pullup Jump Shot (2 PTS),,7:35,1,4.0,0,0,201566,Russell Westbrook,OKC,Oklahoma City,1610612760.0,Thunder,0,,,,,,0,,,,,,5 - 4,-1,,8:23 PM
45,78,1,46,0021401157,,,7:18,1,5.0,5,0,1495,Tim Duncan,SAS,San Antonio,1610612759.0,Spurs,2225,Tony Parker,SAS,San Antonio,1610612759.0,Spurs,0,,,,,,7 - 4,-3,Duncan 10' Floating Jump Shot (2 PTS) (Parker 1 AST),8:23 PM
46,2,6,48,0021401157,,,7:05,1,5.0,4,1,202695,Kawhi Leonard,SAS,San Antonio,1610612759.0,Spurs,202713,Kyle Singler,OKC,Oklahoma City,1610612760.0,Thunder,0,,,,,,,,Leonard S.FOUL (P1.T2),8:24 PM
47,11,3,50,0021401157,MISS Singler Free Throw 1 of 2,,7:05,1,4.0,0,0,202713,Kyle Singler,OKC,Oklahoma City,1610612760.0,Thunder,0,,,,,,0,,,,,,,,,8:24 PM
48,1,4,51,0021401157,THUNDER Rebound,,7:05,1,2.0,0,0,1610612760,,,,,,0,,,,,,0,,,,,,,,,8:24 PM
49,12,3,54,0021401157,Singler Free Throw 2 of 2 (1 PTS),,7:05,1,4.0,0,0,202713,Kyle Singler,OKC,Oklahoma City,1610612760.0,Thunder,0,,,,,,0,,,,,,7 - 5,-2,,8:24 PM
50,52,1,56,0021401157,,,6:57,1,5.0,5,0,202695,Kawhi Leonard,SAS,San Antonio,1610612759.0,Spurs,1495,Tim Duncan,SAS,San Antonio,1610612759.0,Spurs,0,,,,,,9 - 5,-4,Leonard  Alley Oop Dunk (7 PTS) (Duncan 1 AST),8:24 PM
51,42,2,57,0021401157,MISS Kanter 3' Driving Layup,,6:42,1,4.0,0,5,202683,Enes Kanter,OKC,Oklahoma City,1610612760.0,Thunder,0,,,,,,1495,Tim Duncan,SAS,San Antonio,1610612759.0,Spurs,,,Duncan BLOCK (2 BLK),8:25 PM
52,0,4,59,0021401157,,,6:42,1,3.0,0,0,1610612759,,,,,,0,,,,,,0,,,,,,,,Spurs Rebound,8:25 PM
53,42,2,60,0021401157,,,6:22,1,5.0,0,0,2225,Tony Parker,SAS,San Antonio,1610612759.0,Spurs,0,,,,,,0,,,,,,,,MISS Parker 2' Driving Layup,8:25 PM
54,0,4,61,0021401157,Waiters REBOUND (Off:0 Def:1),,6:19,1,4.0,0,0,203079,Dion Waiters,OKC,Oklahoma City,1610612760.0,Thunder,0,,,,,,0,,,,,,,,,8:25 PM
55,39,5,62,0021401157,Waiters Step Out of Bounds Turnover (P2.T3),,6:18,1,4.0,0,1,203079,Dion Waiters,OKC,Oklahoma City,1610612760.0,Thunder,0,,,,,,0,,,,,,,,,8:25 PM
56,47,1,64,0021401157,,,6:03,1,5.0,0,0,1495,Tim Duncan,SAS,San Antonio,1610612759.0,Spurs,0,,,,,,0,,,,,,11 - 5,-6,Duncan 7' Turnaround Jump Shot (4 PTS),8:26 PM
57,11,6,65,0021401157,,,6:02,1,6.0,0,1,2623,,,,,,0,,,,,,0,,,,,,,,,8:26 PM
58,1,9,66,0021401157,THUNDER Timeout: Regular (Full 1 Short 0),,6:02,1,2.0,0,0,1610612760,,,,,,0,,,,,,0,,,,,,,,,8:26 PM
59,0,8,68,0021401157,,,6:02,1,5.0,5,0,203382,Aron Baynes,SAS,San Antonio,1610612759.0,Spurs,2564,Boris Diaw,SAS,San Antonio,1610612759.0,Spurs,0,,,,,,,,SUB: Diaw FOR Baynes,8:29 PM
60,0,8,69,0021401157,,,6:02,1,5.0,5,0,201980,Danny Green,SAS,San Antonio,1610612759.0,Spurs,1938,Manu Ginobili,SAS,San Antonio,1610612759.0,Spurs,0,,,,,,,,SUB: Ginobili FOR Green,8:29 PM
61,16,3,70,0021401157,,,6:02,1,5.0,0,0,2225,Tony Parker,SAS,San Antonio,1610612759.0,Spurs,0,,,,,,0,,,,,,,,MISS Parker Free Throw Technical,8:29 PM
62,1,4,71,0021401157,THUNDER Rebound,,6:02,1,2.0,0,0,1610612760,,,,,,0,,,,,,0,,,,,,,,,8:29 PM
63,42,2,72,0021401157,MISS Westbrook 3' Driving Layup,,5:47,1,4.0,0,0,201566,Russell Westbrook,OKC,Oklahoma City,1610612760.0,Thunder,0,,,,,,0,,,,,,,,,8:29 PM
64,0,4,74,0021401157,,,5:46,1,3.0,0,0,1610612759,,,,,,0,,,,,,0,,,,,,,,Spurs Rebound,8:29 PM
65,0,8,75,0021401157,SUB: Morrow FOR Singler,,5:46,1,4.0,4,0,202713,Kyle Singler,OKC,Oklahoma City,1610612760.0,Thunder,201627,Anthony Morrow,OKC,Oklahoma City,1610612760.0,Thunder,0,,,,,,,,,8:29 PM
66,3,1,76,0021401157,,,5:31,1,5.0,0,0,202695,Kawhi Leonard,SAS,San Antonio,1610612759.0,Spurs,0,,,,,,0,,,,,,13 - 5,-8,Leonard 4' Hook Shot (9 PTS),8:30 PM
67,42,1,77,0021401157,Waiters 1' Driving Layup (2 PTS),,5:20,1,4.0,0,0,203079,Dion Waiters,OKC,Oklahoma City,1610612760.0,Thunder,0,,,,,,0,,,,,,13 - 7,-6,,8:30 PM
68,1,1,78,0021401157,,,4:58,1,5.0,5,0,1938,Manu Ginobili,SAS,San Antonio,1610612759.0,Spurs,202695,Kawhi Leonard,SAS,San Antonio,1610612759.0,Spurs,0,,,,,,16 - 7,-9,Ginobili 24' 3PT Jump Shot (3 PTS) (Leonard 1 AST),8:30 PM
69,1,2,80,0021401157,MISS Morrow 17' Jump Shot,,4:43,1,4.0,0,0,201627,Anthony Morrow,OKC,Oklahoma City,1610612760.0,Thunder,0,,,,,,0,,,,,,,,,8:31 PM
70,0,4,81,0021401157,,,4:42,1,5.0,0,0,1495,Tim Duncan,SAS,San Antonio,1610612759.0,Spurs,0,,,,,,0,,,,,,,,Duncan REBOUND (Off:0 Def:3),8:31 PM
71,47,2,82,0021401157,,,4:26,1,5.0,0,0,202695,Kawhi Leonard,SAS,San Antonio,1610612759.0,Spurs,0,,,,,,0,,,,,,,,MISS Leonard 13' Turnaround Jump Shot,8:31 PM
72,0,4,83,0021401157,Kanter REBOUND (Off:2 Def:1),,4:25,1,4.0,0,0,202683,Enes Kanter,OKC,Oklahoma City,1610612760.0,Thunder,0,,,,,,0,,,,,,,,,8:31 PM
73,79,2,84,0021401157,MISS Westbrook 16' Pullup Jump Shot,,4:19,1,4.0,0,0,201566,Russell Westbrook,OKC,Oklahoma City,1610612760.0,Thunder,0,,,,,,0,,,,,,,,,8:31 PM
74,0,4,85,0021401157,,,4:17,1,5.0,0,0,1495,Tim Duncan,SAS,San Antonio,1610612759.0,Spurs,0,,,,,,0,,,,,,,,Duncan REBOUND (Off:0 Def:4),8:31 PM
75,1,5,86,0021401157,Westbrook STEAL (2 STL),,4:15,1,5.0,4,0,1495,Tim Duncan,SAS,San Antonio,1610612759.0,Spurs,201566,Russell Westbrook,OKC,Oklahoma City,1610612760.0,Thunder,0,,,,,,,,Duncan Bad Pass Turnover (P3.T3),8:31 PM
76,42,2,87,0021401157,MISS Westbrook 2' Driving Layup,,4:14,1,4.0,0,5,201566,Russell Westbrook,OKC,Oklahoma City,1610612760.0,Thunder,0,,,,,,2564,Boris Diaw,SAS,San Antonio,1610612759.0,Spurs,,,Diaw BLOCK (1 BLK),8:31 PM
77,0,4,88,0021401157,THUNDER Rebound,,4:14,1,2.0,0,0,1610612760,,,,,,0,,,,,,0,,,,,,,,,8:31 PM
78,2,6,89,0021401157,,,4:06,1,5.0,4,1,1938,Manu Ginobili,SAS,San Antonio,1610612759.0,Spurs,203500,Steven Adams,OKC,Oklahoma City,1610612760.0,Thunder,0,,,,,,,,Ginobili S.FOUL (P1.T3),8:32 PM
79,11,3,90,0021401157,Adams Free Throw 1 of 2 (1 PTS),,4:06,1,4.0,0,0,203500,Steven Adams,OKC,Oklahoma City,1610612760.0,Thunder,0,,,,,,0,,,,,,16 - 8,-8,,8:32 PM
80,0,8,92,0021401157,SUB: McGary FOR Kanter,,4:06,1,4.0,4,0,202683,Enes Kanter,OKC,Oklahoma City,1610612760.0,Thunder,203956,Mitch McGary,OKC,Oklahoma City,1610612760.0,Thunder,0,,,,,,,,,8:32 PM
81,12,3,93,0021401157,MISS Adams Free Throw 2 of 2,,4:06,1,4.0,0,0,203500,Steven Adams,OKC,Oklahoma City,1610612760.0,Thunder,0,,,,,,0,,,,,,,,,8:32 PM
82,0,4,95,0021401157,,,4:06,1,5.0,0,0,2564,Boris Diaw,SAS,San Antonio,1610612759.0,Spurs,0,,,,,,0,,,,,,,,Diaw REBOUND (Off:0 Def:1),8:33 PM
83,85,1,96,0021401157,,,3:48,1,5.0,0,0,2564,Boris Diaw,SAS,San Antonio,1610612759.0,Spurs,0,,,,,,0,,,,,,18 - 8,-10,Diaw 10' Turnaround Bank Shot (2 PTS),8:33 PM
84,40,2,100,0021401157,MISS Adams 3' Layup,,3:34,1,4.0,0,0,203500,Steven Adams,OKC,Oklahoma City,1610612760.0,Thunder,0,,,,,,0,,,,,,,,,8:33 PM
85,0,4,97,0021401157,,,3:33,1,5.0,0,0,2564,Boris Diaw,SAS,San Antonio,1610612759.0,Spurs,0,,,,,,0,,,,,,,,Diaw REBOUND (Off:0 Def:2),8:33 PM
86,1,2,98,0021401157,,,3:25,1,5.0,0,0,2225,Tony Parker,SAS,San Antonio,1610612759.0,Spurs,0,,,,,,0,,,,,,,,MISS Parker 17' Jump Shot,8:33 PM
87,0,4,99,0021401157,Waiters REBOUND (Off:0 Def:2),,3:24,1,4.0,0,0,203079,Dion Waiters,OKC,Oklahoma City,1610612760.0,Thunder,0,,,,,,0,,,,,,,,,8:33 PM
88,5,2,101,0021401157,MISS Waiters 2' Layup,,3:18,1,4.0,0,5,203079,Dion Waiters,OKC,Oklahoma City,1610612760.0,Thunder,0,,,,,,1495,Tim Duncan,SAS,San Antonio,1610612759.0,Spurs,,,Duncan BLOCK (3 BLK),8:34 PM
89,0,4,102,0021401157,,,3:18,1,3.0,0,0,1610612759,,,,,,0,,,,,,0,,,,,,,,Spurs Rebound,8:34 PM
90,1,9,103,0021401157,,,3:18,1,3.0,0,0,1610612759,,,,,,0,,,,,,0,,,,,,,,Spurs Timeout: Regular (Reg.1 Short 0),8:34 PM
91,0,8,105,0021401157,,,3:18,1,5.0,5,0,1495,Tim Duncan,SAS,San Antonio,1610612759.0,Spurs,203382,Aron Baynes,SAS,San Antonio,1610612759.0,Spurs,0,,,,,,,,SUB: Baynes FOR Duncan,8:36 PM
92,0,8,106,0021401157,,,3:18,1,5.0,5,0,2225,Tony Parker,SAS,San Antonio,1610612759.0,Spurs,202709,Cory Joseph,SAS,San Antonio,1610612759.0,Spurs,0,,,,,,,,SUB: Joseph FOR Parker,8:36 PM
93,0,8,107,0021401157,SUB: Roberson FOR Waiters,,3:18,1,4.0,4,0,203079,Dion Waiters,OKC,Oklahoma City,1610612760.0,Thunder,203460,Andre Roberson,OKC,Oklahoma City,1610612760.0,Thunder,0,,,,,,,,,8:37 PM
94,1,1,108,0021401157,,,3:02,1,5.0,5,0,202695,Kawhi Leonard,SAS,San Antonio,1610612759.0,Spurs,2564,Boris Diaw,SAS,San Antonio,1610612759.0,Spurs,0,,,,,,21 - 8,-13,Leonard 25' 3PT Jump Shot (12 PTS) (Diaw 1 AST),8:37 PM
95,42,2,109,0021401157,MISS Westbrook 2' Driving Layup,,2:45,1,4.0,0,0,201566,Russell Westbrook,OKC,Oklahoma City,1610612760.0,Thunder,0,,,,,,0,,,,,,,,,8:37 PM
96,0,4,110,0021401157,,,2:43,1,5.0,0,0,203382,Aron Baynes,SAS,San Antonio,1610612759.0,Spurs,0,,,,,,0,,,,,,,,Baynes REBOUND (Off:1 Def:1),8:37 PM
97,1,2,111,0021401157,,,2:33,1,5.0,0,0,202695,Kawhi Leonard,SAS,San Antonio,1610612759.0,Spurs,0,,,,,,0,,,,,,,,MISS Leonard 18' Jump Shot,8:37 PM
98,0,4,112,0021401157,Roberson REBOUND (Off:0 Def:1),,2:32,1,4.0,0,0,203460,Andre Roberson,OKC,Oklahoma City,1610612760.0,Thunder,0,,,,,,0,,,,,,,,,8:38 PM
99,2,5,113,0021401157,McGary Lost Ball Turnover (P1.T4),,2:15,1,4.0,5,0,203956,Mitch McGary,OKC,Oklahoma City,1610612760.0,Thunder,202695,Kawhi Leonard,SAS,San Antonio,1610612759.0,Spurs,0,,,,,,,,Leonard STEAL (2 STL),8:38 PM
100,7,1,114,0021401157,,,2:02,1,5.0,5,0,203382,Aron Baynes,SAS,San Antonio,1610612759.0,Spurs,2564,Boris Diaw,SAS,San Antonio,1610612759.0,Spurs,0,,,,,,23 - 8,-15,Baynes  Dunk (2 PTS) (Diaw 2 AST),8:38 PM
101,26,6,115,0021401157,Westbrook Offensive Charge Foul (P2.T2),,1:49,1,4.0,5,1,201566,Russell Westbrook,OKC,Oklahoma City,1610612760.0,Thunder,203382,Aron Baynes,SAS,San Antonio,1610612759.0,Spurs,0,,,,,,,,,8:38 PM
102,5,5,116,0021401157,Westbrook Foul Turnover (P1.T5),,1:49,1,4.0,0,1,201566,Russell Westbrook,OKC,Oklahoma City,1610612760.0,Thunder,0,,,,,,0,,,,,,,,,8:38 PM
103,0,8,117,0021401157,SUB: Augustin FOR Westbrook,,1:49,1,4.0,4,0,201566,Russell Westbrook,OKC,Oklahoma City,1610612760.0,Thunder,201571,D.J. Augustin,OKC,Oklahoma City,1610612760.0,Thunder,0,,,,,,,,,8:38 PM
104,0,8,118,0021401157,,,1:49,1,5.0,5,0,202695,Kawhi Leonard,SAS,San Antonio,1610612759.0,Spurs,201158,Marco Belinelli,SAS,San Antonio,1610612759.0,Spurs,0,,,,,,,,SUB: Belinelli FOR Leonard,8:39 PM
105,79,1,119,0021401157,,,1:28,1,5.0,0,0,201158,Marco Belinelli,SAS,San Antonio,1610612759.0,Spurs,0,,,,,,0,,,,,,25 - 8,-17,Belinelli 19' Pullup Jump Shot (2 PTS),8:39 PM
106,1,5,121,0021401157,McGary Bad Pass Turnover (P2.T6),,1:11,1,4.0,5,0,203956,Mitch McGary,OKC,Oklahoma City,1610612760.0,Thunder,202709,Cory Joseph,SAS,San Antonio,1610612759.0,Spurs,0,,,,,,,,Joseph STEAL (1 STL),8:39 PM
107,9,6,122,0021401157,Augustin C.P.FOUL (P1.PN),,1:10,1,4.0,5,1,201571,D.J. Augustin,OKC,Oklahoma City,1610612760.0,Thunder,202709,Cory Joseph,SAS,San Antonio,1610612759.0,Spurs,0,,,,,,,,,8:39 PM
108,0,18,123,0021401157,,,1:10,1,,0,1,122,Fred Roberts,,,,,0,,,,,,0,,,,,,,,,8:40 PM
109,25,3,124,0021401157,,,1:10,1,5.0,0,0,202709,Cory Joseph,SAS,San Antonio,1610612759.0,Spurs,0,,,,,,0,,,,,,,,MISS Joseph Free Throw Clear Path 1 of 2,8:41 PM
110,1,4,125,0021401157,,,1:10,1,3.0,0,0,1610612759,,,,,,0,,,,,,0,,,,,,,,Spurs Rebound,8:41 PM
111,26,3,126,0021401157,,,1:10,1,5.0,0,0,202709,Cory Joseph,SAS,San Antonio,1610612759.0,Spurs,0,,,,,,0,,,,,,26 - 8,-18,Joseph Free Throw Clear Path 2 of 2 (1 PTS),8:41 PM
112,1,2,128,0021401157,,,0:54,1,5.0,0,0,1938,Manu Ginobili,SAS,San Antonio,1610612759.0,Spurs,0,,,,,,0,,,,,,,,MISS Ginobili 24' 3PT Jump Shot,8:42 PM
113,0,4,129,0021401157,Augustin REBOUND (Off:0 Def:1),,0:53,1,4.0,0,0,201571,D.J. Augustin,OKC,Oklahoma City,1610612760.0,Thunder,0,,,,,,0,,,,,,,,,8:42 PM
114,1,1,130,0021401157,Adams 7' Jump Shot (3 PTS) (Augustin 1 AST),,0:46,1,4.0,4,0,203500,Steven Adams,OKC,Oklahoma City,1610612760.0,Thunder,201571,D.J. Augustin,OKC,Oklahoma City,1610612760.0,Thunder,0,,,,,,26 - 10,-16,,8:42 PM
115,1,1,131,0021401157,,,0:21,1,5.0,5,0,1938,Manu Ginobili,SAS,San Antonio,1610612759.0,Spurs,202709,Cory Joseph,SAS,San Antonio,1610612759.0,Spurs,0,,,,,,29 - 10,-19,Ginobili 27' 3PT Jump Shot (6 PTS) (Joseph 1 AST),8:42 PM
116,28,6,132,0021401157,,,0:04,1,5.0,4,1,202709,Cory Joseph,SAS,San Antonio,1610612759.0,Spurs,201571,D.J. Augustin,OKC,Oklahoma City,1610612760.0,Thunder,0,,,,,,,,Joseph Personal Take Foul (P1.T4),8:43 PM
117,1,2,133,0021401157,MISS Morrow 29' 3PT Jump Shot,,0:01,1,4.0,0,0,201627,Anthony Morrow,OKC,Oklahoma City,1610612760.0,Thunder,0,,,,,,0,,,,,,,,,8:43 PM
118,0,4,134,0021401157,,,0:00,1,5.0,0,0,203382,Aron Baynes,SAS,San Antonio,1610612759.0,Spurs,0,,,,,,0,,,,,,,,Baynes REBOUND (Off:1 Def:2),8:43 PM
119,0,13,135,0021401157,,,0:00,1,0.0,0,0,0,,,,,,0,,,,,,0,,,,,,29 - 10,-19,,8:43 PM
120,0,12,137,0021401157,,,12:00,2,0.0,0,0,0,,,,,,0,,,,,,0,,,,,,29 - 10,-19,,8:47 PM
121,46,2,138,0021401157,,,11:44,2,5.0,0,0,1938,Manu Ginobili,SAS,San Antonio,1610612759.0,Spurs,0,,,,,,0,,,,,,,,MISS Ginobili 6' Running Jump Shot,8:47 PM
122,0,4,139,0021401157,Roberson REBOUND (Off:0 Def:2),,11:43,2,4.0,0,0,203460,Andre Roberson,OKC,Oklahoma City,1610612760.0,Thunder,0,,,,,,0,,,,,,,,,8:47 PM
123,1,2,140,0021401157,MISS Augustin 24' 3PT Jump Shot,,11:24,2,4.0,0,0,201571,D.J. Augustin,OKC,Oklahoma City,1610612760.0,Thunder,0,,,,,,0,,,,,,,,,8:47 PM
124,0,4,141,0021401157,,,11:24,2,3.0,0,0,1610612759,,,,,,0,,,,,,0,,,,,,,,Spurs Rebound,8:48 PM
125,0,8,142,0021401157,,,11:23,2,5.0,5,0,202709,Cory Joseph,SAS,San Antonio,1610612759.0,Spurs,201988,Patty Mills,SAS,San Antonio,1610612759.0,Spurs,0,,,,,,,,SUB: Mills FOR Joseph,8:48 PM
126,63,1,143,0021401157,,,11:09,2,5.0,0,0,2564,Boris Diaw,SAS,San Antonio,1610612759.0,Spurs,0,,,,,,0,,,,,,31 - 10,-21,Diaw 8' Fadeaway Jumper (4 PTS),8:48 PM
127,1,2,144,0021401157,MISS McGary 8' Jump Shot,,10:47,2,4.0,0,0,203956,Mitch McGary,OKC,Oklahoma City,1610612760.0,Thunder,0,,,,,,0,,,,,,,,,8:48 PM
128,0,4,145,0021401157,McGary REBOUND (Off:1 Def:0),,10:46,2,4.0,0,0,203956,Mitch McGary,OKC,Oklahoma City,1610612760.0,Thunder,0,,,,,,0,,,,,,,,,8:48 PM
129,1,2,146,0021401157,MISS Morrow 25' 3PT Jump Shot,,10:42,2,4.0,0,0,201627,Anthony Morrow,OKC,Oklahoma City,1610612760.0,Thunder,0,,,,,,0,,,,,,,,,8:48 PM
130,0,4,147,0021401157,,,10:41,2,3.0,0,0,1610612759,,,,,,0,,,,,,0,,,,,,,,Spurs Rebound,8:48 PM
131,1,1,148,0021401157,,,10:26,2,5.0,5,0,201158,Marco Belinelli,SAS,San Antonio,1610612759.0,Spurs,201988,Patty Mills,SAS,San Antonio,1610612759.0,Spurs,0,,,,,,33 - 10,-23,Belinelli 19' Jump Shot (4 PTS) (Mills 1 AST),8:49 PM
132,1,9,149,0021401157,THUNDER Timeout: Regular (Full 2 Short 0),,10:25,2,2.0,0,0,1610612760,,,,,,0,,,,,,0,,,,,,,,,8:49 PM
133,0,8,151,0021401157,SUB: Adams FOR McGary,,10:25,2,4.0,4,0,203956,Mitch McGary,OKC,Oklahoma City,1610612760.0,Thunder,203500,Steven Adams,OKC,Oklahoma City,1610612760.0,Thunder,0,,,,,,,,,8:51 PM
134,1,5,152,0021401157,Adams Bad Pass Turnover (P1.T7),,10:04,2,4.0,5,0,203500,Steven Adams,OKC,Oklahoma City,1610612760.0,Thunder,203382,Aron Baynes,SAS,San Antonio,1610612759.0,Spurs,0,,,,,,,,Baynes STEAL (1 STL),8:52 PM
135,7,1,153,0021401157,,,9:58,2,5.0,5,0,203382,Aron Baynes,SAS,San Antonio,1610612759.0,Spurs,201158,Marco Belinelli,SAS,San Antonio,1610612759.0,Spurs,0,,,,,,35 - 10,-25,Baynes  Dunk (4 PTS) (Belinelli 1 AST),8:52 PM
136,2,6,154,0021401157,,,9:38,2,5.0,4,1,201158,Marco Belinelli,SAS,San Antonio,1610612759.0,Spurs,201627,Anthony Morrow,OKC,Oklahoma City,1610612760.0,Thunder,0,,,,,,,,Belinelli S.FOUL (P1.T1),8:53 PM
137,11,3,155,0021401157,Morrow Free Throw 1 of 2 (1 PTS),,9:38,2,4.0,0,0,201627,Anthony Morrow,OKC,Oklahoma City,1610612760.0,Thunder,0,,,,,,0,,,,,,35 - 11,-24,,8:53 PM
138,0,8,157,0021401157,,,9:38,2,5.0,5,0,1938,Manu Ginobili,SAS,San Antonio,1610612759.0,Spurs,201980,Danny Green,SAS,San Antonio,1610612759.0,Spurs,0,,,,,,,,SUB: Green FOR Ginobili,8:53 PM
139,0,8,158,0021401157,SUB: Westbrook FOR Adams,,9:38,2,4.0,4,0,203500,Steven Adams,OKC,Oklahoma City,1610612760.0,Thunder,201566,Russell Westbrook,OKC,Oklahoma City,1610612760.0,Thunder,0,,,,,,,,,8:53 PM
140,0,8,159,0021401157,SUB: Waiters FOR Augustin,,9:38,2,4.0,4,0,201571,D.J. Augustin,OKC,Oklahoma City,1610612760.0,Thunder,203079,Dion Waiters,OKC,Oklahoma City,1610612760.0,Thunder,0,,,,,,,,,8:53 PM
141,0,8,161,0021401157,,,9:38,2,5.0,5,0,2564,Boris Diaw,SAS,San Antonio,1610612759.0,Spurs,202695,Kawhi Leonard,SAS,San Antonio,1610612759.0,Spurs,0,,,,,,,,SUB: Leonard FOR Diaw,8:54 PM
142,12,3,162,0021401157,Morrow Free Throw 2 of 2 (2 PTS),,9:38,2,4.0,0,0,201627,Anthony Morrow,OKC,Oklahoma City,1610612760.0,Thunder,0,,,,,,0,,,,,,35 - 12,-23,,8:54 PM
143,1,2,164,0021401157,,,9:24,2,5.0,0,0,201158,Marco Belinelli,SAS,San Antonio,1610612759.0,Spurs,0,,,,,,0,,,,,,,,MISS Belinelli 25' 3PT Jump Shot,8:54 PM
144,0,4,165,0021401157,Roberson REBOUND (Off:0 Def:3),,9:23,2,4.0,0,0,203460,Andre Roberson,OKC,Oklahoma City,1610612760.0,Thunder,0,,,,,,0,,,,,,,,,8:54 PM
145,1,2,166,0021401157,MISS Kanter 19' Jump Shot,,9:14,2,4.0,0,0,202683,Enes Kanter,OKC,Oklahoma City,1610612760.0,Thunder,0,,,,,,0,,,,,,,,,8:54 PM
146,0,4,168,0021401157,Roberson REBOUND (Off:1 Def:3),,9:13,2,4.0,0,0,203460,Andre Roberson,OKC,Oklahoma City,1610612760.0,Thunder,0,,,,,,0,,,,,,,,,8:54 PM
147,4,1,167,0021401157,Roberson 1' Tip Shot (2 PTS),,9:13,2,4.0,0,0,203460,Andre Roberson,OKC,Oklahoma City,1610612760.0,Thunder,0,,,,,,0,,,,,,35 - 14,-21,,8:54 PM
148,2,5,169,0021401157,Westbrook STEAL (3 STL),,8:54,2,5.0,4,0,201988,Patty Mills,SAS,San Antonio,1610612759.0,Spurs,201566,Russell Westbrook,OKC,Oklahoma City,1610612760.0,Thunder,0,,,,,,,,Mills Lost Ball Turnover (P1.T4),8:55 PM
149,84,1,170,0021401157,Morrow 9' Running Bank Shot (4 PTS) (Roberson 1 AST),,8:43,2,4.0,4,0,201627,Anthony Morrow,OKC,Oklahoma City,1610612760.0,Thunder,203460,Andre Roberson,OKC,Oklahoma City,1610612760.0,Thunder,0,,,,,,35 - 16,-19,,8:55 PM
150,2,6,171,0021401157,,,8:43,2,5.0,4,1,201158,Marco Belinelli,SAS,San Antonio,1610612759.0,Spurs,201627,Anthony Morrow,OKC,Oklahoma City,1610612760.0,Thunder,0,,,,,,,,Belinelli S.FOUL (P2.T2),8:55 PM
151,0,8,173,0021401157,,,8:43,2,5.0,5,0,201988,Patty Mills,SAS,San Antonio,1610612759.0,Spurs,2225,Tony Parker,SAS,San Antonio,1610612759.0,Spurs,0,,,,,,,,SUB: Parker FOR Mills,8:55 PM
152,10,3,174,0021401157,Morrow Free Throw 1 of 1 (5 PTS),,8:43,2,4.0,0,0,201627,Anthony Morrow,OKC,Oklahoma City,1610612760.0,Thunder,0,,,,,,0,,,,,,35 - 17,-18,,8:55 PM
153,2,5,176,0021401157,Morrow STEAL (1 STL),,8:19,2,5.0,4,0,201158,Marco Belinelli,SAS,San Antonio,1610612759.0,Spurs,201627,Anthony Morrow,OKC,Oklahoma City,1610612760.0,Thunder,0,,,,,,,,Belinelli Lost Ball Turnover (P1.T5),8:56 PM
154,7,1,177,0021401157,Westbrook  Dunk (4 PTS) (Morrow 1 AST),,8:17,2,4.0,4,0,201566,Russell Westbrook,OKC,Oklahoma City,1610612760.0,Thunder,201627,Anthony Morrow,OKC,Oklahoma City,1610612760.0,Thunder,0,,,,,,35 - 19,-16,,8:56 PM
155,1,9,178,0021401157,,,8:16,2,3.0,0,0,1610612759,,,,,,0,,,,,,0,,,,,,,,Spurs Timeout: Regular (Reg.2 Short 0),8:56 PM
156,0,8,180,0021401157,,,8:16,2,5.0,5,0,203382,Aron Baynes,SAS,San Antonio,1610612759.0,Spurs,1495,Tim Duncan,SAS,San Antonio,1610612759.0,Spurs,0,,,,,,,,SUB: Duncan FOR Baynes,8:59 PM
157,0,8,181,0021401157,,,8:16,2,5.0,5,0,201158,Marco Belinelli,SAS,San Antonio,1610612759.0,Spurs,2564,Boris Diaw,SAS,San Antonio,1610612759.0,Spurs,0,,,,,,,,SUB: Diaw FOR Belinelli,8:59 PM
158,2,5,182,0021401157,Westbrook STEAL (4 STL),,8:07,2,5.0,4,0,2564,Boris Diaw,SAS,San Antonio,1610612759.0,Spurs,201566,Russell Westbrook,OKC,Oklahoma City,1610612760.0,Thunder,0,,,,,,,,Diaw Lost Ball Turnover (P1.T6),8:59 PM
159,7,1,183,0021401157,Waiters  Dunk (4 PTS) (Westbrook 1 AST),,8:05,2,4.0,4,0,203079,Dion Waiters,OKC,Oklahoma City,1610612760.0,Thunder,201566,Russell Westbrook,OKC,Oklahoma City,1610612760.0,Thunder,0,,,,,,35 - 21,-14,,8:59 PM
160,1,6,184,0021401157,Roberson P.FOUL (P1.T1),,7:52,2,4.0,5,1,203460,Andre Roberson,OKC,Oklahoma City,1610612760.0,Thunder,2564,Boris Diaw,SAS,San Antonio,1610612759.0,Spurs,0,,,,,,,,,9:00 PM
161,1,1,185,0021401157,,,7:45,2,5.0,5,0,202695,Kawhi Leonard,SAS,San Antonio,1610612759.0,Spurs,2564,Boris Diaw,SAS,San Antonio,1610612759.0,Spurs,0,,,,,,38 - 21,-17,Leonard  3PT Jump Shot (15 PTS) (Diaw 3 AST),9:00 PM
162,1,1,186,0021401157,Roberson  3PT Jump Shot (5 PTS) (Westbrook 2 AST),,7:26,2,4.0,4,0,203460,Andre Roberson,OKC,Oklahoma City,1610612760.0,Thunder,201566,Russell Westbrook,OKC,Oklahoma City,1610612760.0,Thunder,0,,,,,,38 - 24,-14,,9:00 PM
163,1,1,187,0021401157,,,7:09,2,5.0,5,0,201980,Danny Green,SAS,San Antonio,1610612759.0,Spurs,2225,Tony Parker,SAS,San Antonio,1610612759.0,Spurs,0,,,,,,41 - 24,-17,Green  3PT Jump Shot (3 PTS) (Parker 2 AST),9:01 PM
164,2,6,190,0021401157,,,6:52,2,5.0,4,1,2564,Boris Diaw,SAS,San Antonio,1610612759.0,Spurs,202683,Enes Kanter,OKC,Oklahoma City,1610612760.0,Thunder,0,,,,,,,,Diaw S.FOUL (P1.T3),9:01 PM
165,11,3,191,0021401157,Kanter Free Throw 1 of 2 (3 PTS),,6:52,2,4.0,0,0,202683,Enes Kanter,OKC,Oklahoma City,1610612760.0,Thunder,0,,,,,,0,,,,,,41 - 25,-16,,9:01 PM
166,12,3,193,0021401157,Kanter Free Throw 2 of 2 (4 PTS),,6:52,2,4.0,0,0,202683,Enes Kanter,OKC,Oklahoma City,1610612760.0,Thunder,0,,,,,,0,,,,,,41 - 26,-15,,9:01 PM
167,79,1,195,0021401157,,,6:35,2,5.0,0,0,202695,Kawhi Leonard,SAS,San Antonio,1610612759.0,Spurs,0,,,,,,0,,,,,,43 - 26,-17,Leonard 16' Pullup Jump Shot (17 PTS),9:02 PM
168,79,1,196,0021401157,Westbrook 26' 3PT Pullup Jump Shot (7 PTS),,6:18,2,4.0,0,0,201566,Russell Westbrook,OKC,Oklahoma City,1610612760.0,Thunder,0,,,,,,0,,,,,,43 - 29,-14,,9:02 PM
169,78,1,197,0021401157,,,6:03,2,5.0,0,0,2225,Tony Parker,SAS,San Antonio,1610612759.0,Spurs,0,,,,,,0,,,,,,45 - 29,-16,Parker 4' Floating Jump Shot (2 PTS),9:03 PM
170,2,6,198,0021401157,,,5:49,2,5.0,4,1,201980,Danny Green,SAS,San Antonio,1610612759.0,Spurs,201566,Russell Westbrook,OKC,Oklahoma City,1610612760.0,Thunder,0,,,,,,,,Green S.FOUL (P2.T4),9:03 PM
171,11,3,200,0021401157,Westbrook Free Throw 1 of 2 (8 PTS),,5:49,2,4.0,0,0,201566,Russell Westbrook,OKC,Oklahoma City,1610612760.0,Thunder,0,,,,,,0,,,,,,45 - 30,-15,,9:04 PM
172,0,8,202,0021401157,SUB: Singler FOR Roberson,,5:49,2,4.0,4,0,203460,Andre Roberson,OKC,Oklahoma City,1610612760.0,Thunder,202713,Kyle Singler,OKC,Oklahoma City,1610612760.0,Thunder,0,,,,,,,,,9:04 PM
173,0,8,203,0021401157,SUB: Adams FOR Kanter,,5:49,2,4.0,4,0,202683,Enes Kanter,OKC,Oklahoma City,1610612760.0,Thunder,203500,Steven Adams,OKC,Oklahoma City,1610612760.0,Thunder,0,,,,,,,,,9:04 PM
174,12,3,204,0021401157,Westbrook Free Throw 2 of 2 (9 PTS),,5:49,2,4.0,0,0,201566,Russell Westbrook,OKC,Oklahoma City,1610612760.0,Thunder,0,,,,,,0,,,,,,45 - 31,-14,,9:04 PM
175,1,5,207,0021401157,Westbrook STEAL (5 STL),,5:36,2,5.0,4,0,202695,Kawhi Leonard,SAS,San Antonio,1610612759.0,Spurs,201566,Russell Westbrook,OKC,Oklahoma City,1610612760.0,Thunder,0,,,,,,,,Leonard Bad Pass Turnover (P1.T7),9:05 PM
176,1,6,208,0021401157,,,5:35,2,5.0,4,1,202695,Kawhi Leonard,SAS,San Antonio,1610612759.0,Spurs,201566,Russell Westbrook,OKC,Oklahoma City,1610612760.0,Thunder,0,,,,,,,,Leonard P.FOUL (P2.PN),9:05 PM
177,11,3,209,0021401157,MISS Westbrook Free Throw 1 of 2,,5:35,2,4.0,0,0,201566,Russell Westbrook,OKC,Oklahoma City,1610612760.0,Thunder,0,,,,,,0,,,,,,,,,9:05 PM
178,1,4,210,0021401157,THUNDER Rebound,,5:35,2,2.0,0,0,1610612760,,,,,,0,,,,,,0,,,,,,,,,9:05 PM
179,12,3,211,0021401157,MISS Westbrook Free Throw 2 of 2,,5:35,2,4.0,0,0,201566,Russell Westbrook,OKC,Oklahoma City,1610612760.0,Thunder,0,,,,,,0,,,,,,,,,9:05 PM
180,0,4,213,0021401157,,,5:34,2,5.0,0,0,1495,Tim Duncan,SAS,San Antonio,1610612759.0,Spurs,0,,,,,,0,,,,,,,,Duncan REBOUND (Off:0 Def:5),9:06 PM
181,1,1,214,0021401157,,,5:15,2,5.0,5,0,201980,Danny Green,SAS,San Antonio,1610612759.0,Spurs,2564,Boris Diaw,SAS,San Antonio,1610612759.0,Spurs,0,,,,,,48 - 31,-17,Green 27' 3PT Jump Shot (6 PTS) (Diaw 4 AST),9:06 PM
182,1,2,215,0021401157,MISS Westbrook 25' 3PT Jump Shot,,5:02,2,4.0,0,0,201566,Russell Westbrook,OKC,Oklahoma City,1610612760.0,Thunder,0,,,,,,0,,,,,,,,,9:06 PM
183,0,4,216,0021401157,,,5:01,2,3.0,0,0,1610612759,,,,,,0,,,,,,0,,,,,,,,Spurs Rebound,9:06 PM
184,63,1,217,0021401157,,,4:41,2,5.0,0,0,2564,Boris Diaw,SAS,San Antonio,1610612759.0,Spurs,0,,,,,,0,,,,,,50 - 31,-19,Diaw 9' Fadeaway Jumper (6 PTS),9:07 PM
185,84,2,218,0021401157,MISS Morrow 5' Running Bank Shot,,4:24,2,4.0,0,0,201627,Anthony Morrow,OKC,Oklahoma City,1610612760.0,Thunder,0,,,,,,0,,,,,,,,,9:07 PM
186,0,4,219,0021401157,,,4:23,2,5.0,0,0,202695,Kawhi Leonard,SAS,San Antonio,1610612759.0,Spurs,0,,,,,,0,,,,,,,,Leonard REBOUND (Off:0 Def:2),9:07 PM
187,1,1,220,0021401157,,,4:15,2,5.0,0,0,202695,Kawhi Leonard,SAS,San Antonio,1610612759.0,Spurs,0,,,,,,0,,,,,,52 - 31,-21,Leonard 15' Jump Shot (19 PTS),9:07 PM
188,2,9,221,0021401157,THUNDER Timeout: Short (Full 2 Short 1),,4:15,2,2.0,0,0,1610612760,,,,,,0,,,,,,0,,,,,,,,,9:07 PM
189,0,8,223,0021401157,SUB: Kanter FOR Morrow,,4:15,2,4.0,4,0,201627,Anthony Morrow,OKC,Oklahoma City,1610612760.0,Thunder,202683,Enes Kanter,OKC,Oklahoma City,1610612760.0,Thunder,0,,,,,,,,,9:08 PM
190,66,2,224,0021401157,MISS Westbrook 16' Jump Bank Shot,,4:04,2,4.0,0,0,201566,Russell Westbrook,OKC,Oklahoma City,1610612760.0,Thunder,0,,,,,,0,,,,,,,,,9:09 PM
191,0,4,225,0021401157,,,4:03,2,5.0,0,0,1495,Tim Duncan,SAS,San Antonio,1610612759.0,Spurs,0,,,,,,0,,,,,,,,Duncan REBOUND (Off:0 Def:6),9:09 PM
192,46,2,226,0021401157,Adams BLOCK (1 BLK),,3:49,2,5.0,0,4,1495,Tim Duncan,SAS,San Antonio,1610612759.0,Spurs,0,,,,,,203500,Steven Adams,OKC,Oklahoma City,1610612760.0,Thunder,,,MISS Duncan 3' Running Jump Shot,9:09 PM
193,0,4,227,0021401157,Waiters REBOUND (Off:0 Def:3),,3:47,2,4.0,0,0,203079,Dion Waiters,OKC,Oklahoma City,1610612760.0,Thunder,0,,,,,,0,,,,,,,,,9:09 PM
194,7,1,228,0021401157,Westbrook  Dunk (11 PTS) (Waiters 1 AST),,3:45,2,4.0,4,0,201566,Russell Westbrook,OKC,Oklahoma City,1610612760.0,Thunder,203079,Dion Waiters,OKC,Oklahoma City,1610612760.0,Thunder,0,,,,,,52 - 33,-19,,9:09 PM
195,47,1,229,0021401157,,,3:21,2,5.0,0,0,202695,Kawhi Leonard,SAS,San Antonio,1610612759.0,Spurs,0,,,,,,0,,,,,,54 - 33,-21,Leonard 12' Turnaround Jump Shot (21 PTS),9:09 PM
196,1,5,230,0021401157,Westbrook Bad Pass Turnover (P2.T8),,3:15,2,4.0,5,0,201566,Russell Westbrook,OKC,Oklahoma City,1610612760.0,Thunder,202695,Kawhi Leonard,SAS,San Antonio,1610612759.0,Spurs,0,,,,,,,,Leonard STEAL (3 STL),9:09 PM
197,1,2,231,0021401157,,,2:58,2,5.0,0,0,202695,Kawhi Leonard,SAS,San Antonio,1610612759.0,Spurs,0,,,,,,0,,,,,,,,MISS Leonard 12' Jump Shot,9:10 PM
198,0,4,232,0021401157,,,2:57,2,5.0,0,0,1495,Tim Duncan,SAS,San Antonio,1610612759.0,Spurs,0,,,,,,0,,,,,,,,Duncan REBOUND (Off:1 Def:6),9:10 PM
199,1,5,233,0021401157,Waiters STEAL (1 STL),,2:46,2,5.0,4,0,2225,Tony Parker,SAS,San Antonio,1610612759.0,Spurs,203079,Dion Waiters,OKC,Oklahoma City,1610612760.0,Thunder,0,,,,,,,,Parker Bad Pass Turnover (P1.T8),9:10 PM
200,7,1,234,0021401157,Westbrook  Dunk (13 PTS) (Waiters 2 AST),,2:43,2,4.0,4,0,201566,Russell Westbrook,OKC,Oklahoma City,1610612760.0,Thunder,203079,Dion Waiters,OKC,Oklahoma City,1610612760.0,Thunder,0,,,,,,54 - 35,-19,,9:10 PM
201,44,1,235,0021401157,,,2:24,2,5.0,5,0,1495,Tim Duncan,SAS,San Antonio,1610612759.0,Spurs,202695,Kawhi Leonard,SAS,San Antonio,1610612759.0,Spurs,0,,,,,,56 - 35,-21,Duncan 1' Reverse Layup (6 PTS) (Leonard 2 AST),9:10 PM
202,42,2,236,0021401157,MISS Waiters 1' Driving Layup,,2:11,2,4.0,0,0,203079,Dion Waiters,OKC,Oklahoma City,1610612760.0,Thunder,0,,,,,,0,,,,,,,,,9:10 PM
203,0,4,238,0021401157,Kanter REBOUND (Off:3 Def:1),,2:10,2,4.0,0,0,202683,Enes Kanter,OKC,Oklahoma City,1610612760.0,Thunder,0,,,,,,0,,,,,,,,,9:10 PM
204,72,1,237,0021401157,Kanter 2' Putback Layup (6 PTS),,2:10,2,4.0,0,0,202683,Enes Kanter,OKC,Oklahoma City,1610612760.0,Thunder,0,,,,,,0,,,,,,56 - 37,-19,,9:10 PM
205,1,1,240,0021401157,,,1:49,2,5.0,5,0,201980,Danny Green,SAS,San Antonio,1610612759.0,Spurs,1495,Tim Duncan,SAS,San Antonio,1610612759.0,Spurs,0,,,,,,58 - 37,-21,Green 10' Jump Shot (8 PTS) (Duncan 2 AST),9:11 PM
206,5,1,241,0021401157,Kanter 2' Layup (8 PTS) (Waiters 3 AST),,1:36,2,4.0,4,0,202683,Enes Kanter,OKC,Oklahoma City,1610612760.0,Thunder,203079,Dion Waiters,OKC,Oklahoma City,1610612760.0,Thunder,0,,,,,,58 - 39,-19,,9:11 PM
207,2,6,242,0021401157,Kanter S.FOUL (P1.T2),,1:17,2,4.0,5,1,202683,Enes Kanter,OKC,Oklahoma City,1610612760.0,Thunder,202695,Kawhi Leonard,SAS,San Antonio,1610612759.0,Spurs,0,,,,,,,,,9:11 PM
208,0,8,244,0021401157,,,1:17,2,5.0,5,0,201980,Danny Green,SAS,San Antonio,1610612759.0,Spurs,202709,Cory Joseph,SAS,San Antonio,1610612759.0,Spurs,0,,,,,,,,SUB: Joseph FOR Green,9:14 PM
209,0,8,245,0021401157,,,1:17,2,5.0,5,0,2225,Tony Parker,SAS,San Antonio,1610612759.0,Spurs,1938,Manu Ginobili,SAS,San Antonio,1610612759.0,Spurs,0,,,,,,,,SUB: Ginobili FOR Parker,9:14 PM
210,11,3,246,0021401157,,,1:17,2,5.0,0,0,202695,Kawhi Leonard,SAS,San Antonio,1610612759.0,Spurs,0,,,,,,0,,,,,,59 - 39,-20,Leonard Free Throw 1 of 2 (22 PTS),9:15 PM
211,12,3,248,0021401157,,,1:17,2,5.0,0,0,202695,Kawhi Leonard,SAS,San Antonio,1610612759.0,Spurs,0,,,,,,0,,,,,,60 - 39,-21,Leonard Free Throw 2 of 2 (23 PTS),9:15 PM
212,3,2,250,0021401157,MISS Kanter 6' Hook Shot,,1:02,2,4.0,0,0,202683,Enes Kanter,OKC,Oklahoma City,1610612760.0,Thunder,0,,,,,,0,,,,,,,,,9:15 PM
213,0,4,251,0021401157,,,1:00,2,5.0,0,0,202709,Cory Joseph,SAS,San Antonio,1610612759.0,Spurs,0,,,,,,0,,,,,,,,Joseph REBOUND (Off:0 Def:1),9:15 PM
214,1,2,252,0021401157,,,0:39,2,5.0,0,0,202709,Cory Joseph,SAS,San Antonio,1610612759.0,Spurs,0,,,,,,0,,,,,,,,MISS Joseph 24' Jump Shot,9:16 PM
215,0,4,253,0021401157,Kanter REBOUND (Off:3 Def:2),,0:38,2,4.0,0,0,202683,Enes Kanter,OKC,Oklahoma City,1610612760.0,Thunder,0,,,,,,0,,,,,,,,,9:16 PM
216,5,1,254,0021401157,Westbrook 1' Layup (15 PTS),,0:32,2,4.0,0,0,201566,Russell Westbrook,OKC,Oklahoma City,1610612760.0,Thunder,0,,,,,,0,,,,,,60 - 41,-19,,9:16 PM
217,1,2,255,0021401157,,,0:10,2,5.0,0,0,2564,Boris Diaw,SAS,San Antonio,1610612759.0,Spurs,0,,,,,,0,,,,,,,,MISS Diaw 5' Jump Shot,9:16 PM
218,0,4,256,0021401157,,,0:08,2,5.0,0,0,1495,Tim Duncan,SAS,San Antonio,1610612759.0,Spurs,0,,,,,,0,,,,,,,,Duncan REBOUND (Off:2 Def:6),9:16 PM
219,1,1,257,0021401157,,,0:00,2,5.0,5,0,202709,Cory Joseph,SAS,San Antonio,1610612759.0,Spurs,1495,Tim Duncan,SAS,San Antonio,1610612759.0,Spurs,0,,,,,,63 - 41,-22,Joseph 25' 3PT Jump Shot (4 PTS) (Duncan 3 AST),9:16 PM
220,0,18,258,0021401157,,,0:00,2,,0,1,257,,,,,,0,,,,,,0,,,,,,,,,9:17 PM
221,0,13,260,0021401157,,,0:00,2,0.0,0,0,0,,,,,,0,,,,,,0,,,,,,63 - 41,-22,,9:17 PM
222,0,12,262,0021401157,,,12:00,3,0.0,0,0,0,,,,,,0,,,,,,0,,,,,,63 - 41,-22,,9:34 PM
223,1,1,263,0021401157,,,11:44,3,5.0,5,0,1495,Tim Duncan,SAS,San Antonio,1610612759.0,Spurs,202709,Cory Joseph,SAS,San Antonio,1610612759.0,Spurs,0,,,,,,65 - 41,-24,Duncan 12' Jump Shot (8 PTS) (Joseph 2 AST),9:35 PM
224,1,1,264,0021401157,Waiters 25' 3PT Jump Shot (7 PTS),,11:32,3,4.0,0,0,203079,Dion Waiters,OKC,Oklahoma City,1610612760.0,Thunder,0,,,,,,0,,,,,,65 - 44,-21,,9:35 PM
225,4,6,265,0021401157,,,11:20,3,5.0,4,1,202695,Kawhi Leonard,SAS,San Antonio,1610612759.0,Spurs,202713,Kyle Singler,OKC,Oklahoma City,1610612760.0,Thunder,0,,,,,,,,Leonard OFF.Foul (P3),9:35 PM
226,5,5,266,0021401157,,,11:20,3,5.0,0,1,202695,Kawhi Leonard,SAS,San Antonio,1610612759.0,Spurs,0,,,,,,0,,,,,,,,Leonard Foul Turnover (P2.T9),9:35 PM
227,5,2,267,0021401157,MISS Kanter 2' Layup,,11:04,3,4.0,0,5,202683,Enes Kanter,OKC,Oklahoma City,1610612760.0,Thunder,0,,,,,,202695,Kawhi Leonard,SAS,San Antonio,1610612759.0,Spurs,,,Leonard BLOCK (1 BLK),9:36 PM
228,0,4,268,0021401157,THUNDER Rebound,,11:04,3,2.0,0,0,1610612760,,,,,,0,,,,,,0,,,,,,,,,9:36 PM
229,1,2,269,0021401157,MISS Waiters 5' Jump Shot,,10:57,3,4.0,0,0,203079,Dion Waiters,OKC,Oklahoma City,1610612760.0,Thunder,0,,,,,,0,,,,,,,,,9:36 PM
230,0,4,270,0021401157,,,10:56,3,5.0,0,0,202709,Cory Joseph,SAS,San Antonio,1610612759.0,Spurs,0,,,,,,0,,,,,,,,Joseph REBOUND (Off:0 Def:2),9:36 PM
231,1,1,271,0021401157,,,10:45,3,5.0,5,0,202695,Kawhi Leonard,SAS,San Antonio,1610612759.0,Spurs,202709,Cory Joseph,SAS,San Antonio,1610612759.0,Spurs,0,,,,,,68 - 44,-24,Leonard 24' 3PT Jump Shot (26 PTS) (Joseph 3 AST),9:36 PM
232,1,5,272,0021401157,Westbrook Bad Pass Turnover (P3.T9),,10:35,3,4.0,5,0,201566,Russell Westbrook,OKC,Oklahoma City,1610612760.0,Thunder,1495,Tim Duncan,SAS,San Antonio,1610612759.0,Spurs,0,,,,,,,,Duncan STEAL (1 STL),9:36 PM
233,1,5,273,0021401157,Westbrook STEAL (6 STL),,10:20,3,5.0,4,0,202695,Kawhi Leonard,SAS,San Antonio,1610612759.0,Spurs,201566,Russell Westbrook,OKC,Oklahoma City,1610612760.0,Thunder,0,,,,,,,,Leonard Bad Pass Turnover (P3.T10),9:37 PM
234,26,6,274,0021401157,Westbrook Offensive Charge Foul (P3.T1),,10:16,3,4.0,5,1,201566,Russell Westbrook,OKC,Oklahoma City,1610612760.0,Thunder,201980,Danny Green,SAS,San Antonio,1610612759.0,Spurs,0,,,,,,,,,9:37 PM
235,5,5,275,0021401157,Westbrook Foul Turnover (P4.T10),,10:16,3,4.0,0,1,201566,Russell Westbrook,OKC,Oklahoma City,1610612760.0,Thunder,0,,,,,,0,,,,,,,,,9:37 PM
236,78,1,276,0021401157,,,9:57,3,5.0,5,0,1495,Tim Duncan,SAS,San Antonio,1610612759.0,Spurs,202709,Cory Joseph,SAS,San Antonio,1610612759.0,Spurs,0,,,,,,70 - 44,-26,Duncan 7' Floating Jump Shot (10 PTS) (Joseph 4 AST),9:37 PM
237,2,6,277,0021401157,,,9:45,3,5.0,4,1,201980,Danny Green,SAS,San Antonio,1610612759.0,Spurs,203079,Dion Waiters,OKC,Oklahoma City,1610612760.0,Thunder,0,,,,,,,,Green S.FOUL (P3.T1),9:38 PM
238,11,3,278,0021401157,MISS Waiters Free Throw 1 of 2,,9:45,3,4.0,0,0,203079,Dion Waiters,OKC,Oklahoma City,1610612760.0,Thunder,0,,,,,,0,,,,,,,,,9:38 PM
239,1,4,279,0021401157,THUNDER Rebound,,9:45,3,2.0,0,0,1610612760,,,,,,0,,,,,,0,,,,,,,,,9:38 PM
240,0,8,280,0021401157,SUB: Roberson FOR Singler,,9:45,3,4.0,4,0,202713,Kyle Singler,OKC,Oklahoma City,1610612760.0,Thunder,203460,Andre Roberson,OKC,Oklahoma City,1610612760.0,Thunder,0,,,,,,,,,9:38 PM
241,12,3,281,0021401157,MISS Waiters Free Throw 2 of 2,,9:45,3,4.0,0,0,203079,Dion Waiters,OKC,Oklahoma City,1610612760.0,Thunder,0,,,,,,0,,,,,,,,,9:38 PM
242,0,4,283,0021401157,,,9:44,3,5.0,0,0,201980,Danny Green,SAS,San Antonio,1610612759.0,Spurs,0,,,,,,0,,,,,,,,Green REBOUND (Off:0 Def:3),9:38 PM
243,1,2,284,0021401157,,,9:31,3,5.0,0,0,201980,Danny Green,SAS,San Antonio,1610612759.0,Spurs,0,,,,,,0,,,,,,,,MISS Green 25' 3PT Jump Shot,9:39 PM
244,0,4,285,0021401157,THUNDER Rebound,,9:30,3,2.0,0,0,1610612760,,,,,,0,,,,,,0,,,,,,,,,9:39 PM
245,2,6,286,0021401157,,,9:15,3,5.0,4,1,201980,Danny Green,SAS,San Antonio,1610612759.0,Spurs,202683,Enes Kanter,OKC,Oklahoma City,1610612760.0,Thunder,0,,,,,,,,Green S.FOUL (P4.T2),9:39 PM
246,11,3,287,0021401157,MISS Kanter Free Throw 1 of 2,,9:15,3,4.0,0,0,202683,Enes Kanter,OKC,Oklahoma City,1610612760.0,Thunder,0,,,,,,0,,,,,,,,,9:39 PM
247,1,4,288,0021401157,THUNDER Rebound,,9:15,3,2.0,0,0,1610612760,,,,,,0,,,,,,0,,,,,,,,,9:39 PM
248,0,8,289,0021401157,,,9:15,3,5.0,5,0,201980,Danny Green,SAS,San Antonio,1610612759.0,Spurs,1938,Manu Ginobili,SAS,San Antonio,1610612759.0,Spurs,0,,,,,,,,SUB: Ginobili FOR Green,9:39 PM
249,12,3,290,0021401157,Kanter Free Throw 2 of 2 (9 PTS),,9:15,3,4.0,0,0,202683,Enes Kanter,OKC,Oklahoma City,1610612760.0,Thunder,0,,,,,,0,,,,,,70 - 45,-25,,9:39 PM
250,1,2,292,0021401157,,,9:01,3,5.0,0,0,202695,Kawhi Leonard,SAS,San Antonio,1610612759.0,Spurs,0,,,,,,0,,,,,,,,MISS Leonard 17' Jump Shot,9:40 PM
251,0,4,293,0021401157,,,9:00,3,5.0,0,0,203382,Aron Baynes,SAS,San Antonio,1610612759.0,Spurs,0,,,,,,0,,,,,,,,Baynes REBOUND (Off:2 Def:2),9:40 PM
252,1,6,294,0021401157,Adams P.FOUL (P1.T2),,8:59,3,4.0,5,1,203500,Steven Adams,OKC,Oklahoma City,1610612760.0,Thunder,203382,Aron Baynes,SAS,San Antonio,1610612759.0,Spurs,0,,,,,,,,,9:40 PM
253,78,1,295,0021401157,,,8:50,3,5.0,0,0,1938,Manu Ginobili,SAS,San Antonio,1610612759.0,Spurs,0,,,,,,0,,,,,,72 - 45,-27,Ginobili 4' Floating Jump Shot (8 PTS),9:40 PM
254,1,9,296,0021401157,THUNDER Timeout: Regular (Full 3 Short 1),,8:42,3,2.0,0,0,1610612760,,,,,,0,,,,,,0,,,,,,,,,9:41 PM
255,0,8,298,0021401157,SUB: Morrow FOR Adams,,8:42,3,4.0,4,0,203500,Steven Adams,OKC,Oklahoma City,1610612760.0,Thunder,201627,Anthony Morrow,OKC,Oklahoma City,1610612760.0,Thunder,0,,,,,,,,,9:43 PM
256,0,8,300,0021401157,,,8:42,3,5.0,5,0,203382,Aron Baynes,SAS,San Antonio,1610612759.0,Spurs,2564,Boris Diaw,SAS,San Antonio,1610612759.0,Spurs,0,,,,,,,,SUB: Diaw FOR Baynes,9:43 PM
257,79,1,301,0021401157,Westbrook 14' Pullup Jump Shot (17 PTS),,8:35,3,4.0,0,0,201566,Russell Westbrook,OKC,Oklahoma City,1610612760.0,Thunder,0,,,,,,0,,,,,,72 - 47,-25,,9:44 PM
258,5,1,302,0021401157,,,8:24,3,5.0,5,0,202709,Cory Joseph,SAS,San Antonio,1610612759.0,Spurs,1938,Manu Ginobili,SAS,San Antonio,1610612759.0,Spurs,0,,,,,,74 - 47,-27,Joseph  Layup (6 PTS) (Ginobili 1 AST),9:44 PM
259,5,2,303,0021401157,MISS Westbrook 2' Layup,,8:12,3,4.0,0,5,201566,Russell Westbrook,OKC,Oklahoma City,1610612760.0,Thunder,0,,,,,,1495,Tim Duncan,SAS,San Antonio,1610612759.0,Spurs,,,Duncan BLOCK (4 BLK),9:44 PM
260,0,4,304,0021401157,Waiters REBOUND (Off:1 Def:3),,8:10,3,4.0,0,0,203079,Dion Waiters,OKC,Oklahoma City,1610612760.0,Thunder,0,,,,,,0,,,,,,,,,9:44 PM
261,42,1,305,0021401157,Waiters 1' Driving Layup (9 PTS),,8:05,3,4.0,0,0,203079,Dion Waiters,OKC,Oklahoma City,1610612760.0,Thunder,0,,,,,,0,,,,,,74 - 49,-25,,9:44 PM
262,47,2,306,0021401157,,,7:46,3,5.0,0,0,1495,Tim Duncan,SAS,San Antonio,1610612759.0,Spurs,0,,,,,,0,,,,,,,,MISS Duncan 11' Turnaround Jump Shot,9:45 PM
263,0,4,307,0021401157,Roberson REBOUND (Off:1 Def:4),,7:45,3,4.0,0,0,203460,Andre Roberson,OKC,Oklahoma City,1610612760.0,Thunder,0,,,,,,0,,,,,,,,,9:45 PM
264,4,6,308,0021401157,Kanter OFF.Foul (P2),,7:40,3,4.0,5,1,202683,Enes Kanter,OKC,Oklahoma City,1610612760.0,Thunder,202709,Cory Joseph,SAS,San Antonio,1610612759.0,Spurs,0,,,,,,,,,9:45 PM
265,5,5,309,0021401157,Kanter Foul Turnover (P1.T11),,7:40,3,4.0,0,1,202683,Enes Kanter,OKC,Oklahoma City,1610612760.0,Thunder,0,,,,,,0,,,,,,,,,9:45 PM
266,0,8,310,0021401157,,,7:40,3,5.0,5,0,202695,Kawhi Leonard,SAS,San Antonio,1610612759.0,Spurs,201158,Marco Belinelli,SAS,San Antonio,1610612759.0,Spurs,0,,,,,,,,SUB: Belinelli FOR Leonard,9:45 PM
267,1,2,311,0021401157,,,7:21,3,5.0,0,0,1495,Tim Duncan,SAS,San Antonio,1610612759.0,Spurs,0,,,,,,0,,,,,,,,MISS Duncan 7' Jump Shot,9:46 PM
268,0,4,313,0021401157,,,7:18,3,5.0,0,0,2564,Boris Diaw,SAS,San Antonio,1610612759.0,Spurs,0,,,,,,0,,,,,,,,Diaw REBOUND (Off:1 Def:2),9:46 PM
269,4,2,312,0021401157,,,7:18,3,5.0,0,0,2564,Boris Diaw,SAS,San Antonio,1610612759.0,Spurs,0,,,,,,0,,,,,,,,MISS Diaw  Tip Shot,9:46 PM
270,0,4,314,0021401157,,,7:16,3,5.0,0,0,201158,Marco Belinelli,SAS,San Antonio,1610612759.0,Spurs,0,,,,,,0,,,,,,,,Belinelli REBOUND (Off:1 Def:0),9:46 PM
271,2,6,315,0021401157,Kanter S.FOUL (P3.T3),,7:09,3,4.0,5,1,202683,Enes Kanter,OKC,Oklahoma City,1610612760.0,Thunder,1495,Tim Duncan,SAS,San Antonio,1610612759.0,Spurs,0,,,,,,,,,9:46 PM
272,11,3,316,0021401157,,,7:09,3,5.0,0,0,1495,Tim Duncan,SAS,San Antonio,1610612759.0,Spurs,0,,,,,,0,,,,,,75 - 49,-26,Duncan Free Throw 1 of 2 (11 PTS),9:46 PM
273,12,3,318,0021401157,,,7:09,3,5.0,0,0,1495,Tim Duncan,SAS,San Antonio,1610612759.0,Spurs,0,,,,,,0,,,,,,76 - 49,-27,Duncan Free Throw 2 of 2 (12 PTS),9:46 PM
274,40,2,326,0021401157,MISS Westbrook  Layup,,6:55,3,4.0,0,5,201566,Russell Westbrook,OKC,Oklahoma City,1610612760.0,Thunder,0,,,,,,1495,Tim Duncan,SAS,San Antonio,1610612759.0,Spurs,,,Duncan BLOCK (5 BLK),9:47 PM
275,0,4,321,0021401157,,,6:54,3,5.0,0,0,1495,Tim Duncan,SAS,San Antonio,1610612759.0,Spurs,0,,,,,,0,,,,,,,,Duncan REBOUND (Off:2 Def:7),9:47 PM
276,1,2,322,0021401157,,,6:42,3,5.0,0,0,1938,Manu Ginobili,SAS,San Antonio,1610612759.0,Spurs,0,,,,,,0,,,,,,,,MISS Ginobili 25' 3PT Jump Shot,9:47 PM
277,0,4,323,0021401157,Roberson REBOUND (Off:1 Def:5),,6:40,3,4.0,0,0,203460,Andre Roberson,OKC,Oklahoma City,1610612760.0,Thunder,0,,,,,,0,,,,,,,,,9:47 PM
278,1,6,324,0021401157,,,6:37,3,5.0,4,1,201158,Marco Belinelli,SAS,San Antonio,1610612759.0,Spurs,203079,Dion Waiters,OKC,Oklahoma City,1610612760.0,Thunder,0,,,,,,,,Belinelli P.FOUL (P3.T3),9:47 PM
279,11,3,325,0021401157,MISS Waiters Free Throw 1 of 2,,6:37,3,4.0,0,0,203079,Dion Waiters,OKC,Oklahoma City,1610612760.0,Thunder,0,,,,,,0,,,,,,,,,9:47 PM
280,1,4,327,0021401157,THUNDER Rebound,,6:37,3,2.0,0,0,1610612760,,,,,,0,,,,,,0,,,,,,,,,9:47 PM
281,12,3,328,0021401157,Waiters Free Throw 2 of 2 (10 PTS),,6:37,3,4.0,0,0,203079,Dion Waiters,OKC,Oklahoma City,1610612760.0,Thunder,0,,,,,,0,,,,,,76 - 50,-26,,9:48 PM
282,4,5,333,0021401157,,,6:18,3,5.0,0,1,2564,Boris Diaw,SAS,San Antonio,1610612759.0,Spurs,0,,,,,,0,,,,,,,,Diaw Traveling Turnover (P2.T11),9:49 PM
283,4,6,334,0021401157,Roberson OFF.Foul (P2),,6:12,3,4.0,5,1,203460,Andre Roberson,OKC,Oklahoma City,1610612760.0,Thunder,202709,Cory Joseph,SAS,San Antonio,1610612759.0,Spurs,0,,,,,,,,,9:49 PM
284,5,5,335,0021401157,Roberson Foul Turnover (P1.T12),,6:12,3,4.0,0,1,203460,Andre Roberson,OKC,Oklahoma City,1610612760.0,Thunder,0,,,,,,0,,,,,,,,,9:49 PM
285,1,5,336,0021401157,Roberson STEAL (1 STL),,6:02,3,5.0,4,0,1495,Tim Duncan,SAS,San Antonio,1610612759.0,Spurs,203460,Andre Roberson,OKC,Oklahoma City,1610612760.0,Thunder,0,,,,,,,,Duncan Bad Pass Turnover (P4.T12),9:49 PM
286,40,5,337,0021401157,Roberson Out of Bounds Lost Ball Turnover (P2.T13),,5:49,3,4.0,0,1,203460,Andre Roberson,OKC,Oklahoma City,1610612760.0,Thunder,0,,,,,,0,,,,,,,,,9:50 PM
287,73,1,338,0021401157,,,5:31,3,5.0,0,0,1938,Manu Ginobili,SAS,San Antonio,1610612759.0,Spurs,0,,,,,,0,,,,,,78 - 50,-28,Ginobili 1' Driving Reverse Layup (10 PTS),9:50 PM
288,1,9,339,0021401157,THUNDER Timeout: Regular (Full 4 Short 1),,5:29,3,2.0,0,0,1610612760,,,,,,0,,,,,,0,,,,,,,,,9:50 PM
289,0,8,341,0021401157,,,5:29,3,5.0,5,0,1495,Tim Duncan,SAS,San Antonio,1610612759.0,Spurs,203382,Aron Baynes,SAS,San Antonio,1610612759.0,Spurs,0,,,,,,,,SUB: Baynes FOR Duncan,9:52 PM
290,0,8,342,0021401157,SUB: Adams FOR Kanter,,5:29,3,4.0,4,0,202683,Enes Kanter,OKC,Oklahoma City,1610612760.0,Thunder,203500,Steven Adams,OKC,Oklahoma City,1610612760.0,Thunder,0,,,,,,,,,9:52 PM
291,0,8,343,0021401157,SUB: Augustin FOR Westbrook,,5:29,3,4.0,4,0,201566,Russell Westbrook,OKC,Oklahoma City,1610612760.0,Thunder,201571,D.J. Augustin,OKC,Oklahoma City,1610612760.0,Thunder,0,,,,,,,,,9:52 PM
292,0,8,344,0021401157,,,5:29,3,5.0,5,0,202709,Cory Joseph,SAS,San Antonio,1610612759.0,Spurs,201988,Patty Mills,SAS,San Antonio,1610612759.0,Spurs,0,,,,,,,,SUB: Mills FOR Joseph,9:53 PM
293,79,2,345,0021401157,MISS Waiters 19' Pullup Jump Shot,,5:17,3,4.0,0,0,203079,Dion Waiters,OKC,Oklahoma City,1610612760.0,Thunder,0,,,,,,0,,,,,,,,,9:53 PM
294,0,4,346,0021401157,,,5:16,3,5.0,0,0,1938,Manu Ginobili,SAS,San Antonio,1610612759.0,Spurs,0,,,,,,0,,,,,,,,Ginobili REBOUND (Off:0 Def:1),9:53 PM
295,46,2,347,0021401157,Adams BLOCK (2 BLK),,5:04,3,5.0,0,4,2564,Boris Diaw,SAS,San Antonio,1610612759.0,Spurs,0,,,,,,203500,Steven Adams,OKC,Oklahoma City,1610612760.0,Thunder,,,MISS Diaw 4' Running Jump Shot,9:53 PM
296,0,4,348,0021401157,Roberson REBOUND (Off:1 Def:6),,5:03,3,4.0,0,0,203460,Andre Roberson,OKC,Oklahoma City,1610612760.0,Thunder,0,,,,,,0,,,,,,,,,9:53 PM
297,4,5,350,0021401157,Waiters Traveling Turnover (P3.T14),,4:53,3,4.0,0,1,203079,Dion Waiters,OKC,Oklahoma City,1610612760.0,Thunder,0,,,,,,0,,,,,,,,,9:54 PM
298,2,5,351,0021401157,Augustin STEAL (1 STL),,4:41,3,5.0,4,0,201988,Patty Mills,SAS,San Antonio,1610612759.0,Spurs,201571,D.J. Augustin,OKC,Oklahoma City,1610612760.0,Thunder,0,,,,,,,,Mills Lost Ball Turnover (P2.T13),9:54 PM
299,46,2,352,0021401157,MISS Morrow 11' Running Jump Shot,,4:28,3,4.0,0,0,201627,Anthony Morrow,OKC,Oklahoma City,1610612760.0,Thunder,0,,,,,,0,,,,,,,,,9:54 PM
300,0,4,353,0021401157,Adams REBOUND (Off:1 Def:1),,4:27,3,4.0,0,0,203500,Steven Adams,OKC,Oklahoma City,1610612760.0,Thunder,0,,,,,,0,,,,,,,,,9:54 PM
301,3,2,354,0021401157,MISS Adams 3' Hook Shot,,4:24,3,4.0,0,0,203500,Steven Adams,OKC,Oklahoma City,1610612760.0,Thunder,0,,,,,,0,,,,,,,,,9:54 PM
302,0,4,355,0021401157,,,4:23,3,5.0,0,0,1938,Manu Ginobili,SAS,San Antonio,1610612759.0,Spurs,0,,,,,,0,,,,,,,,Ginobili REBOUND (Off:0 Def:2),9:54 PM
303,1,1,356,0021401157,,,4:14,3,5.0,5,0,201158,Marco Belinelli,SAS,San Antonio,1610612759.0,Spurs,201988,Patty Mills,SAS,San Antonio,1610612759.0,Spurs,0,,,,,,80 - 50,-30,Belinelli 21' Jump Shot (6 PTS) (Mills 2 AST),9:55 PM
304,46,2,357,0021401157,MISS Roberson 13' Running Jump Shot,,3:47,3,4.0,0,0,203460,Andre Roberson,OKC,Oklahoma City,1610612760.0,Thunder,0,,,,,,0,,,,,,,,,9:55 PM
305,0,4,358,0021401157,,,3:46,3,5.0,0,0,2564,Boris Diaw,SAS,San Antonio,1610612759.0,Spurs,0,,,,,,0,,,,,,,,Diaw REBOUND (Off:1 Def:3),9:55 PM
306,1,5,367,0021401157,Waiters STEAL (2 STL),,3:33,3,5.0,4,0,1938,Manu Ginobili,SAS,San Antonio,1610612759.0,Spurs,203079,Dion Waiters,OKC,Oklahoma City,1610612760.0,Thunder,0,,,,,,,,Ginobili Bad Pass Turnover (P1.T14),9:55 PM
307,1,5,376,0021401157,Waiters Bad Pass Turnover (P4.T15),,3:31,3,4.0,5,0,203079,Dion Waiters,OKC,Oklahoma City,1610612760.0,Thunder,201988,Patty Mills,SAS,San Antonio,1610612759.0,Spurs,0,,,,,,,,Mills STEAL (1 STL),9:55 PM
308,1,5,359,0021401157,Roberson STEAL (2 STL),,3:27,3,5.0,4,0,2564,Boris Diaw,SAS,San Antonio,1610612759.0,Spurs,203460,Andre Roberson,OKC,Oklahoma City,1610612760.0,Thunder,0,,,,,,,,Diaw Bad Pass Turnover (P3.T15),9:55 PM
309,1,2,360,0021401157,MISS Morrow 24' 3PT Jump Shot,,3:19,3,4.0,0,0,201627,Anthony Morrow,OKC,Oklahoma City,1610612760.0,Thunder,0,,,,,,0,,,,,,,,,9:55 PM
310,0,4,361,0021401157,Adams REBOUND (Off:2 Def:1),,3:18,3,4.0,0,0,203500,Steven Adams,OKC,Oklahoma City,1610612760.0,Thunder,0,,,,,,0,,,,,,,,,9:56 PM
311,1,2,362,0021401157,MISS Waiters 25' 3PT Jump Shot,,3:13,3,4.0,0,0,203079,Dion Waiters,OKC,Oklahoma City,1610612760.0,Thunder,0,,,,,,0,,,,,,,,,9:56 PM
312,0,4,363,0021401157,,,3:11,3,5.0,0,0,1938,Manu Ginobili,SAS,San Antonio,1610612759.0,Spurs,0,,,,,,0,,,,,,,,Ginobili REBOUND (Off:0 Def:3),9:56 PM
313,1,9,364,0021401157,,,3:05,3,3.0,0,0,1610612759,,,,,,0,,,,,,0,,,,,,,,Spurs Timeout: Regular (Reg.3 Short 0),9:56 PM
314,0,8,365,0021401157,SUB: Jones FOR Waiters,,3:05,3,4.0,4,0,203079,Dion Waiters,OKC,Oklahoma City,1610612760.0,Thunder,203103,Perry Jones III,OKC,Oklahoma City,1610612760.0,Thunder,0,,,,,,,,,9:57 PM
315,79,1,368,0021401157,,,2:55,3,5.0,0,0,201988,Patty Mills,SAS,San Antonio,1610612759.0,Spurs,0,,,,,,0,,,,,,82 - 50,-32,Mills 22' Pullup Jump Shot (2 PTS),9:58 PM
316,1,2,369,0021401157,MISS Roberson  3PT Jump Shot,,2:34,3,4.0,0,0,203460,Andre Roberson,OKC,Oklahoma City,1610612760.0,Thunder,0,,,,,,0,,,,,,,,,9:58 PM
317,0,4,370,0021401157,,,2:33,3,5.0,0,0,203382,Aron Baynes,SAS,San Antonio,1610612759.0,Spurs,0,,,,,,0,,,,,,,,Baynes REBOUND (Off:2 Def:3),9:58 PM
318,80,2,371,0021401157,,,2:26,3,5.0,0,0,1938,Manu Ginobili,SAS,San Antonio,1610612759.0,Spurs,0,,,,,,0,,,,,,,,MISS Ginobili 20' Step Back Jump Shot,9:58 PM
319,0,4,372,0021401157,Adams REBOUND (Off:2 Def:2),,2:25,3,4.0,0,0,203500,Steven Adams,OKC,Oklahoma City,1610612760.0,Thunder,0,,,,,,0,,,,,,,,,9:58 PM
320,1,1,373,0021401157,Adams 9' Jump Shot (5 PTS) (Augustin 2 AST),,2:14,3,4.0,4,0,203500,Steven Adams,OKC,Oklahoma City,1610612760.0,Thunder,201571,D.J. Augustin,OKC,Oklahoma City,1610612760.0,Thunder,0,,,,,,82 - 52,-30,,9:58 PM
321,44,1,374,0021401157,,,1:58,3,5.0,5,0,203382,Aron Baynes,SAS,San Antonio,1610612759.0,Spurs,1938,Manu Ginobili,SAS,San Antonio,1610612759.0,Spurs,0,,,,,,84 - 52,-32,Baynes 1' Reverse Layup (6 PTS) (Ginobili 2 AST),9:59 PM
322,1,2,375,0021401157,MISS Augustin 26' 3PT Jump Shot,,1:31,3,4.0,0,0,201571,D.J. Augustin,OKC,Oklahoma City,1610612760.0,Thunder,0,,,,,,0,,,,,,,,,9:59 PM
323,0,4,377,0021401157,,,1:30,3,5.0,0,0,1938,Manu Ginobili,SAS,San Antonio,1610612759.0,Spurs,0,,,,,,0,,,,,,,,Ginobili REBOUND (Off:0 Def:4),9:59 PM
324,5,1,378,0021401157,,,1:20,3,5.0,5,0,203382,Aron Baynes,SAS,San Antonio,1610612759.0,Spurs,2564,Boris Diaw,SAS,San Antonio,1610612759.0,Spurs,0,,,,,,86 - 52,-34,Baynes 1' Layup (8 PTS) (Diaw 5 AST),9:59 PM
325,46,1,379,0021401157,Jones 8' Running Jump Shot (2 PTS),,1:02,3,4.0,0,0,203103,Perry Jones III,OKC,Oklahoma City,1610612760.0,Thunder,0,,,,,,0,,,,,,86 - 54,-32,,10:00 PM
326,2,6,380,0021401157,,,1:02,3,5.0,4,1,2564,Boris Diaw,SAS,San Antonio,1610612759.0,Spurs,203103,Perry Jones III,OKC,Oklahoma City,1610612760.0,Thunder,0,,,,,,,,Diaw S.FOUL (P2.T4),10:00 PM
327,0,8,382,0021401157,SUB: Lamb FOR Roberson,,1:02,3,4.0,4,0,203460,Andre Roberson,OKC,Oklahoma City,1610612760.0,Thunder,203087,Jeremy Lamb,OKC,Oklahoma City,1610612760.0,Thunder,0,,,,,,,,,10:00 PM
328,0,8,383,0021401157,SUB: McGary FOR Adams,,1:02,3,4.0,4,0,203500,Steven Adams,OKC,Oklahoma City,1610612760.0,Thunder,203956,Mitch McGary,OKC,Oklahoma City,1610612760.0,Thunder,0,,,,,,,,,10:00 PM
329,0,8,384,0021401157,,,1:02,3,5.0,5,0,1938,Manu Ginobili,SAS,San Antonio,1610612759.0,Spurs,202709,Cory Joseph,SAS,San Antonio,1610612759.0,Spurs,0,,,,,,,,SUB: Joseph FOR Ginobili,10:00 PM
330,10,3,385,0021401157,MISS Jones Free Throw 1 of 1,,1:02,3,4.0,0,0,203103,Perry Jones III,OKC,Oklahoma City,1610612760.0,Thunder,0,,,,,,0,,,,,,,,,10:00 PM
331,0,4,387,0021401157,THUNDER Rebound,,1:00,3,2.0,0,0,1610612760,,,,,,0,,,,,,0,,,,,,,,,10:00 PM
332,1,2,388,0021401157,MISS Jones 19' Jump Shot,,0:58,3,4.0,0,0,203103,Perry Jones III,OKC,Oklahoma City,1610612760.0,Thunder,0,,,,,,0,,,,,,,,,10:00 PM
333,0,4,389,0021401157,,,0:57,3,5.0,0,0,202709,Cory Joseph,SAS,San Antonio,1610612759.0,Spurs,0,,,,,,0,,,,,,,,Joseph REBOUND (Off:0 Def:3),10:00 PM
334,80,2,390,0021401157,,,0:48,3,5.0,0,0,202709,Cory Joseph,SAS,San Antonio,1610612759.0,Spurs,0,,,,,,0,,,,,,,,MISS Joseph 8' Step Back Jump Shot,10:01 PM
335,0,4,391,0021401157,,,0:47,3,5.0,0,0,203382,Aron Baynes,SAS,San Antonio,1610612759.0,Spurs,0,,,,,,0,,,,,,,,Baynes REBOUND (Off:3 Def:3),10:01 PM
336,44,2,392,0021401157,Jones BLOCK (1 BLK),,0:45,3,5.0,0,4,203382,Aron Baynes,SAS,San Antonio,1610612759.0,Spurs,0,,,,,,203103,Perry Jones III,OKC,Oklahoma City,1610612760.0,Thunder,,,MISS Baynes 1' Reverse Layup,10:01 PM
337,0,4,393,0021401157,McGary REBOUND (Off:1 Def:1),,0:43,3,4.0,0,0,203956,Mitch McGary,OKC,Oklahoma City,1610612760.0,Thunder,0,,,,,,0,,,,,,,,,10:01 PM
338,1,2,394,0021401157,MISS McGary 11' Jump Shot,,0:36,3,4.0,0,0,203956,Mitch McGary,OKC,Oklahoma City,1610612760.0,Thunder,0,,,,,,0,,,,,,,,,10:01 PM
339,0,4,395,0021401157,,,0:35,3,5.0,0,0,202709,Cory Joseph,SAS,San Antonio,1610612759.0,Spurs,0,,,,,,0,,,,,,,,Joseph REBOUND (Off:0 Def:4),10:01 PM
340,44,1,396,0021401157,,,0:27,3,5.0,5,0,203382,Aron Baynes,SAS,San Antonio,1610612759.0,Spurs,202709,Cory Joseph,SAS,San Antonio,1610612759.0,Spurs,0,,,,,,88 - 54,-34,Baynes 1' Reverse Layup (10 PTS) (Joseph 5 AST),10:01 PM
341,1,1,397,0021401157,Augustin 24' 3PT Jump Shot (3 PTS) (McGary 1 AST),,0:14,3,4.0,4,0,201571,D.J. Augustin,OKC,Oklahoma City,1610612760.0,Thunder,203956,Mitch McGary,OKC,Oklahoma City,1610612760.0,Thunder,0,,,,,,88 - 57,-31,,10:01 PM
342,78,2,399,0021401157,,,0:00,3,5.0,0,0,202709,Cory Joseph,SAS,San Antonio,1610612759.0,Spurs,0,,,,,,0,,,,,,,,MISS Joseph 16' Floating Jump Shot,10:02 PM
343,0,4,400,0021401157,,,0:00,3,3.0,0,0,1610612759,,,,,,0,,,,,,0,,,,,,,,Spurs Rebound,10:02 PM
344,0,13,401,0021401157,,,0:00,3,0.0,0,0,0,,,,,,0,,,,,,0,,,,,,88 - 57,-31,,10:02 PM
345,0,12,403,0021401157,,,12:00,4,0.0,0,0,0,,,,,,0,,,,,,0,,,,,,88 - 57,-31,,10:06 PM
346,84,2,404,0021401157,MISS Lamb 10' Running Bank Shot,,11:36,4,4.0,0,0,203087,Jeremy Lamb,OKC,Oklahoma City,1610612760.0,Thunder,0,,,,,,0,,,,,,,,,10:06 PM
347,0,4,405,0021401157,,,11:35,4,5.0,0,0,202709,Cory Joseph,SAS,San Antonio,1610612759.0,Spurs,0,,,,,,0,,,,,,,,Joseph REBOUND (Off:0 Def:5),10:06 PM
348,1,1,406,0021401157,,,11:16,4,5.0,5,0,201158,Marco Belinelli,SAS,San Antonio,1610612759.0,Spurs,2564,Boris Diaw,SAS,San Antonio,1610612759.0,Spurs,0,,,,,,90 - 57,-33,Belinelli 20' Jump Shot (8 PTS) (Diaw 6 AST),10:06 PM
349,46,1,407,0021401157,Lamb 6' Running Jump Shot (2 PTS),,11:01,4,4.0,0,0,203087,Jeremy Lamb,OKC,Oklahoma City,1610612760.0,Thunder,0,,,,,,0,,,,,,90 - 59,-31,,10:07 PM
350,2,6,408,0021401157,,,11:01,4,5.0,4,1,201965,Jeff Ayres,SAS,San Antonio,1610612759.0,Spurs,203087,Jeremy Lamb,OKC,Oklahoma City,1610612760.0,Thunder,0,,,,,,,,Ayres S.FOUL (P1.T1),10:07 PM
351,0,8,409,0021401157,,,11:01,4,5.0,5,0,2564,Boris Diaw,SAS,San Antonio,1610612759.0,Spurs,202130,Reggie Williams,SAS,San Antonio,1610612759.0,Spurs,0,,,,,,,,SUB: Williams FOR Diaw,10:07 PM
352,10,3,410,0021401157,Lamb Free Throw 1 of 1 (3 PTS),,11:01,4,4.0,0,0,203087,Jeremy Lamb,OKC,Oklahoma City,1610612760.0,Thunder,0,,,,,,0,,,,,,90 - 60,-30,,10:07 PM
353,2,6,412,0021401157,Jones S.FOUL (P1.T1),,10:49,4,4.0,5,1,203103,Perry Jones III,OKC,Oklahoma City,1610612760.0,Thunder,201988,Patty Mills,SAS,San Antonio,1610612759.0,Spurs,0,,,,,,,,,10:07 PM
354,11,3,413,0021401157,,,10:49,4,5.0,0,0,201988,Patty Mills,SAS,San Antonio,1610612759.0,Spurs,0,,,,,,0,,,,,,,,MISS Mills Free Throw 1 of 2,10:08 PM
355,1,4,414,0021401157,,,10:49,4,3.0,0,0,1610612759,,,,,,0,,,,,,0,,,,,,,,Spurs Rebound,10:08 PM
356,12,3,415,0021401157,,,10:49,4,5.0,0,0,201988,Patty Mills,SAS,San Antonio,1610612759.0,Spurs,0,,,,,,0,,,,,,91 - 60,-31,Mills Free Throw 2 of 2 (3 PTS),10:08 PM
357,47,1,417,0021401157,Morrow 7' Turnaround Jump Shot (7 PTS) (McGary 2 AST),,10:37,4,4.0,4,0,201627,Anthony Morrow,OKC,Oklahoma City,1610612760.0,Thunder,203956,Mitch McGary,OKC,Oklahoma City,1610612760.0,Thunder,0,,,,,,91 - 62,-29,,10:08 PM
358,79,1,418,0021401157,,,10:18,4,5.0,5,0,201158,Marco Belinelli,SAS,San Antonio,1610612759.0,Spurs,202709,Cory Joseph,SAS,San Antonio,1610612759.0,Spurs,0,,,,,,93 - 62,-31,Belinelli 19' Pullup Jump Shot (10 PTS) (Joseph 6 AST),10:09 PM
359,1,6,419,0021401157,,,10:10,4,5.0,4,1,202130,Reggie Williams,SAS,San Antonio,1610612759.0,Spurs,203103,Perry Jones III,OKC,Oklahoma City,1610612760.0,Thunder,0,,,,,,,,Williams P.FOUL (P1.T2),10:09 PM
360,0,8,420,0021401157,,,10:10,4,5.0,5,0,202709,Cory Joseph,SAS,San Antonio,1610612759.0,Spurs,2588,Matt Bonner,SAS,San Antonio,1610612759.0,Spurs,0,,,,,,,,SUB: Bonner FOR Joseph,10:09 PM
361,1,2,421,0021401157,MISS Augustin 18' Jump Shot,,10:04,4,4.0,0,0,201571,D.J. Augustin,OKC,Oklahoma City,1610612760.0,Thunder,0,,,,,,0,,,,,,,,,10:09 PM
362,0,4,422,0021401157,McGary REBOUND (Off:2 Def:1),,10:03,4,4.0,0,0,203956,Mitch McGary,OKC,Oklahoma City,1610612760.0,Thunder,0,,,,,,0,,,,,,,,,10:09 PM
363,3,2,423,0021401157,MISS McGary 6' Hook Shot,,9:59,4,4.0,0,0,203956,Mitch McGary,OKC,Oklahoma City,1610612760.0,Thunder,0,,,,,,0,,,,,,,,,10:09 PM
364,0,4,424,0021401157,,,9:59,4,5.0,0,0,2588,Matt Bonner,SAS,San Antonio,1610612759.0,Spurs,0,,,,,,0,,,,,,,,Bonner REBOUND (Off:0 Def:1),10:09 PM
365,73,1,425,0021401157,,,9:51,4,5.0,0,0,201988,Patty Mills,SAS,San Antonio,1610612759.0,Spurs,0,,,,,,0,,,,,,95 - 62,-33,Mills 1' Driving Reverse Layup (5 PTS),10:09 PM
366,1,6,426,0021401157,,,9:40,4,5.0,4,1,202130,Reggie Williams,SAS,San Antonio,1610612759.0,Spurs,201627,Anthony Morrow,OKC,Oklahoma City,1610612760.0,Thunder,0,,,,,,,,Williams P.FOUL (P2.T3),10:10 PM
367,0,8,427,0021401157,SUB: Novak FOR Morrow,,9:40,4,4.0,4,0,201627,Anthony Morrow,OKC,Oklahoma City,1610612760.0,Thunder,200779,Steve Novak,OKC,Oklahoma City,1610612760.0,Thunder,0,,,,,,,,,10:10 PM
368,2,6,428,0021401157,,,9:35,4,5.0,4,1,2588,Matt Bonner,SAS,San Antonio,1610612759.0,Spurs,203103,Perry Jones III,OKC,Oklahoma City,1610612760.0,Thunder,0,,,,,,,,Bonner S.FOUL (P1.T4),10:10 PM
369,11,3,429,0021401157,MISS Jones Free Throw 1 of 2,,9:35,4,4.0,0,0,203103,Perry Jones III,OKC,Oklahoma City,1610612760.0,Thunder,0,,,,,,0,,,,,,,,,10:10 PM
370,1,4,430,0021401157,THUNDER Rebound,,9:35,4,2.0,0,0,1610612760,,,,,,0,,,,,,0,,,,,,,,,10:10 PM
371,12,3,431,0021401157,Jones Free Throw 2 of 2 (3 PTS),,9:35,4,4.0,0,0,203103,Perry Jones III,OKC,Oklahoma City,1610612760.0,Thunder,0,,,,,,0,,,,,,95 - 63,-32,,10:10 PM
372,1,2,433,0021401157,,,9:22,4,5.0,0,0,201988,Patty Mills,SAS,San Antonio,1610612759.0,Spurs,0,,,,,,0,,,,,,,,MISS Mills 24' 3PT Jump Shot,10:11 PM
373,0,4,434,0021401157,Lamb REBOUND (Off:0 Def:1),,9:21,4,4.0,0,0,203087,Jeremy Lamb,OKC,Oklahoma City,1610612760.0,Thunder,0,,,,,,0,,,,,,,,,10:11 PM
374,42,1,435,0021401157,Jones 3' Driving Layup (5 PTS) (Novak 1 AST),,9:11,4,4.0,4,0,203103,Perry Jones III,OKC,Oklahoma City,1610612760.0,Thunder,200779,Steve Novak,OKC,Oklahoma City,1610612760.0,Thunder,0,,,,,,95 - 65,-30,,10:11 PM
375,1,2,436,0021401157,,,8:58,4,5.0,0,0,201988,Patty Mills,SAS,San Antonio,1610612759.0,Spurs,0,,,,,,0,,,,,,,,MISS Mills 25' 3PT Jump Shot,10:11 PM
376,0,4,437,0021401157,Augustin REBOUND (Off:0 Def:2),,8:57,4,4.0,0,0,201571,D.J. Augustin,OKC,Oklahoma City,1610612760.0,Thunder,0,,,,,,0,,,,,,,,,10:11 PM
377,42,1,439,0021401157,McGary 1' Driving Layup (2 PTS),,8:40,4,4.0,0,0,203956,Mitch McGary,OKC,Oklahoma City,1610612760.0,Thunder,0,,,,,,0,,,,,,95 - 67,-28,,10:12 PM
378,5,1,440,0021401157,,,8:24,4,5.0,5,0,201158,Marco Belinelli,SAS,San Antonio,1610612759.0,Spurs,201988,Patty Mills,SAS,San Antonio,1610612759.0,Spurs,0,,,,,,97 - 67,-30,Belinelli 1' Layup (12 PTS) (Mills 3 AST),10:12 PM
379,1,9,441,0021401157,THUNDER Timeout: Regular (Full 5 Short 1),,8:15,4,2.0,0,0,1610612760,,,,,,0,,,,,,0,,,,,,,,,10:12 PM
380,1,1,445,0021401157,Augustin 11' Jump Shot (5 PTS),,7:57,4,4.0,0,0,201571,D.J. Augustin,OKC,Oklahoma City,1610612760.0,Thunder,0,,,,,,0,,,,,,97 - 69,-28,,10:16 PM
381,1,2,446,0021401157,,,7:38,4,5.0,0,0,201158,Marco Belinelli,SAS,San Antonio,1610612759.0,Spurs,0,,,,,,0,,,,,,,,MISS Belinelli 24' 3PT Jump Shot,10:16 PM
382,0,4,447,0021401157,McGary REBOUND (Off:2 Def:2),,7:37,4,4.0,0,0,203956,Mitch McGary,OKC,Oklahoma City,1610612760.0,Thunder,0,,,,,,0,,,,,,,,,10:16 PM
383,5,1,448,0021401157,McGary  Layup (4 PTS) (Augustin 3 AST),,7:31,4,4.0,4,0,203956,Mitch McGary,OKC,Oklahoma City,1610612760.0,Thunder,201571,D.J. Augustin,OKC,Oklahoma City,1610612760.0,Thunder,0,,,,,,97 - 71,-26,,10:16 PM
384,42,1,449,0021401157,,,7:19,4,5.0,0,0,202130,Reggie Williams,SAS,San Antonio,1610612759.0,Spurs,0,,,,,,0,,,,,,99 - 71,-28,Williams 1' Driving Layup (2 PTS),10:16 PM
385,2,6,450,0021401157,Lamb S.FOUL (P1.T2),,7:19,4,4.0,5,1,203087,Jeremy Lamb,OKC,Oklahoma City,1610612760.0,Thunder,202130,Reggie Williams,SAS,San Antonio,1610612759.0,Spurs,0,,,,,,,,,10:16 PM
386,10,3,451,0021401157,,,7:19,4,5.0,0,0,202130,Reggie Williams,SAS,San Antonio,1610612759.0,Spurs,0,,,,,,0,,,,,,100 - 71,-29,Williams Free Throw 1 of 1 (3 PTS),10:17 PM
387,1,2,453,0021401157,MISS Novak 25' 3PT Jump Shot,,7:06,4,4.0,0,0,200779,Steve Novak,OKC,Oklahoma City,1610612760.0,Thunder,0,,,,,,0,,,,,,,,,10:17 PM
388,0,4,454,0021401157,,,7:05,4,5.0,0,0,201988,Patty Mills,SAS,San Antonio,1610612759.0,Spurs,0,,,,,,0,,,,,,,,Mills REBOUND (Off:0 Def:1),10:17 PM
389,1,2,455,0021401157,,,6:55,4,5.0,0,0,201988,Patty Mills,SAS,San Antonio,1610612759.0,Spurs,0,,,,,,0,,,,,,,,MISS Mills 9' Jump Shot,10:17 PM
390,0,4,457,0021401157,,,6:53,4,5.0,0,0,202130,Reggie Williams,SAS,San Antonio,1610612759.0,Spurs,0,,,,,,0,,,,,,,,Williams REBOUND (Off:1 Def:0),10:17 PM
391,72,1,456,0021401157,,,6:53,4,5.0,0,0,202130,Reggie Williams,SAS,San Antonio,1610612759.0,Spurs,0,,,,,,0,,,,,,102 - 71,-31,Williams 1' Putback Layup (5 PTS),10:17 PM
392,5,2,458,0021401157,MISS McGary 2' Layup,,6:32,4,4.0,0,0,203956,Mitch McGary,OKC,Oklahoma City,1610612760.0,Thunder,0,,,,,,0,,,,,,,,,10:18 PM
393,0,4,460,0021401157,McGary REBOUND (Off:3 Def:2),,6:30,4,4.0,0,0,203956,Mitch McGary,OKC,Oklahoma City,1610612760.0,Thunder,0,,,,,,0,,,,,,,,,10:18 PM
394,72,1,459,0021401157,McGary 1' Putback Layup (6 PTS),,6:30,4,4.0,0,0,203956,Mitch McGary,OKC,Oklahoma City,1610612760.0,Thunder,0,,,,,,0,,,,,,102 - 73,-29,,10:18 PM
395,79,2,461,0021401157,,,6:07,4,5.0,0,0,201988,Patty Mills,SAS,San Antonio,1610612759.0,Spurs,0,,,,,,0,,,,,,,,MISS Mills 25' 3PT Pullup Jump Shot,10:18 PM
396,0,4,462,0021401157,Lamb REBOUND (Off:0 Def:2),,6:06,4,4.0,0,0,203087,Jeremy Lamb,OKC,Oklahoma City,1610612760.0,Thunder,0,,,,,,0,,,,,,,,,10:18 PM
397,42,1,463,0021401157,Lamb 2' Driving Layup (5 PTS),,5:59,4,4.0,0,0,203087,Jeremy Lamb,OKC,Oklahoma City,1610612760.0,Thunder,0,,,,,,0,,,,,,102 - 75,-27,,10:18 PM
398,2,6,464,0021401157,,,5:59,4,5.0,4,1,201965,Jeff Ayres,SAS,San Antonio,1610612759.0,Spurs,203087,Jeremy Lamb,OKC,Oklahoma City,1610612760.0,Thunder,0,,,,,,,,Ayres S.FOUL (P2.PN),10:18 PM
399,4,9,465,0021401157,,,5:59,4,1.0,0,0,0,,,,,,0,,,,,,0,,,,,,,,,10:18 PM
400,10,3,467,0021401157,Lamb Free Throw 1 of 1 (6 PTS),,5:59,4,4.0,0,0,203087,Jeremy Lamb,OKC,Oklahoma City,1610612760.0,Thunder,0,,,,,,0,,,,,,102 - 76,-26,,10:20 PM
401,1,2,470,0021401157,,,5:36,4,5.0,0,0,2588,Matt Bonner,SAS,San Antonio,1610612759.0,Spurs,0,,,,,,0,,,,,,,,MISS Bonner 24' 3PT Jump Shot,10:22 PM
402,0,4,471,0021401157,,,5:35,4,5.0,0,0,201965,Jeff Ayres,SAS,San Antonio,1610612759.0,Spurs,0,,,,,,0,,,,,,,,Ayres REBOUND (Off:1 Def:0),10:22 PM
403,1,2,472,0021401157,,,5:18,4,5.0,0,0,202130,Reggie Williams,SAS,San Antonio,1610612759.0,Spurs,0,,,,,,0,,,,,,,,MISS Williams 25' 3PT Jump Shot,10:22 PM
404,0,4,473,0021401157,McGary REBOUND (Off:3 Def:3),,5:16,4,4.0,0,0,203956,Mitch McGary,OKC,Oklahoma City,1610612760.0,Thunder,0,,,,,,0,,,,,,,,,10:22 PM
405,42,2,474,0021401157,MISS Augustin 2' Driving Layup,,5:09,4,4.0,0,0,201571,D.J. Augustin,OKC,Oklahoma City,1610612760.0,Thunder,0,,,,,,0,,,,,,,,,10:22 PM
406,0,4,475,0021401157,,,5:08,4,5.0,0,0,201965,Jeff Ayres,SAS,San Antonio,1610612759.0,Spurs,0,,,,,,0,,,,,,,,Ayres REBOUND (Off:1 Def:1),10:22 PM
407,1,2,476,0021401157,,,4:47,4,5.0,0,0,201988,Patty Mills,SAS,San Antonio,1610612759.0,Spurs,0,,,,,,0,,,,,,,,MISS Mills 21' Jump Shot,10:23 PM
408,0,4,477,0021401157,,,4:46,4,5.0,0,0,201965,Jeff Ayres,SAS,San Antonio,1610612759.0,Spurs,0,,,,,,0,,,,,,,,Ayres REBOUND (Off:2 Def:1),10:23 PM
409,1,2,478,0021401157,,,4:36,4,5.0,0,0,201158,Marco Belinelli,SAS,San Antonio,1610612759.0,Spurs,0,,,,,,0,,,,,,,,MISS Belinelli 7' Jump Shot,10:23 PM
410,0,4,479,0021401157,McGary REBOUND (Off:3 Def:4),,4:34,4,4.0,0,0,203956,Mitch McGary,OKC,Oklahoma City,1610612760.0,Thunder,0,,,,,,0,,,,,,,,,10:23 PM
411,79,2,480,0021401157,MISS Lamb 25' 3PT Pullup Jump Shot,,4:20,4,4.0,0,0,203087,Jeremy Lamb,OKC,Oklahoma City,1610612760.0,Thunder,0,,,,,,0,,,,,,,,,10:23 PM
412,0,4,481,0021401157,,,4:19,4,5.0,0,0,202130,Reggie Williams,SAS,San Antonio,1610612759.0,Spurs,0,,,,,,0,,,,,,,,Williams REBOUND (Off:1 Def:1),10:23 PM
413,1,2,482,0021401157,,,4:02,4,5.0,0,0,201158,Marco Belinelli,SAS,San Antonio,1610612759.0,Spurs,0,,,,,,0,,,,,,,,MISS Belinelli 28' 3PT Jump Shot,10:23 PM
414,0,4,483,0021401157,Lamb REBOUND (Off:0 Def:3),,4:01,4,4.0,0,0,203087,Jeremy Lamb,OKC,Oklahoma City,1610612760.0,Thunder,0,,,,,,0,,,,,,,,,10:23 PM
415,1,6,484,0021401157,,,3:55,4,5.0,4,1,201988,Patty Mills,SAS,San Antonio,1610612759.0,Spurs,203087,Jeremy Lamb,OKC,Oklahoma City,1610612760.0,Thunder,0,,,,,,,,Mills P.FOUL (P1.PN),10:24 PM
416,11,3,485,0021401157,Lamb Free Throw 1 of 2 (7 PTS),,3:55,4,4.0,0,0,203087,Jeremy Lamb,OKC,Oklahoma City,1610612760.0,Thunder,0,,,,,,0,,,,,,102 - 77,-25,,10:24 PM
417,12,3,487,0021401157,MISS Lamb Free Throw 2 of 2,,3:55,4,4.0,0,0,203087,Jeremy Lamb,OKC,Oklahoma City,1610612760.0,Thunder,0,,,,,,0,,,,,,,,,10:24 PM
418,0,4,489,0021401157,,,3:54,4,5.0,0,0,201965,Jeff Ayres,SAS,San Antonio,1610612759.0,Spurs,0,,,,,,0,,,,,,,,Ayres REBOUND (Off:2 Def:2),10:24 PM
419,2,6,490,0021401157,Novak S.FOUL (P1.T3),,3:44,4,4.0,5,1,200779,Steve Novak,OKC,Oklahoma City,1610612760.0,Thunder,201965,Jeff Ayres,SAS,San Antonio,1610612759.0,Spurs,0,,,,,,,,,10:24 PM
420,11,3,491,0021401157,,,3:44,4,5.0,0,0,201965,Jeff Ayres,SAS,San Antonio,1610612759.0,Spurs,0,,,,,,0,,,,,,,,MISS Ayres Free Throw 1 of 2,10:25 PM
421,1,4,492,0021401157,,,3:44,4,3.0,0,0,1610612759,,,,,,0,,,,,,0,,,,,,,,Spurs Rebound,10:25 PM
422,12,3,493,0021401157,,,3:44,4,5.0,0,0,201965,Jeff Ayres,SAS,San Antonio,1610612759.0,Spurs,0,,,,,,0,,,,,,103 - 77,-26,Ayres Free Throw 2 of 2 (1 PTS),10:25 PM
423,1,9,495,0021401157,THUNDER Timeout: Regular (Full 6 Short 1),,3:43,4,2.0,0,0,1610612760,,,,,,0,,,,,,0,,,,,,,,,10:25 PM
424,63,2,497,0021401157,MISS Lamb 10' Fadeaway Jumper,,3:31,4,4.0,0,0,203087,Jeremy Lamb,OKC,Oklahoma City,1610612760.0,Thunder,0,,,,,,0,,,,,,,,,10:28 PM
425,0,4,498,0021401157,,,3:30,4,5.0,0,0,2588,Matt Bonner,SAS,San Antonio,1610612759.0,Spurs,0,,,,,,0,,,,,,,,Bonner REBOUND (Off:0 Def:2),10:28 PM
426,1,1,499,0021401157,,,3:07,4,5.0,5,0,201988,Patty Mills,SAS,San Antonio,1610612759.0,Spurs,202130,Reggie Williams,SAS,San Antonio,1610612759.0,Spurs,0,,,,,,106 - 77,-29,Mills 25' 3PT Jump Shot (8 PTS) (Williams 1 AST),10:29 PM
427,46,1,500,0021401157,Lamb 13' Running Jump Shot (9 PTS),,2:52,4,4.0,0,0,203087,Jeremy Lamb,OKC,Oklahoma City,1610612760.0,Thunder,0,,,,,,0,,,,,,106 - 79,-27,,10:29 PM
428,58,1,501,0021401157,,,2:30,4,5.0,0,0,201965,Jeff Ayres,SAS,San Antonio,1610612759.0,Spurs,0,,,,,,0,,,,,,108 - 79,-29,Ayres 8' Turnaround Hook Shot (3 PTS),10:29 PM
429,1,1,502,0021401157,Novak 23' Jump Shot (2 PTS) (Augustin 4 AST),,2:12,4,4.0,4,0,200779,Steve Novak,OKC,Oklahoma City,1610612760.0,Thunder,201571,D.J. Augustin,OKC,Oklahoma City,1610612760.0,Thunder,0,,,,,,108 - 81,-27,,10:30 PM
430,1,2,503,0021401157,,,1:52,4,5.0,0,0,201988,Patty Mills,SAS,San Antonio,1610612759.0,Spurs,0,,,,,,0,,,,,,,,MISS Mills 24' 3PT Jump Shot,10:30 PM
431,0,4,504,0021401157,,,1:51,4,5.0,0,0,201965,Jeff Ayres,SAS,San Antonio,1610612759.0,Spurs,0,,,,,,0,,,,,,,,Ayres REBOUND (Off:3 Def:2),10:30 PM
432,1,2,505,0021401157,,,1:40,4,5.0,0,0,201988,Patty Mills,SAS,San Antonio,1610612759.0,Spurs,0,,,,,,0,,,,,,,,MISS Mills  3PT Jump Shot,10:30 PM
433,0,4,506,0021401157,McGary REBOUND (Off:3 Def:5),,1:39,4,4.0,0,0,203956,Mitch McGary,OKC,Oklahoma City,1610612760.0,Thunder,0,,,,,,0,,,,,,,,,10:30 PM
434,1,2,508,0021401157,MISS Novak 24' 3PT Jump Shot,,1:30,4,4.0,0,0,200779,Steve Novak,OKC,Oklahoma City,1610612760.0,Thunder,0,,,,,,0,,,,,,,,,10:30 PM
435,0,4,509,0021401157,,,1:29,4,5.0,0,0,201988,Patty Mills,SAS,San Antonio,1610612759.0,Spurs,0,,,,,,0,,,,,,,,Mills REBOUND (Off:0 Def:2),10:30 PM
436,5,2,510,0021401157,,,1:12,4,5.0,0,0,201158,Marco Belinelli,SAS,San Antonio,1610612759.0,Spurs,0,,,,,,0,,,,,,,,MISS Belinelli 1' Layup,10:31 PM
437,0,4,511,0021401157,Lamb REBOUND (Off:0 Def:4),,1:11,4,4.0,0,0,203087,Jeremy Lamb,OKC,Oklahoma City,1610612760.0,Thunder,0,,,,,,0,,,,,,,,,10:31 PM
438,73,1,512,0021401157,Lamb 1' Driving Reverse Layup (11 PTS),,1:07,4,4.0,0,0,203087,Jeremy Lamb,OKC,Oklahoma City,1610612760.0,Thunder,0,,,,,,0,,,,,,108 - 83,-25,,10:31 PM
439,80,2,513,0021401157,,,0:55,4,5.0,0,0,201158,Marco Belinelli,SAS,San Antonio,1610612759.0,Spurs,0,,,,,,0,,,,,,,,MISS Belinelli 18' Step Back Jump Shot,10:31 PM
440,0,4,514,0021401157,,,0:54,4,5.0,0,0,202130,Reggie Williams,SAS,San Antonio,1610612759.0,Spurs,0,,,,,,0,,,,,,,,Williams REBOUND (Off:2 Def:1),10:31 PM
441,5,1,515,0021401157,,,0:54,4,5.0,0,0,202130,Reggie Williams,SAS,San Antonio,1610612759.0,Spurs,0,,,,,,0,,,,,,110 - 83,-27,Williams  Layup (7 PTS),10:31 PM
442,2,6,516,0021401157,Novak S.FOUL (P2.T4),,0:54,4,4.0,5,1,200779,Steve Novak,OKC,Oklahoma City,1610612760.0,Thunder,202130,Reggie Williams,SAS,San Antonio,1610612759.0,Spurs,0,,,,,,,,,10:31 PM
443,10,3,517,0021401157,,,0:54,4,5.0,0,0,202130,Reggie Williams,SAS,San Antonio,1610612759.0,Spurs,0,,,,,,0,,,,,,111 - 83,-28,Williams Free Throw 1 of 1 (8 PTS),10:31 PM
444,79,2,519,0021401157,MISS Jones 24' 3PT Pullup Jump Shot,,0:44,4,4.0,0,0,203103,Perry Jones III,OKC,Oklahoma City,1610612760.0,Thunder,0,,,,,,0,,,,,,,,,10:32 PM
445,0,4,520,0021401157,McGary REBOUND (Off:4 Def:5),,0:43,4,4.0,0,0,203956,Mitch McGary,OKC,Oklahoma City,1610612760.0,Thunder,0,,,,,,0,,,,,,,,,10:32 PM
446,80,1,521,0021401157,Jones 25' 3PT Step Back Jump Shot (8 PTS),,0:36,4,4.0,0,0,203103,Perry Jones III,OKC,Oklahoma City,1610612760.0,Thunder,0,,,,,,0,,,,,,111 - 86,-25,,10:32 PM
447,80,1,523,0021401157,,,0:18,4,5.0,0,0,201988,Patty Mills,SAS,San Antonio,1610612759.0,Spurs,0,,,,,,0,,,,,,113 - 86,-27,Mills 21' Step Back Jump Shot (10 PTS),10:33 PM
448,78,1,524,0021401157,Jones 6' Floating Jump Shot (10 PTS),,0:11,4,4.0,0,0,203103,Perry Jones III,OKC,Oklahoma City,1610612760.0,Thunder,0,,,,,,0,,,,,,113 - 88,-25,,10:33 PM
449,0,13,526,0021401157,,,0:00,4,0.0,0,0,0,,,,,,0,,,,,,0,,,,,,113 - 88,-25,,10:33 PM
