,EVENTMSGACTIONTYPE,EVENTMSGTYPE,EVENTNUM,GAME_ID,HOMEDESCRIPTION,NEUTRALDESCRIPTION,PCTIMESTRING,PERIOD,PERSON1TYPE,PERSON2TYPE,PERSON3TYPE,PLAYER1_ID,PLAYER1_NAME,PLAYER1_TEAM_ABBREVIATION,PLAYER1_TEAM_CITY,PLAYER1_TEAM_ID,PLAYER1_TEAM_NICKNAME,PLAYER2_ID,PLAYER2_NAME,PLAYER2_TEAM_ABBREVIATION,PLAYER2_TEAM_CITY,PLAYER2_TEAM_ID,PLAYER2_TEAM_NICKNAME,PLAYER3_ID,PLAYER3_NAME,PLAYER3_TEAM_ABBREVIATION,PLAYER3_TEAM_CITY,PLAYER3_TEAM_ID,PLAYER3_TEAM_NICKNAME,SCORE,SCOREMARGIN,VISITORDESCRIPTION,WCTIMESTRING
0,0,12,0,0020500097,,,12:00,1,0,0,0,0,,,,,,0,,,,,,0,,,,,,,,,10:41 PM
1,0,10,1,0020500097,Jump Ball Foyle vs. Chandler: Tip to Songaila,,12:00,1,4,5,5,1502,Adonal Foyle,GSW,Golden State,1610612744.0,Warriors,2199,Tyson Chandler,CHI,Chicago,1610612741.0,Bulls,2443,Darius Songaila,CHI,Chicago,1610612741.0,Bulls,,,,10:41 PM
2,1,2,2,0020500097,,,11:44,1,5,0,0,2550,Kirk Hinrich,CHI,Chicago,1610612741.0,Bulls,0,,,,,,0,,,,,,,,MISS Hinrich 14' Jump Shot,10:42 PM
3,0,4,3,0020500097,Foyle REBOUND (Off:0 Def:1),,11:42,1,4,0,0,1502,Adonal Foyle,GSW,Golden State,1610612744.0,Warriors,0,,,,,,0,,,,,,,,,10:42 PM
4,1,6,4,0020500097,,,11:28,1,5,4,1,2443,Darius Songaila,CHI,Chicago,1610612741.0,Bulls,2211,Troy Murphy,GSW,Golden State,1610612744.0,Warriors,0,,,,,,,,Songaila P.FOUL (P1.T1),10:42 PM
5,63,1,5,0020500097,Richardson 17' Fadeaway Jumper (2 PTS) (Davis 1 AST),,11:23,1,4,4,0,2202,Jason Richardson,GSW,Golden State,1610612744.0,Warriors,1884,Baron Davis,GSW,Golden State,1610612744.0,Warriors,0,,,,,,0 - 2,2,,10:42 PM
6,1,1,6,0020500097,,,11:13,1,5,5,0,2804,Andres Nocioni,CHI,Chicago,1610612741.0,Bulls,2443,Darius Songaila,CHI,Chicago,1610612741.0,Bulls,0,,,,,,2 - 2,TIE,Nocioni 17' Jump Shot (2 PTS) (Songaila 1 AST),10:42 PM
7,46,1,7,0020500097,Dunleavy 5' Running Jump Shot (2 PTS),,10:58,1,4,0,0,2399,Mike Dunleavy,GSW,Golden State,1610612744.0,Warriors,0,,,,,,0,,,,,,2 - 4,2,,10:43 PM
8,2,6,8,0020500097,,,10:58,1,5,4,1,2550,Kirk Hinrich,CHI,Chicago,1610612741.0,Bulls,2399,Mike Dunleavy,GSW,Golden State,1610612744.0,Warriors,0,,,,,,,,Hinrich S.FOUL (P1.T2),10:43 PM
9,10,3,9,0020500097,MISS Dunleavy Free Throw 1 of 1,,10:58,1,4,0,0,2399,Mike Dunleavy,GSW,Golden State,1610612744.0,Warriors,0,,,,,,0,,,,,,,,,10:43 PM
10,0,4,10,0020500097,,,10:57,1,5,0,0,2199,Tyson Chandler,CHI,Chicago,1610612741.0,Bulls,0,,,,,,0,,,,,,,,Chandler REBOUND (Off:0 Def:1),10:43 PM
11,1,6,11,0020500097,Davis P.FOUL (P1.T1),,10:45,1,4,5,1,1884,Baron Davis,GSW,Golden State,1610612744.0,Warriors,2768,Chris Duhon,CHI,Chicago,1610612741.0,Bulls,0,,,,,,,,,10:43 PM
12,1,1,13,0020500097,,,10:38,1,5,5,0,2550,Kirk Hinrich,CHI,Chicago,1610612741.0,Bulls,2804,Andres Nocioni,CHI,Chicago,1610612741.0,Bulls,0,,,,,,4 - 4,TIE,Hinrich 19' Jump Shot (2 PTS) (Nocioni 1 AST),10:43 PM
13,2,6,14,0020500097,,,10:25,1,5,4,1,2199,Tyson Chandler,CHI,Chicago,1610612741.0,Bulls,1884,Baron Davis,GSW,Golden State,1610612744.0,Warriors,0,,,,,,,,Chandler S.FOUL (P1.T3),10:44 PM
14,11,3,15,0020500097,Davis Free Throw 1 of 2 (1 PTS),,10:25,1,4,0,0,1884,Baron Davis,GSW,Golden State,1610612744.0,Warriors,0,,,,,,0,,,,,,4 - 5,1,,10:44 PM
15,12,3,16,0020500097,Davis Free Throw 2 of 2 (2 PTS),,10:25,1,4,0,0,1884,Baron Davis,GSW,Golden State,1610612744.0,Warriors,0,,,,,,0,,,,,,4 - 6,2,,10:44 PM
16,1,1,17,0020500097,,,10:10,1,5,5,0,2199,Tyson Chandler,CHI,Chicago,1610612741.0,Bulls,2550,Kirk Hinrich,CHI,Chicago,1610612741.0,Bulls,0,,,,,,6 - 6,TIE,Chandler 15' Jump Shot (2 PTS) (Hinrich 1 AST),10:45 PM
17,1,5,18,0020500097,Dunleavy Bad Pass Turnover (P1.T1),,9:54,1,4,0,1,2399,Mike Dunleavy,GSW,Golden State,1610612744.0,Warriors,0,,,,,,0,,,,,,,,,10:45 PM
18,46,2,19,0020500097,,,9:40,1,5,0,0,2804,Andres Nocioni,CHI,Chicago,1610612741.0,Bulls,0,,,,,,0,,,,,,,,MISS Nocioni 6' Running Jump Shot,10:45 PM
19,0,4,20,0020500097,Foyle REBOUND (Off:0 Def:2),,9:37,1,4,0,0,1502,Adonal Foyle,GSW,Golden State,1610612744.0,Warriors,0,,,,,,0,,,,,,,,,10:45 PM
20,47,1,21,0020500097,Murphy 14' Turnaround Jump Shot (2 PTS),,9:29,1,4,0,0,2211,Troy Murphy,GSW,Golden State,1610612744.0,Warriors,0,,,,,,0,,,,,,6 - 8,2,,10:45 PM
21,60,2,22,0020500097,,,9:16,1,5,0,0,2768,Chris Duhon,CHI,Chicago,1610612741.0,Bulls,0,,,,,,0,,,,,,,,MISS Duhon 5' Running Finger Roll,10:46 PM
22,0,4,23,0020500097,Dunleavy REBOUND (Off:0 Def:1),,9:14,1,4,0,0,2399,Mike Dunleavy,GSW,Golden State,1610612744.0,Warriors,0,,,,,,0,,,,,,,,,10:46 PM
23,4,5,24,0020500097,Murphy Traveling Turnover (P1.T2),,9:08,1,4,0,1,2211,Troy Murphy,GSW,Golden State,1610612744.0,Warriors,0,,,,,,0,,,,,,,,,10:46 PM
24,1,2,25,0020500097,,,8:57,1,5,0,0,2768,Chris Duhon,CHI,Chicago,1610612741.0,Bulls,0,,,,,,0,,,,,,,,MISS Duhon 15' Jump Shot,10:46 PM
25,0,4,26,0020500097,WARRIORS Rebound,,8:55,1,2,0,0,1610612744,,,,,,0,,,,,,0,,,,,,,,,10:46 PM
26,3,6,27,0020500097,,,8:55,1,5,4,1,2443,Darius Songaila,CHI,Chicago,1610612741.0,Bulls,2211,Troy Murphy,GSW,Golden State,1610612744.0,Warriors,0,,,,,,,,Songaila L.B.FOUL (P2.T4),10:46 PM
27,0,8,28,0020500097,,,8:55,1,5,5,0,2443,Darius Songaila,CHI,Chicago,1610612741.0,Bulls,2552,Michael Sweetney,CHI,Chicago,1610612741.0,Bulls,0,,,,,,,,SUB: Sweetney FOR Songaila,10:46 PM
28,1,2,29,0020500097,MISS Murphy 21' Jump Shot,,8:41,1,4,0,0,2211,Troy Murphy,GSW,Golden State,1610612744.0,Warriors,0,,,,,,0,,,,,,,,,10:47 PM
29,0,4,30,0020500097,,,8:39,1,5,0,0,2550,Kirk Hinrich,CHI,Chicago,1610612741.0,Bulls,0,,,,,,0,,,,,,,,Hinrich REBOUND (Off:0 Def:1),10:47 PM
30,1,2,31,0020500097,,,8:31,1,5,0,0,2552,Michael Sweetney,CHI,Chicago,1610612741.0,Bulls,0,,,,,,0,,,,,,,,MISS Sweetney 20' Jump Shot,10:47 PM
31,0,4,32,0020500097,,,8:28,1,5,0,0,2804,Andres Nocioni,CHI,Chicago,1610612741.0,Bulls,0,,,,,,0,,,,,,,,Nocioni REBOUND (Off:1 Def:0),10:47 PM
32,5,1,33,0020500097,,,8:26,1,5,0,0,2804,Andres Nocioni,CHI,Chicago,1610612741.0,Bulls,0,,,,,,0,,,,,,8 - 8,TIE,Nocioni 1' Layup (4 PTS),10:47 PM
33,1,5,34,0020500097,Davis Bad Pass Turnover (P1.T3),,8:20,1,4,5,0,1884,Baron Davis,GSW,Golden State,1610612744.0,Warriors,2550,Kirk Hinrich,CHI,Chicago,1610612741.0,Bulls,0,,,,,,,,Hinrich STEAL (1 STL),10:47 PM
34,2,6,35,0020500097,Dunleavy S.FOUL (P1.T2),,8:06,1,4,5,1,2399,Mike Dunleavy,GSW,Golden State,1610612744.0,Warriors,2552,Michael Sweetney,CHI,Chicago,1610612741.0,Bulls,0,,,,,,,,,10:47 PM
35,11,3,36,0020500097,,,8:06,1,5,0,0,2552,Michael Sweetney,CHI,Chicago,1610612741.0,Bulls,0,,,,,,0,,,,,,,,MISS Sweetney Free Throw 1 of 2,10:48 PM
36,1,4,37,0020500097,,,8:06,1,3,0,0,1610612741,,,,,,0,,,,,,0,,,,,,,,Bulls Rebound,10:48 PM
37,12,3,38,0020500097,,,8:06,1,5,0,0,2552,Michael Sweetney,CHI,Chicago,1610612741.0,Bulls,0,,,,,,0,,,,,,9 - 8,-1,Sweetney Free Throw 2 of 2 (1 PTS),10:48 PM
38,46,2,39,0020500097,MISS Davis 8' Running Jump Shot,,7:58,1,4,0,0,1884,Baron Davis,GSW,Golden State,1610612744.0,Warriors,0,,,,,,0,,,,,,,,,10:48 PM
39,0,4,40,0020500097,,,7:56,1,5,0,0,2199,Tyson Chandler,CHI,Chicago,1610612741.0,Bulls,0,,,,,,0,,,,,,,,Chandler REBOUND (Off:0 Def:2),10:48 PM
40,1,2,41,0020500097,,,7:48,1,5,0,0,2550,Kirk Hinrich,CHI,Chicago,1610612741.0,Bulls,0,,,,,,0,,,,,,,,MISS Hinrich 25' 3PT Jump Shot,10:48 PM
41,0,4,42,0020500097,Richardson REBOUND (Off:0 Def:1),,7:43,1,4,0,0,2202,Jason Richardson,GSW,Golden State,1610612744.0,Warriors,0,,,,,,0,,,,,,,,,10:48 PM
42,4,5,43,0020500097,Dunleavy Traveling Turnover (P2.T4),,7:29,1,4,0,1,2399,Mike Dunleavy,GSW,Golden State,1610612744.0,Warriors,0,,,,,,0,,,,,,,,,10:49 PM
43,1,2,44,0020500097,,,7:18,1,5,0,0,2550,Kirk Hinrich,CHI,Chicago,1610612741.0,Bulls,0,,,,,,0,,,,,,,,MISS Hinrich 13' Jump Shot,10:49 PM
44,0,4,45,0020500097,,,7:16,1,5,0,0,2550,Kirk Hinrich,CHI,Chicago,1610612741.0,Bulls,0,,,,,,0,,,,,,,,Hinrich REBOUND (Off:1 Def:1),10:49 PM
45,2,5,46,0020500097,Davis STEAL (1 STL),,7:06,1,5,4,0,2199,Tyson Chandler,CHI,Chicago,1610612741.0,Bulls,1884,Baron Davis,GSW,Golden State,1610612744.0,Warriors,0,,,,,,,,Chandler Lost Ball Turnover (P1.T1),10:49 PM
46,15,5,47,0020500097,Richardson Offensive Goaltending Turnover (P1.T5),,7:02,1,4,0,1,2202,Jason Richardson,GSW,Golden State,1610612744.0,Warriors,0,,,,,,0,,,,,,,,,10:49 PM
47,1,1,48,0020500097,,,6:45,1,5,5,0,2552,Michael Sweetney,CHI,Chicago,1610612741.0,Bulls,2804,Andres Nocioni,CHI,Chicago,1610612741.0,Bulls,0,,,,,,11 - 8,-3,Sweetney 6' Jump Shot (3 PTS) (Nocioni 2 AST),10:50 PM
48,1,2,49,0020500097,MISS Richardson 16' Jump Shot,,6:38,1,4,0,0,2202,Jason Richardson,GSW,Golden State,1610612744.0,Warriors,0,,,,,,0,,,,,,,,,10:50 PM
49,0,4,50,0020500097,,,6:36,1,5,0,0,2199,Tyson Chandler,CHI,Chicago,1610612741.0,Bulls,0,,,,,,0,,,,,,,,Chandler REBOUND (Off:0 Def:3),10:50 PM
50,1,9,51,0020500097,,,6:32,1,3,0,0,1610612741,,,,,,0,,,,,,0,,,,,,,,Bulls Timeout: Regular (Reg.1 Short 0),10:50 PM
51,47,2,53,0020500097,,,6:21,1,5,0,0,2199,Tyson Chandler,CHI,Chicago,1610612741.0,Bulls,0,,,,,,0,,,,,,,,MISS Chandler 16' Turnaround Jump Shot,10:52 PM
52,0,4,54,0020500097,Foyle REBOUND (Off:0 Def:3),,6:19,1,4,0,0,1502,Adonal Foyle,GSW,Golden State,1610612744.0,Warriors,0,,,,,,0,,,,,,,,,10:52 PM
53,1,1,55,0020500097,Richardson 24' 3PT Jump Shot (5 PTS) (Murphy 1 AST),,6:07,1,4,4,0,2202,Jason Richardson,GSW,Golden State,1610612744.0,Warriors,2211,Troy Murphy,GSW,Golden State,1610612744.0,Warriors,0,,,,,,11 - 11,TIE,,10:53 PM
54,1,2,56,0020500097,,,5:57,1,5,0,0,2550,Kirk Hinrich,CHI,Chicago,1610612741.0,Bulls,0,,,,,,0,,,,,,,,MISS Hinrich 20' Jump Shot,10:53 PM
55,0,4,57,0020500097,,,5:54,1,5,0,0,2199,Tyson Chandler,CHI,Chicago,1610612741.0,Bulls,0,,,,,,0,,,,,,,,Chandler REBOUND (Off:1 Def:3),10:53 PM
56,1,5,58,0020500097,Foyle STEAL (1 STL),,5:52,1,5,4,0,2199,Tyson Chandler,CHI,Chicago,1610612741.0,Bulls,1502,Adonal Foyle,GSW,Golden State,1610612744.0,Warriors,0,,,,,,,,Chandler Bad Pass Turnover (P2.T2),10:53 PM
57,1,5,60,0020500097,Davis Bad Pass Turnover (P2.T6),,5:40,1,4,0,1,1884,Baron Davis,GSW,Golden State,1610612744.0,Warriors,0,,,,,,0,,,,,,,,,10:53 PM
58,1,2,61,0020500097,,,5:30,1,5,0,0,2768,Chris Duhon,CHI,Chicago,1610612741.0,Bulls,0,,,,,,0,,,,,,,,MISS Duhon 26' 3PT Jump Shot,10:53 PM
59,0,4,62,0020500097,,,5:26,1,5,0,0,2552,Michael Sweetney,CHI,Chicago,1610612741.0,Bulls,0,,,,,,0,,,,,,,,Sweetney REBOUND (Off:1 Def:0),10:53 PM
60,2,5,63,0020500097,Foyle STEAL (2 STL),,5:13,1,5,4,0,2768,Chris Duhon,CHI,Chicago,1610612741.0,Bulls,1502,Adonal Foyle,GSW,Golden State,1610612744.0,Warriors,0,,,,,,,,Duhon Lost Ball Turnover (P1.T3),10:54 PM
61,8,1,64,0020500097,Richardson 2' Slam Dunk (7 PTS) (Foyle 1 AST),,5:10,1,4,4,0,2202,Jason Richardson,GSW,Golden State,1610612744.0,Warriors,1502,Adonal Foyle,GSW,Golden State,1610612744.0,Warriors,0,,,,,,11 - 13,2,,10:54 PM
62,11,6,65,0020500097,,,5:08,1,6,0,1,2789,,,,,,0,,,,,,0,,,,,,,,,10:54 PM
63,16,3,66,0020500097,,,5:08,1,5,0,0,2550,Kirk Hinrich,CHI,Chicago,1610612741.0,Bulls,0,,,,,,0,,,,,,12 - 13,1,Hinrich Free Throw Technical (3 PTS),10:54 PM
64,0,8,67,0020500097,,,5:08,1,5,5,0,2804,Andres Nocioni,CHI,Chicago,1610612741.0,Bulls,2736,Luol Deng,CHI,Chicago,1610612741.0,Bulls,0,,,,,,,,SUB: Deng FOR Nocioni,10:54 PM
65,58,1,68,0020500097,,,4:50,1,5,5,0,2552,Michael Sweetney,CHI,Chicago,1610612741.0,Bulls,2768,Chris Duhon,CHI,Chicago,1610612741.0,Bulls,0,,,,,,14 - 13,-1,Sweetney 8' Turnaround Hook Shot (5 PTS) (Duhon 1 AST),10:55 PM
66,1,1,69,0020500097,Dunleavy  3PT Jump Shot (5 PTS) (Davis 2 AST),,4:28,1,4,4,0,2399,Mike Dunleavy,GSW,Golden State,1610612744.0,Warriors,1884,Baron Davis,GSW,Golden State,1610612744.0,Warriors,0,,,,,,14 - 16,2,,10:55 PM
67,39,5,70,0020500097,,,4:11,1,5,0,1,2550,Kirk Hinrich,CHI,Chicago,1610612741.0,Bulls,0,,,,,,0,,,,,,,,Hinrich Step Out of Bounds Turnover (P1.T4),10:55 PM
68,0,8,71,0020500097,,,4:11,1,5,5,0,2768,Chris Duhon,CHI,Chicago,1610612741.0,Bulls,2732,Ben Gordon,CHI,Chicago,1610612741.0,Bulls,0,,,,,,,,SUB: Gordon FOR Duhon,10:56 PM
69,0,8,72,0020500097,,,4:11,1,5,5,0,2199,Tyson Chandler,CHI,Chicago,1610612741.0,Bulls,970,Othella Harrington,CHI,Chicago,1610612741.0,Bulls,0,,,,,,,,SUB: Harrington FOR Chandler,10:56 PM
70,1,2,73,0020500097,MISS Davis 26' 3PT Jump Shot,,3:58,1,4,0,0,1884,Baron Davis,GSW,Golden State,1610612744.0,Warriors,0,,,,,,0,,,,,,,,,10:56 PM
71,0,4,74,0020500097,,,3:56,1,5,0,0,970,Othella Harrington,CHI,Chicago,1610612741.0,Bulls,0,,,,,,0,,,,,,,,Harrington REBOUND (Off:0 Def:1),10:56 PM
72,1,2,75,0020500097,,,3:39,1,5,0,0,2550,Kirk Hinrich,CHI,Chicago,1610612741.0,Bulls,0,,,,,,0,,,,,,,,MISS Hinrich 7' Jump Shot,10:56 PM
73,0,4,76,0020500097,,,3:38,1,5,0,0,970,Othella Harrington,CHI,Chicago,1610612741.0,Bulls,0,,,,,,0,,,,,,,,Harrington REBOUND (Off:1 Def:1),10:56 PM
74,3,6,77,0020500097,Murphy L.B.FOUL (P1.T3),,3:38,1,4,5,1,2211,Troy Murphy,GSW,Golden State,1610612744.0,Warriors,970,Othella Harrington,CHI,Chicago,1610612741.0,Bulls,0,,,,,,,,,10:56 PM
75,1,1,78,0020500097,,,3:26,1,5,5,0,2736,Luol Deng,CHI,Chicago,1610612741.0,Bulls,2550,Kirk Hinrich,CHI,Chicago,1610612741.0,Bulls,0,,,,,,16 - 16,TIE,Deng 20' Jump Shot (2 PTS) (Hinrich 2 AST),10:57 PM
76,1,6,79,0020500097,,,3:10,1,5,4,1,2736,Luol Deng,CHI,Chicago,1610612741.0,Bulls,2399,Mike Dunleavy,GSW,Golden State,1610612744.0,Warriors,0,,,,,,,,Deng P.FOUL (P1.PN),10:57 PM
77,11,3,80,0020500097,Dunleavy Free Throw 1 of 2 (6 PTS),,3:10,1,4,0,0,2399,Mike Dunleavy,GSW,Golden State,1610612744.0,Warriors,0,,,,,,0,,,,,,16 - 17,1,,10:57 PM
78,12,3,81,0020500097,MISS Dunleavy Free Throw 2 of 2,,3:10,1,4,0,0,2399,Mike Dunleavy,GSW,Golden State,1610612744.0,Warriors,0,,,,,,0,,,,,,,,,10:57 PM
79,0,4,82,0020500097,,,3:09,1,5,0,0,2552,Michael Sweetney,CHI,Chicago,1610612741.0,Bulls,0,,,,,,0,,,,,,,,Sweetney REBOUND (Off:1 Def:1),10:58 PM
80,1,2,83,0020500097,,,2:48,1,5,0,0,2736,Luol Deng,CHI,Chicago,1610612741.0,Bulls,0,,,,,,0,,,,,,,,MISS Deng 15' Jump Shot,10:58 PM
81,0,4,84,0020500097,Foyle REBOUND (Off:0 Def:4),,2:47,1,4,0,0,1502,Adonal Foyle,GSW,Golden State,1610612744.0,Warriors,0,,,,,,0,,,,,,,,,10:58 PM
82,42,1,85,0020500097,Murphy 2' Driving Layup (4 PTS) (Davis 3 AST),,2:42,1,4,4,0,2211,Troy Murphy,GSW,Golden State,1610612744.0,Warriors,1884,Baron Davis,GSW,Golden State,1610612744.0,Warriors,0,,,,,,16 - 19,3,,10:58 PM
83,47,2,86,0020500097,,,2:22,1,5,0,0,970,Othella Harrington,CHI,Chicago,1610612741.0,Bulls,0,,,,,,0,,,,,,,,MISS Harrington 12' Turnaround Jump Shot,10:58 PM
84,0,4,87,0020500097,Foyle REBOUND (Off:0 Def:5),,2:19,1,4,0,0,1502,Adonal Foyle,GSW,Golden State,1610612744.0,Warriors,0,,,,,,0,,,,,,,,,10:58 PM
85,63,2,88,0020500097,MISS Richardson 15' Fadeaway Jumper,,2:08,1,4,0,0,2202,Jason Richardson,GSW,Golden State,1610612744.0,Warriors,0,,,,,,0,,,,,,,,,10:59 PM
86,0,4,89,0020500097,,,2:06,1,5,0,0,2552,Michael Sweetney,CHI,Chicago,1610612741.0,Bulls,0,,,,,,0,,,,,,,,Sweetney REBOUND (Off:1 Def:2),10:59 PM
87,1,1,90,0020500097,,,2:00,1,5,5,0,2736,Luol Deng,CHI,Chicago,1610612741.0,Bulls,2550,Kirk Hinrich,CHI,Chicago,1610612741.0,Bulls,0,,,,,,18 - 19,1,Deng 17' Jump Shot (4 PTS) (Hinrich 3 AST),10:59 PM
88,2,6,91,0020500097,,,1:41,1,5,4,1,2552,Michael Sweetney,CHI,Chicago,1610612741.0,Bulls,2202,Jason Richardson,GSW,Golden State,1610612744.0,Warriors,0,,,,,,,,Sweetney S.FOUL (P1.PN),10:59 PM
89,1,9,92,0020500097,WARRIORS Timeout: Regular (Full 1 Short 0),,1:41,1,2,0,0,1610612744,,,,,,0,,,,,,0,,,,,,,,,10:59 PM
90,0,8,94,0020500097,SUB: Taft FOR Foyle,,1:41,1,4,4,0,1502,Adonal Foyle,GSW,Golden State,1610612744.0,Warriors,101147,Chris Taft,GSW,Golden State,1610612744.0,Warriors,0,,,,,,,,,11:01 PM
91,11,3,95,0020500097,Richardson Free Throw 1 of 2 (8 PTS),,1:41,1,4,0,0,2202,Jason Richardson,GSW,Golden State,1610612744.0,Warriors,0,,,,,,0,,,,,,18 - 20,2,,11:02 PM
92,12,3,96,0020500097,Richardson Free Throw 2 of 2 (9 PTS),,1:41,1,4,0,0,2202,Jason Richardson,GSW,Golden State,1610612744.0,Warriors,0,,,,,,0,,,,,,18 - 21,3,,11:02 PM
93,1,2,97,0020500097,,,1:24,1,5,0,0,2736,Luol Deng,CHI,Chicago,1610612741.0,Bulls,0,,,,,,0,,,,,,,,MISS Deng 19' Jump Shot,11:02 PM
94,0,4,98,0020500097,WARRIORS Rebound,,1:24,1,2,0,0,1610612744,,,,,,0,,,,,,0,,,,,,,,,11:02 PM
95,3,6,99,0020500097,,,1:24,1,5,4,1,2552,Michael Sweetney,CHI,Chicago,1610612741.0,Bulls,2399,Mike Dunleavy,GSW,Golden State,1610612744.0,Warriors,0,,,,,,,,Sweetney L.B.FOUL (P2.PN),11:02 PM
96,11,3,100,0020500097,Dunleavy Free Throw 1 of 2 (7 PTS),,1:24,1,4,0,0,2399,Mike Dunleavy,GSW,Golden State,1610612744.0,Warriors,0,,,,,,0,,,,,,18 - 22,4,,11:03 PM
97,0,8,101,0020500097,,,1:24,1,5,5,0,2552,Michael Sweetney,CHI,Chicago,1610612741.0,Bulls,2804,Andres Nocioni,CHI,Chicago,1610612741.0,Bulls,0,,,,,,,,SUB: Nocioni FOR Sweetney,11:03 PM
98,0,8,102,0020500097,,,1:24,1,5,5,0,2550,Kirk Hinrich,CHI,Chicago,1610612741.0,Bulls,2768,Chris Duhon,CHI,Chicago,1610612741.0,Bulls,0,,,,,,,,SUB: Duhon FOR Hinrich,11:03 PM
99,12,3,103,0020500097,Dunleavy Free Throw 2 of 2 (8 PTS),,1:24,1,4,0,0,2399,Mike Dunleavy,GSW,Golden State,1610612744.0,Warriors,0,,,,,,0,,,,,,18 - 23,5,,11:03 PM
100,4,5,104,0020500097,,,1:13,1,5,0,1,2768,Chris Duhon,CHI,Chicago,1610612741.0,Bulls,0,,,,,,0,,,,,,,,Duhon Traveling Turnover (P2.T5),11:03 PM
101,0,8,105,0020500097,SUB: Fisher FOR Davis,,1:13,1,4,4,0,1884,Baron Davis,GSW,Golden State,1610612744.0,Warriors,965,Derek Fisher,GSW,Golden State,1610612744.0,Warriors,0,,,,,,,,,11:03 PM
102,1,2,106,0020500097,MISS Dunleavy 21' Jump Shot,,0:53,1,4,0,0,2399,Mike Dunleavy,GSW,Golden State,1610612744.0,Warriors,0,,,,,,0,,,,,,,,,11:04 PM
103,0,4,107,0020500097,,,0:52,1,3,0,0,1610612741,,,,,,0,,,,,,0,,,,,,,,Bulls Rebound,11:04 PM
104,3,6,108,0020500097,Taft L.B.FOUL (P1.T4),,0:52,1,4,5,1,101147,Chris Taft,GSW,Golden State,1610612744.0,Warriors,970,Othella Harrington,CHI,Chicago,1610612741.0,Bulls,0,,,,,,,,,11:04 PM
105,0,8,109,0020500097,SUB: Pietrus FOR Murphy,,0:52,1,4,4,0,2211,Troy Murphy,GSW,Golden State,1610612744.0,Warriors,2554,Mickael Pietrus,GSW,Golden State,1610612744.0,Warriors,0,,,,,,,,,11:04 PM
106,1,2,110,0020500097,,,0:35,1,5,0,0,2736,Luol Deng,CHI,Chicago,1610612741.0,Bulls,0,,,,,,0,,,,,,,,MISS Deng 8' Jump Shot,11:04 PM
107,0,4,111,0020500097,,,0:33,1,5,0,0,970,Othella Harrington,CHI,Chicago,1610612741.0,Bulls,0,,,,,,0,,,,,,,,Harrington REBOUND (Off:2 Def:1),11:04 PM
108,1,2,112,0020500097,,,0:30,1,5,0,0,970,Othella Harrington,CHI,Chicago,1610612741.0,Bulls,0,,,,,,0,,,,,,,,MISS Harrington 4' Jump Shot,11:04 PM
109,0,4,113,0020500097,,,0:28,1,5,0,0,2736,Luol Deng,CHI,Chicago,1610612741.0,Bulls,0,,,,,,0,,,,,,,,Deng REBOUND (Off:1 Def:0),11:04 PM
110,2,6,114,0020500097,Taft S.FOUL (P2.PN),,0:27,1,4,5,1,101147,Chris Taft,GSW,Golden State,1610612744.0,Warriors,2736,Luol Deng,CHI,Chicago,1610612741.0,Bulls,0,,,,,,,,,11:04 PM
111,11,3,115,0020500097,,,0:27,1,5,0,0,2736,Luol Deng,CHI,Chicago,1610612741.0,Bulls,0,,,,,,0,,,,,,,,MISS Deng Free Throw 1 of 2,11:05 PM
112,1,4,116,0020500097,,,0:27,1,3,0,0,1610612741,,,,,,0,,,,,,0,,,,,,,,Bulls Rebound,11:05 PM
113,12,3,117,0020500097,,,0:27,1,5,0,0,2736,Luol Deng,CHI,Chicago,1610612741.0,Bulls,0,,,,,,0,,,,,,,,MISS Deng Free Throw 2 of 2,11:05 PM
114,0,4,118,0020500097,Pietrus REBOUND (Off:0 Def:1),,0:25,1,4,0,0,2554,Mickael Pietrus,GSW,Golden State,1610612744.0,Warriors,0,,,,,,0,,,,,,,,,11:05 PM
115,1,2,119,0020500097,MISS Richardson 20' Jump Shot,,0:10,1,4,0,0,2202,Jason Richardson,GSW,Golden State,1610612744.0,Warriors,0,,,,,,0,,,,,,,,,11:05 PM
116,0,4,120,0020500097,,,0:06,1,5,0,0,2804,Andres Nocioni,CHI,Chicago,1610612741.0,Bulls,0,,,,,,0,,,,,,,,Nocioni REBOUND (Off:1 Def:1),11:05 PM
117,1,2,121,0020500097,,,0:04,1,5,0,0,2732,Ben Gordon,CHI,Chicago,1610612741.0,Bulls,0,,,,,,0,,,,,,,,MISS Gordon 30' 3PT Jump Shot,11:05 PM
118,0,4,122,0020500097,,,0:01,1,5,0,0,2732,Ben Gordon,CHI,Chicago,1610612741.0,Bulls,0,,,,,,0,,,,,,,,Gordon REBOUND (Off:1 Def:0),11:05 PM
119,1,2,123,0020500097,,,0:00,1,5,0,0,2732,Ben Gordon,CHI,Chicago,1610612741.0,Bulls,0,,,,,,0,,,,,,,,MISS Gordon 12' Jump Shot,11:06 PM
120,0,4,124,0020500097,,,0:00,1,3,0,0,1610612741,,,,,,0,,,,,,0,,,,,,,,Bulls Rebound,11:06 PM
121,0,13,125,0020500097,,,0:00,1,0,0,0,0,,,,,,0,,,,,,0,,,,,,18 - 23,5,,11:06 PM
122,0,12,127,0020500097,,,12:00,2,0,0,0,0,,,,,,0,,,,,,0,,,,,,18 - 23,5,,11:08 PM
123,1,1,128,0020500097,Pietrus  3PT Jump Shot (3 PTS) (Richardson 1 AST),,11:43,2,4,4,0,2554,Mickael Pietrus,GSW,Golden State,1610612744.0,Warriors,2202,Jason Richardson,GSW,Golden State,1610612744.0,Warriors,0,,,,,,18 - 26,8,,11:09 PM
124,58,1,129,0020500097,,,11:24,2,5,5,0,2736,Luol Deng,CHI,Chicago,1610612741.0,Bulls,2732,Ben Gordon,CHI,Chicago,1610612741.0,Bulls,0,,,,,,20 - 26,6,Deng 5' Turnaround Hook Shot (6 PTS) (Gordon 1 AST),11:09 PM
125,63,2,130,0020500097,MISS Pietrus 24' 3PT Fadeaway Jumper,,11:10,2,4,0,0,2554,Mickael Pietrus,GSW,Golden State,1610612744.0,Warriors,0,,,,,,0,,,,,,,,,11:09 PM
126,0,4,131,0020500097,,,11:07,2,5,0,0,970,Othella Harrington,CHI,Chicago,1610612741.0,Bulls,0,,,,,,0,,,,,,,,Harrington REBOUND (Off:2 Def:2),11:09 PM
127,4,6,132,0020500097,,,11:03,2,5,4,1,2804,Andres Nocioni,CHI,Chicago,1610612741.0,Bulls,2399,Mike Dunleavy,GSW,Golden State,1610612744.0,Warriors,0,,,,,,,,Nocioni OFF.Foul (P1),11:09 PM
128,5,5,133,0020500097,,,11:03,2,5,0,1,2804,Andres Nocioni,CHI,Chicago,1610612741.0,Bulls,0,,,,,,0,,,,,,,,Nocioni Foul Turnover (P1.T6),11:09 PM
129,4,6,134,0020500097,Richardson OFF.Foul (P1),,10:47,2,4,5,1,2202,Jason Richardson,GSW,Golden State,1610612744.0,Warriors,970,Othella Harrington,CHI,Chicago,1610612741.0,Bulls,0,,,,,,,,,11:10 PM
130,5,5,135,0020500097,Richardson Foul Turnover (P2.T7),,10:47,2,4,0,1,2202,Jason Richardson,GSW,Golden State,1610612744.0,Warriors,0,,,,,,0,,,,,,,,,11:10 PM
131,63,1,136,0020500097,,,10:29,2,5,5,0,970,Othella Harrington,CHI,Chicago,1610612741.0,Bulls,2732,Ben Gordon,CHI,Chicago,1610612741.0,Bulls,0,,,,,,22 - 26,4,Harrington 14' Fadeaway Jumper (2 PTS) (Gordon 2 AST),11:10 PM
132,2,6,137,0020500097,Taft S.FOUL (P3.T1),,10:29,2,4,5,1,101147,Chris Taft,GSW,Golden State,1610612744.0,Warriors,970,Othella Harrington,CHI,Chicago,1610612741.0,Bulls,0,,,,,,,,,11:10 PM
133,0,8,138,0020500097,SUB: Biedrins FOR Taft,,10:29,2,4,4,0,101147,Chris Taft,GSW,Golden State,1610612744.0,Warriors,2740,Andris Biedrins,GSW,Golden State,1610612744.0,Warriors,0,,,,,,,,,11:11 PM
134,10,3,139,0020500097,,,10:29,2,5,0,0,970,Othella Harrington,CHI,Chicago,1610612741.0,Bulls,0,,,,,,0,,,,,,23 - 26,3,Harrington Free Throw 1 of 1 (3 PTS),11:11 PM
135,1,2,140,0020500097,MISS Richardson 26' 3PT Jump Shot,,10:18,2,4,0,0,2202,Jason Richardson,GSW,Golden State,1610612744.0,Warriors,0,,,,,,0,,,,,,,,,11:11 PM
136,0,4,141,0020500097,,,10:15,2,5,0,0,2732,Ben Gordon,CHI,Chicago,1610612741.0,Bulls,0,,,,,,0,,,,,,,,Gordon REBOUND (Off:1 Def:1),11:11 PM
137,1,1,142,0020500097,,,10:11,2,5,0,0,2732,Ben Gordon,CHI,Chicago,1610612741.0,Bulls,0,,,,,,0,,,,,,25 - 26,1,Gordon 18' Jump Shot (2 PTS),11:11 PM
138,46,1,143,0020500097,Pietrus 5' Running Jump Shot (5 PTS),,9:58,2,4,0,0,2554,Mickael Pietrus,GSW,Golden State,1610612744.0,Warriors,0,,,,,,0,,,,,,25 - 28,3,,11:11 PM
139,2,6,144,0020500097,,,9:58,2,5,4,1,2768,Chris Duhon,CHI,Chicago,1610612741.0,Bulls,2554,Mickael Pietrus,GSW,Golden State,1610612744.0,Warriors,0,,,,,,,,Duhon S.FOUL (P1.T1),11:11 PM
140,0,8,145,0020500097,SUB: Davis FOR Richardson,,9:58,2,4,4,0,2202,Jason Richardson,GSW,Golden State,1610612744.0,Warriors,1884,Baron Davis,GSW,Golden State,1610612744.0,Warriors,0,,,,,,,,,11:12 PM
141,10,3,146,0020500097,MISS Pietrus Free Throw 1 of 1,,9:58,2,4,0,0,2554,Mickael Pietrus,GSW,Golden State,1610612744.0,Warriors,0,,,,,,0,,,,,,,,,11:12 PM
142,0,4,147,0020500097,,,9:57,2,5,0,0,2736,Luol Deng,CHI,Chicago,1610612741.0,Bulls,0,,,,,,0,,,,,,,,Deng REBOUND (Off:1 Def:1),11:12 PM
143,1,6,148,0020500097,Fisher P.FOUL (P1.T2),,9:46,2,4,5,1,965,Derek Fisher,GSW,Golden State,1610612744.0,Warriors,2732,Ben Gordon,CHI,Chicago,1610612741.0,Bulls,0,,,,,,,,,11:12 PM
144,4,6,149,0020500097,,,9:42,2,5,4,1,970,Othella Harrington,CHI,Chicago,1610612741.0,Bulls,2740,Andris Biedrins,GSW,Golden State,1610612744.0,Warriors,0,,,,,,,,Harrington OFF.Foul (P1),11:12 PM
145,5,5,150,0020500097,,,9:42,2,5,0,1,970,Othella Harrington,CHI,Chicago,1610612741.0,Bulls,0,,,,,,0,,,,,,,,Harrington Foul Turnover (P1.T7),11:12 PM
146,1,5,151,0020500097,Davis Bad Pass Turnover (P3.T8),,9:28,2,4,0,1,1884,Baron Davis,GSW,Golden State,1610612744.0,Warriors,0,,,,,,0,,,,,,,,,11:13 PM
147,1,2,152,0020500097,,,9:12,2,5,0,0,2768,Chris Duhon,CHI,Chicago,1610612741.0,Bulls,0,,,,,,0,,,,,,,,MISS Duhon 25' 3PT Jump Shot,11:13 PM
148,0,4,153,0020500097,Dunleavy REBOUND (Off:0 Def:2),,9:07,2,4,0,0,2399,Mike Dunleavy,GSW,Golden State,1610612744.0,Warriors,0,,,,,,0,,,,,,,,,11:13 PM
149,1,2,154,0020500097,MISS Dunleavy 22' Jump Shot,,9:04,2,4,0,0,2399,Mike Dunleavy,GSW,Golden State,1610612744.0,Warriors,0,,,,,,0,,,,,,,,,11:13 PM
150,0,4,155,0020500097,,,9:02,2,3,0,0,1610612741,,,,,,0,,,,,,0,,,,,,,,Bulls Rebound,11:14 PM
151,3,6,156,0020500097,Biedrins L.B.FOUL (P1.T3),,9:02,2,4,5,1,2740,Andris Biedrins,GSW,Golden State,1610612744.0,Warriors,970,Othella Harrington,CHI,Chicago,1610612741.0,Bulls,0,,,,,,,,,11:14 PM
152,0,8,157,0020500097,,,9:02,2,5,5,0,2736,Luol Deng,CHI,Chicago,1610612741.0,Bulls,2199,Tyson Chandler,CHI,Chicago,1610612741.0,Bulls,0,,,,,,,,SUB: Chandler FOR Deng,11:14 PM
153,4,6,158,0020500097,,,8:54,2,5,4,1,2199,Tyson Chandler,CHI,Chicago,1610612741.0,Bulls,2399,Mike Dunleavy,GSW,Golden State,1610612744.0,Warriors,0,,,,,,,,Chandler OFF.Foul (P2),11:14 PM
154,5,5,159,0020500097,,,8:54,2,5,0,1,2199,Tyson Chandler,CHI,Chicago,1610612741.0,Bulls,0,,,,,,0,,,,,,,,Chandler Foul Turnover (P3.T8),11:14 PM
155,4,9,160,0020500097,,,8:54,2,1,0,0,0,,,,,,0,,,,,,0,,,,,,,,,11:14 PM
156,0,8,162,0020500097,SUB: Murphy FOR Dunleavy,,8:54,2,4,4,0,2399,Mike Dunleavy,GSW,Golden State,1610612744.0,Warriors,2211,Troy Murphy,GSW,Golden State,1610612744.0,Warriors,0,,,,,,,,,11:16 PM
157,63,1,163,0020500097,Davis 8' Fadeaway Jumper (4 PTS),,8:39,2,4,0,0,1884,Baron Davis,GSW,Golden State,1610612744.0,Warriors,0,,,,,,0,,,,,,25 - 30,5,,11:17 PM
158,1,2,164,0020500097,,,8:19,2,5,0,0,2732,Ben Gordon,CHI,Chicago,1610612741.0,Bulls,0,,,,,,0,,,,,,,,MISS Gordon 16' Jump Shot,11:17 PM
159,0,4,165,0020500097,,,8:17,2,5,0,0,2199,Tyson Chandler,CHI,Chicago,1610612741.0,Bulls,0,,,,,,0,,,,,,,,Chandler REBOUND (Off:2 Def:3),11:17 PM
160,1,1,166,0020500097,,,8:14,2,5,5,0,2804,Andres Nocioni,CHI,Chicago,1610612741.0,Bulls,2199,Tyson Chandler,CHI,Chicago,1610612741.0,Bulls,0,,,,,,28 - 30,2,Nocioni 26' 3PT Jump Shot (7 PTS) (Chandler 1 AST),11:17 PM
161,1,2,167,0020500097,MISS Murphy  3PT Jump Shot,,7:56,2,4,0,0,2211,Troy Murphy,GSW,Golden State,1610612744.0,Warriors,0,,,,,,0,,,,,,,,,11:17 PM
162,0,4,168,0020500097,Biedrins REBOUND (Off:1 Def:0),,7:54,2,4,0,0,2740,Andris Biedrins,GSW,Golden State,1610612744.0,Warriors,0,,,,,,0,,,,,,,,,11:17 PM
163,1,2,169,0020500097,MISS Pietrus  3PT Jump Shot,,7:50,2,4,0,0,2554,Mickael Pietrus,GSW,Golden State,1610612744.0,Warriors,0,,,,,,0,,,,,,,,,11:17 PM
164,0,4,170,0020500097,,,7:47,2,5,0,0,2199,Tyson Chandler,CHI,Chicago,1610612741.0,Bulls,0,,,,,,0,,,,,,,,Chandler REBOUND (Off:2 Def:4),11:17 PM
165,1,5,171,0020500097,Fisher STEAL (1 STL),,7:25,2,5,4,0,2768,Chris Duhon,CHI,Chicago,1610612741.0,Bulls,965,Derek Fisher,GSW,Golden State,1610612744.0,Warriors,0,,,,,,,,Duhon Bad Pass Turnover (P3.T9),11:18 PM
166,3,6,172,0020500097,,,7:25,2,5,4,1,2804,Andres Nocioni,CHI,Chicago,1610612741.0,Bulls,965,Derek Fisher,GSW,Golden State,1610612744.0,Warriors,0,,,,,,,,Nocioni L.B.FOUL (P2.T2),11:18 PM
167,0,8,174,0020500097,,,7:25,2,5,5,0,970,Othella Harrington,CHI,Chicago,1610612741.0,Bulls,2124,Malik Allen,CHI,Chicago,1610612741.0,Bulls,0,,,,,,,,SUB: Allen FOR Harrington,11:18 PM
168,0,8,175,0020500097,,,7:25,2,5,5,0,2768,Chris Duhon,CHI,Chicago,1610612741.0,Bulls,2550,Kirk Hinrich,CHI,Chicago,1610612741.0,Bulls,0,,,,,,,,SUB: Hinrich FOR Duhon,11:18 PM
169,0,8,176,0020500097,SUB: Foyle FOR Biedrins,,7:25,2,4,4,0,2740,Andris Biedrins,GSW,Golden State,1610612744.0,Warriors,1502,Adonal Foyle,GSW,Golden State,1610612744.0,Warriors,0,,,,,,,,,11:18 PM
170,63,2,177,0020500097,MISS Fisher 19' Fadeaway Jumper,,7:11,2,4,0,0,965,Derek Fisher,GSW,Golden State,1610612744.0,Warriors,0,,,,,,0,,,,,,,,,11:18 PM
171,0,4,178,0020500097,,,7:09,2,5,0,0,2732,Ben Gordon,CHI,Chicago,1610612741.0,Bulls,0,,,,,,0,,,,,,,,Gordon REBOUND (Off:1 Def:2),11:18 PM
172,1,6,179,0020500097,Foyle P.FOUL (P1.T4),,6:52,2,4,5,1,1502,Adonal Foyle,GSW,Golden State,1610612744.0,Warriors,2199,Tyson Chandler,CHI,Chicago,1610612741.0,Bulls,0,,,,,,,,,11:19 PM
173,1,2,180,0020500097,,,6:47,2,5,0,0,2124,Malik Allen,CHI,Chicago,1610612741.0,Bulls,0,,,,,,0,,,,,,,,MISS Allen 18' Jump Shot,11:19 PM
174,0,4,181,0020500097,Fisher REBOUND (Off:0 Def:1),,6:44,2,4,0,0,965,Derek Fisher,GSW,Golden State,1610612744.0,Warriors,0,,,,,,0,,,,,,,,,11:19 PM
175,2,6,182,0020500097,,,6:37,2,5,4,1,2199,Tyson Chandler,CHI,Chicago,1610612741.0,Bulls,2554,Mickael Pietrus,GSW,Golden State,1610612744.0,Warriors,0,,,,,,,,Chandler S.FOUL (P3.T3),11:20 PM
176,11,3,183,0020500097,MISS Pietrus Free Throw 1 of 2,,6:37,2,4,0,0,2554,Mickael Pietrus,GSW,Golden State,1610612744.0,Warriors,0,,,,,,0,,,,,,,,,11:20 PM
177,1,4,184,0020500097,WARRIORS Rebound,,6:37,2,2,0,0,1610612744,,,,,,0,,,,,,0,,,,,,,,,11:20 PM
178,0,8,185,0020500097,,,6:37,2,5,5,0,2199,Tyson Chandler,CHI,Chicago,1610612741.0,Bulls,2736,Luol Deng,CHI,Chicago,1610612741.0,Bulls,0,,,,,,,,SUB: Deng FOR Chandler,11:20 PM
179,12,3,186,0020500097,Pietrus Free Throw 2 of 2 (6 PTS),,6:37,2,4,0,0,2554,Mickael Pietrus,GSW,Golden State,1610612744.0,Warriors,0,,,,,,0,,,,,,28 - 31,3,,11:20 PM
180,1,2,187,0020500097,,,6:26,2,5,0,0,2550,Kirk Hinrich,CHI,Chicago,1610612741.0,Bulls,0,,,,,,0,,,,,,,,MISS Hinrich 25' 3PT Jump Shot,11:21 PM
181,0,4,188,0020500097,Foyle REBOUND (Off:0 Def:6),,6:23,2,4,0,0,1502,Adonal Foyle,GSW,Golden State,1610612744.0,Warriors,0,,,,,,0,,,,,,,,,11:21 PM
182,4,5,189,0020500097,Davis Traveling Turnover (P4.T9),,6:15,2,4,0,1,1884,Baron Davis,GSW,Golden State,1610612744.0,Warriors,0,,,,,,0,,,,,,,,,11:21 PM
183,1,2,190,0020500097,,,6:08,2,5,0,0,2804,Andres Nocioni,CHI,Chicago,1610612741.0,Bulls,0,,,,,,0,,,,,,,,MISS Nocioni 20' Jump Shot,11:21 PM
184,0,4,191,0020500097,Fisher REBOUND (Off:0 Def:2),,6:05,2,4,0,0,965,Derek Fisher,GSW,Golden State,1610612744.0,Warriors,0,,,,,,0,,,,,,,,,11:21 PM
185,66,1,192,0020500097,Murphy 5' Jump Bank Shot (6 PTS) (Fisher 1 AST),,5:58,2,4,4,0,2211,Troy Murphy,GSW,Golden State,1610612744.0,Warriors,965,Derek Fisher,GSW,Golden State,1610612744.0,Warriors,0,,,,,,28 - 33,5,,11:21 PM
186,5,1,193,0020500097,,,5:42,2,5,5,0,2804,Andres Nocioni,CHI,Chicago,1610612741.0,Bulls,2550,Kirk Hinrich,CHI,Chicago,1610612741.0,Bulls,0,,,,,,30 - 33,3,Nocioni 2' Layup (9 PTS) (Hinrich 4 AST),11:22 PM
187,2,6,194,0020500097,Murphy S.FOUL (P2.PN),,5:42,2,4,5,1,2211,Troy Murphy,GSW,Golden State,1610612744.0,Warriors,2804,Andres Nocioni,CHI,Chicago,1610612741.0,Bulls,0,,,,,,,,,11:22 PM
188,1,9,195,0020500097,WARRIORS Timeout: Regular (Full 2 Short 0),,5:42,2,2,0,0,1610612744,,,,,,0,,,,,,0,,,,,,,,,11:22 PM
189,0,8,197,0020500097,SUB: Richardson FOR Pietrus,,5:42,2,4,4,0,2554,Mickael Pietrus,GSW,Golden State,1610612744.0,Warriors,2202,Jason Richardson,GSW,Golden State,1610612744.0,Warriors,0,,,,,,,,,11:24 PM
190,0,8,198,0020500097,SUB: Dunleavy FOR Murphy,,5:42,2,4,4,0,2211,Troy Murphy,GSW,Golden State,1610612744.0,Warriors,2399,Mike Dunleavy,GSW,Golden State,1610612744.0,Warriors,0,,,,,,,,,11:24 PM
191,10,3,199,0020500097,,,5:42,2,5,0,0,2804,Andres Nocioni,CHI,Chicago,1610612741.0,Bulls,0,,,,,,0,,,,,,31 - 33,2,Nocioni Free Throw 1 of 1 (10 PTS),11:25 PM
192,1,6,200,0020500097,,,5:34,2,5,4,1,2732,Ben Gordon,CHI,Chicago,1610612741.0,Bulls,965,Derek Fisher,GSW,Golden State,1610612744.0,Warriors,0,,,,,,,,Gordon P.FOUL (P1.T4),11:25 PM
193,1,2,201,0020500097,MISS Dunleavy 20' Jump Shot,,5:25,2,4,0,0,2399,Mike Dunleavy,GSW,Golden State,1610612744.0,Warriors,0,,,,,,0,,,,,,,,,11:25 PM
194,0,4,202,0020500097,,,5:22,2,5,0,0,2550,Kirk Hinrich,CHI,Chicago,1610612741.0,Bulls,0,,,,,,0,,,,,,,,Hinrich REBOUND (Off:1 Def:2),11:25 PM
195,1,2,203,0020500097,Foyle BLOCK (1 BLK),,5:10,2,5,0,4,2550,Kirk Hinrich,CHI,Chicago,1610612741.0,Bulls,0,,,,,,1502,Adonal Foyle,GSW,Golden State,1610612744.0,Warriors,,,MISS Hinrich 5' Jump Shot,11:25 PM
196,0,4,204,0020500097,,,5:08,2,3,0,0,1610612741,,,,,,0,,,,,,0,,,,,,,,Bulls Rebound,11:25 PM
197,1,2,205,0020500097,,,5:07,2,5,0,0,2736,Luol Deng,CHI,Chicago,1610612741.0,Bulls,0,,,,,,0,,,,,,,,MISS Deng 16' Jump Shot,11:26 PM
198,0,4,206,0020500097,Dunleavy REBOUND (Off:0 Def:3),,5:04,2,4,0,0,2399,Mike Dunleavy,GSW,Golden State,1610612744.0,Warriors,0,,,,,,0,,,,,,,,,11:26 PM
199,47,1,207,0020500097,Fisher 4' Turnaround Jump Shot (2 PTS),,4:54,2,4,0,0,965,Derek Fisher,GSW,Golden State,1610612744.0,Warriors,0,,,,,,0,,,,,,31 - 35,4,,11:26 PM
200,1,5,208,0020500097,Davis STEAL (2 STL),,4:31,2,5,4,0,2550,Kirk Hinrich,CHI,Chicago,1610612741.0,Bulls,1884,Baron Davis,GSW,Golden State,1610612744.0,Warriors,0,,,,,,,,Hinrich Bad Pass Turnover (P2.T10),11:26 PM
201,4,6,209,0020500097,Davis OFF.Foul (P2),,4:27,2,4,5,1,1884,Baron Davis,GSW,Golden State,1610612744.0,Warriors,2804,Andres Nocioni,CHI,Chicago,1610612741.0,Bulls,0,,,,,,,,,11:26 PM
202,5,5,210,0020500097,Davis Foul Turnover (P5.T10),,4:27,2,4,0,1,1884,Baron Davis,GSW,Golden State,1610612744.0,Warriors,0,,,,,,0,,,,,,,,,11:26 PM
203,0,8,211,0020500097,,,4:27,2,5,5,0,2550,Kirk Hinrich,CHI,Chicago,1610612741.0,Bulls,2768,Chris Duhon,CHI,Chicago,1610612741.0,Bulls,0,,,,,,,,SUB: Duhon FOR Hinrich,11:27 PM
204,0,8,212,0020500097,,,4:27,2,5,5,0,2732,Ben Gordon,CHI,Chicago,1610612741.0,Bulls,2457,Jannero Pargo,CHI,Chicago,1610612741.0,Bulls,0,,,,,,,,SUB: Pargo FOR Gordon,11:27 PM
205,1,2,213,0020500097,,,4:12,2,5,0,0,2736,Luol Deng,CHI,Chicago,1610612741.0,Bulls,0,,,,,,0,,,,,,,,MISS Deng 20' Jump Shot,11:27 PM
206,0,4,214,0020500097,Foyle REBOUND (Off:0 Def:7),,4:09,2,4,0,0,1502,Adonal Foyle,GSW,Golden State,1610612744.0,Warriors,0,,,,,,0,,,,,,,,,11:27 PM
207,2,6,215,0020500097,,,3:55,2,5,4,1,2736,Luol Deng,CHI,Chicago,1610612741.0,Bulls,2202,Jason Richardson,GSW,Golden State,1610612744.0,Warriors,0,,,,,,,,Deng S.FOUL (P2.PN),11:27 PM
208,11,3,216,0020500097,MISS Richardson Free Throw 1 of 2,,3:55,2,4,0,0,2202,Jason Richardson,GSW,Golden State,1610612744.0,Warriors,0,,,,,,0,,,,,,,,,11:28 PM
209,1,4,217,0020500097,WARRIORS Rebound,,3:55,2,2,0,0,1610612744,,,,,,0,,,,,,0,,,,,,,,,11:28 PM
210,12,3,218,0020500097,Richardson Free Throw 2 of 2 (10 PTS),,3:55,2,4,0,0,2202,Jason Richardson,GSW,Golden State,1610612744.0,Warriors,0,,,,,,0,,,,,,31 - 36,5,,11:28 PM
211,57,1,219,0020500097,,,3:38,2,5,5,0,2804,Andres Nocioni,CHI,Chicago,1610612741.0,Bulls,2768,Chris Duhon,CHI,Chicago,1610612741.0,Bulls,0,,,,,,33 - 36,3,Nocioni 4' Driving Hook Shot (12 PTS) (Duhon 2 AST),11:28 PM
212,1,2,220,0020500097,MISS Fisher 13' Jump Shot,,3:21,2,4,0,0,965,Derek Fisher,GSW,Golden State,1610612744.0,Warriors,0,,,,,,0,,,,,,,,,11:28 PM
213,0,4,221,0020500097,,,3:18,2,5,0,0,2736,Luol Deng,CHI,Chicago,1610612741.0,Bulls,0,,,,,,0,,,,,,,,Deng REBOUND (Off:1 Def:2),11:29 PM
214,1,2,222,0020500097,,,3:13,2,5,0,0,2768,Chris Duhon,CHI,Chicago,1610612741.0,Bulls,0,,,,,,0,,,,,,,,MISS Duhon 24' 3PT Jump Shot,11:29 PM
215,0,4,223,0020500097,,,3:11,2,5,0,0,2457,Jannero Pargo,CHI,Chicago,1610612741.0,Bulls,0,,,,,,0,,,,,,,,Pargo REBOUND (Off:1 Def:0),11:29 PM
216,1,2,224,0020500097,,,3:08,2,5,0,0,2768,Chris Duhon,CHI,Chicago,1610612741.0,Bulls,0,,,,,,0,,,,,,,,MISS Duhon  3PT Jump Shot,11:29 PM
217,0,4,225,0020500097,,,3:07,2,3,0,0,1610612741,,,,,,0,,,,,,0,,,,,,,,Bulls Rebound,11:29 PM
218,1,9,226,0020500097,,,3:07,2,3,0,0,1610612741,,,,,,0,,,,,,0,,,,,,,,Bulls Timeout: Regular (Reg.2 Short 0),11:29 PM
219,4,6,228,0020500097,,,3:02,2,5,4,1,2804,Andres Nocioni,CHI,Chicago,1610612741.0,Bulls,2399,Mike Dunleavy,GSW,Golden State,1610612744.0,Warriors,0,,,,,,,,Nocioni OFF.Foul (P3),11:32 PM
220,5,5,229,0020500097,,,3:02,2,5,0,1,2804,Andres Nocioni,CHI,Chicago,1610612741.0,Bulls,0,,,,,,0,,,,,,,,Nocioni Foul Turnover (P2.T11),11:32 PM
221,0,8,230,0020500097,,,3:02,2,5,5,0,2804,Andres Nocioni,CHI,Chicago,1610612741.0,Bulls,2550,Kirk Hinrich,CHI,Chicago,1610612741.0,Bulls,0,,,,,,,,SUB: Hinrich FOR Nocioni,11:32 PM
222,1,2,231,0020500097,MISS Fisher  3PT Jump Shot,,2:46,2,4,0,0,965,Derek Fisher,GSW,Golden State,1610612744.0,Warriors,0,,,,,,0,,,,,,,,,11:32 PM
223,0,4,232,0020500097,,,2:44,2,5,0,0,2736,Luol Deng,CHI,Chicago,1610612741.0,Bulls,0,,,,,,0,,,,,,,,Deng REBOUND (Off:1 Def:3),11:32 PM
224,1,2,233,0020500097,Foyle BLOCK (2 BLK),,2:33,2,5,0,4,2124,Malik Allen,CHI,Chicago,1610612741.0,Bulls,0,,,,,,1502,Adonal Foyle,GSW,Golden State,1610612744.0,Warriors,,,MISS Allen 11' Jump Shot,11:32 PM
225,0,4,234,0020500097,Fisher REBOUND (Off:0 Def:3),,2:31,2,4,0,0,965,Derek Fisher,GSW,Golden State,1610612744.0,Warriors,0,,,,,,0,,,,,,,,,11:32 PM
226,42,1,235,0020500097,Richardson 3' Driving Layup (12 PTS) (Fisher 2 AST),,2:28,2,4,4,0,2202,Jason Richardson,GSW,Golden State,1610612744.0,Warriors,965,Derek Fisher,GSW,Golden State,1610612744.0,Warriors,0,,,,,,33 - 38,5,,11:32 PM
227,2,6,236,0020500097,,,2:28,2,5,4,1,2550,Kirk Hinrich,CHI,Chicago,1610612741.0,Bulls,2202,Jason Richardson,GSW,Golden State,1610612744.0,Warriors,0,,,,,,,,Hinrich S.FOUL (P2.PN),11:32 PM
228,0,8,237,0020500097,,,2:28,2,5,5,0,2550,Kirk Hinrich,CHI,Chicago,1610612741.0,Bulls,2732,Ben Gordon,CHI,Chicago,1610612741.0,Bulls,0,,,,,,,,SUB: Gordon FOR Hinrich,11:33 PM
229,0,8,238,0020500097,SUB: Pietrus FOR Davis,,2:28,2,4,4,0,1884,Baron Davis,GSW,Golden State,1610612744.0,Warriors,2554,Mickael Pietrus,GSW,Golden State,1610612744.0,Warriors,0,,,,,,,,,11:33 PM
230,10,3,239,0020500097,Richardson Free Throw 1 of 1 (13 PTS),,2:28,2,4,0,0,2202,Jason Richardson,GSW,Golden State,1610612744.0,Warriors,0,,,,,,0,,,,,,33 - 39,6,,11:33 PM
231,1,2,240,0020500097,,,2:08,2,5,0,0,2457,Jannero Pargo,CHI,Chicago,1610612741.0,Bulls,0,,,,,,0,,,,,,,,MISS Pargo 13' Jump Shot,11:33 PM
232,0,4,241,0020500097,Foyle REBOUND (Off:0 Def:8),,2:05,2,4,0,0,1502,Adonal Foyle,GSW,Golden State,1610612744.0,Warriors,0,,,,,,0,,,,,,,,,11:33 PM
233,1,2,242,0020500097,MISS Fisher 19' Jump Shot,,2:04,2,4,0,0,965,Derek Fisher,GSW,Golden State,1610612744.0,Warriors,0,,,,,,0,,,,,,,,,11:33 PM
234,0,4,243,0020500097,,,2:02,2,5,0,0,2124,Malik Allen,CHI,Chicago,1610612741.0,Bulls,0,,,,,,0,,,,,,,,Allen REBOUND (Off:0 Def:1),11:33 PM
235,1,2,244,0020500097,,,1:54,2,5,0,0,2732,Ben Gordon,CHI,Chicago,1610612741.0,Bulls,0,,,,,,0,,,,,,,,MISS Gordon 27' 3PT Jump Shot,11:34 PM
236,0,4,245,0020500097,Richardson REBOUND (Off:0 Def:2),,1:52,2,4,0,0,2202,Jason Richardson,GSW,Golden State,1610612744.0,Warriors,0,,,,,,0,,,,,,,,,11:34 PM
237,42,1,246,0020500097,Fisher 3' Driving Layup (4 PTS),,1:43,2,4,0,0,965,Derek Fisher,GSW,Golden State,1610612744.0,Warriors,0,,,,,,0,,,,,,33 - 41,8,,11:34 PM
238,2,6,247,0020500097,,,1:43,2,5,4,1,2124,Malik Allen,CHI,Chicago,1610612741.0,Bulls,965,Derek Fisher,GSW,Golden State,1610612744.0,Warriors,0,,,,,,,,Allen S.FOUL (P1.PN),11:34 PM
239,10,3,248,0020500097,Fisher Free Throw 1 of 1 (5 PTS),,1:43,2,4,0,0,965,Derek Fisher,GSW,Golden State,1610612744.0,Warriors,0,,,,,,0,,,,,,33 - 42,9,,11:34 PM
240,5,7,250,0020500097,Fisher Violation:Kicked Ball,,1:34,2,4,0,1,965,Derek Fisher,GSW,Golden State,1610612744.0,Warriors,0,,,,,,0,,,,,,,,,11:35 PM
241,1,1,251,0020500097,,,1:29,2,5,5,0,2768,Chris Duhon,CHI,Chicago,1610612741.0,Bulls,2457,Jannero Pargo,CHI,Chicago,1610612741.0,Bulls,0,,,,,,36 - 42,6,Duhon 24' 3PT Jump Shot (3 PTS) (Pargo 1 AST),11:35 PM
242,46,2,252,0020500097,MISS Dunleavy 12' Running Jump Shot,,1:07,2,4,0,0,2399,Mike Dunleavy,GSW,Golden State,1610612744.0,Warriors,0,,,,,,0,,,,,,,,,11:35 PM
243,0,4,254,0020500097,Foyle REBOUND (Off:1 Def:8),,1:05,2,4,0,0,1502,Adonal Foyle,GSW,Golden State,1610612744.0,Warriors,0,,,,,,0,,,,,,,,,11:35 PM
244,4,2,253,0020500097,MISS Foyle 2' Tip Shot,,1:05,2,4,0,0,1502,Adonal Foyle,GSW,Golden State,1610612744.0,Warriors,0,,,,,,0,,,,,,,,,11:35 PM
245,0,4,255,0020500097,Foyle REBOUND (Off:2 Def:8),,1:04,2,4,0,0,1502,Adonal Foyle,GSW,Golden State,1610612744.0,Warriors,0,,,,,,0,,,,,,,,,11:35 PM
246,1,1,256,0020500097,Richardson 25' 3PT Jump Shot (16 PTS) (Fisher 3 AST),,1:01,2,4,4,0,2202,Jason Richardson,GSW,Golden State,1610612744.0,Warriors,965,Derek Fisher,GSW,Golden State,1610612744.0,Warriors,0,,,,,,36 - 45,9,,11:35 PM
247,1,2,257,0020500097,,,0:51,2,5,0,0,2768,Chris Duhon,CHI,Chicago,1610612741.0,Bulls,0,,,,,,0,,,,,,,,MISS Duhon 24' 3PT Jump Shot,11:36 PM
248,0,4,258,0020500097,Dunleavy REBOUND (Off:0 Def:4),,0:49,2,4,0,0,2399,Mike Dunleavy,GSW,Golden State,1610612744.0,Warriors,0,,,,,,0,,,,,,,,,11:36 PM
249,2,6,259,0020500097,,,0:39,2,5,4,1,2124,Malik Allen,CHI,Chicago,1610612741.0,Bulls,2554,Mickael Pietrus,GSW,Golden State,1610612744.0,Warriors,0,,,,,,,,Allen S.FOUL (P2.PN),11:36 PM
250,11,3,260,0020500097,Pietrus Free Throw 1 of 2 (7 PTS),,0:39,2,4,0,0,2554,Mickael Pietrus,GSW,Golden State,1610612744.0,Warriors,0,,,,,,0,,,,,,36 - 46,10,,11:36 PM
251,12,3,262,0020500097,Pietrus Free Throw 2 of 2 (8 PTS),,0:39,2,4,0,0,2554,Mickael Pietrus,GSW,Golden State,1610612744.0,Warriors,0,,,,,,0,,,,,,36 - 47,11,,11:36 PM
252,1,2,263,0020500097,,,0:23,2,5,0,0,2736,Luol Deng,CHI,Chicago,1610612741.0,Bulls,0,,,,,,0,,,,,,,,MISS Deng 17' Jump Shot,11:37 PM
253,0,4,264,0020500097,Foyle REBOUND (Off:2 Def:9),,0:20,2,4,0,0,1502,Adonal Foyle,GSW,Golden State,1610612744.0,Warriors,0,,,,,,0,,,,,,,,,11:37 PM
254,46,1,265,0020500097,Pietrus 4' Running Jump Shot (10 PTS),,0:04,2,4,0,0,2554,Mickael Pietrus,GSW,Golden State,1610612744.0,Warriors,0,,,,,,0,,,,,,36 - 49,13,,11:37 PM
255,0,18,269,0020500097,,,0:00,2,0,0,1,0,,,,,,0,,,,,,0,,,,,,36 - 49,13,,11:37 PM
256,0,13,266,0020500097,,,0:00,2,0,0,0,0,,,,,,0,,,,,,0,,,,,,36 - 49,13,,11:37 PM
257,0,12,270,0020500097,,,12:00,3,0,0,0,0,,,,,,0,,,,,,0,,,,,,36 - 49,13,,11:54 PM
258,1,6,271,0020500097,,,11:53,3,5,4,1,2768,Chris Duhon,CHI,Chicago,1610612741.0,Bulls,1884,Baron Davis,GSW,Golden State,1610612744.0,Warriors,0,,,,,,,,Duhon P.FOUL (P2.T1),11:55 PM
259,1,1,273,0020500097,Dunleavy 21' Jump Shot (10 PTS) (Richardson 2 AST),,11:47,3,4,4,0,2399,Mike Dunleavy,GSW,Golden State,1610612744.0,Warriors,2202,Jason Richardson,GSW,Golden State,1610612744.0,Warriors,0,,,,,,36 - 51,15,,11:55 PM
260,4,6,274,0020500097,,,11:32,3,5,4,1,2443,Darius Songaila,CHI,Chicago,1610612741.0,Bulls,2202,Jason Richardson,GSW,Golden State,1610612744.0,Warriors,0,,,,,,,,Songaila OFF.Foul (P3),11:55 PM
261,5,5,275,0020500097,,,11:32,3,5,0,1,2443,Darius Songaila,CHI,Chicago,1610612741.0,Bulls,0,,,,,,0,,,,,,,,Songaila Foul Turnover (P1.T12),11:55 PM
262,1,2,276,0020500097,MISS Davis 14' Jump Shot,,11:09,3,4,0,5,1884,Baron Davis,GSW,Golden State,1610612744.0,Warriors,0,,,,,,2804,Andres Nocioni,CHI,Chicago,1610612741.0,Bulls,,,Nocioni BLOCK (1 BLK),11:56 PM
263,0,4,277,0020500097,WARRIORS Rebound,,11:08,3,2,0,0,1610612744,,,,,,0,,,,,,0,,,,,,,,,11:56 PM
264,11,5,278,0020500097,WARRIORS Turnover: Shot Clock (T#11),,11:08,3,2,0,1,1610612744,,,,,,0,,,,,,0,,,,,,,,,11:56 PM
265,5,7,279,0020500097,Davis Violation:Kicked Ball,,10:54,3,4,0,1,1884,Baron Davis,GSW,Golden State,1610612744.0,Warriors,0,,,,,,0,,,,,,,,,11:56 PM
266,1,2,280,0020500097,Davis BLOCK (1 BLK),,10:47,3,5,0,4,2804,Andres Nocioni,CHI,Chicago,1610612741.0,Bulls,0,,,,,,1884,Baron Davis,GSW,Golden State,1610612744.0,Warriors,,,MISS Nocioni 7' Jump Shot,11:57 PM
267,0,4,281,0020500097,Murphy REBOUND (Off:0 Def:1),,10:44,3,4,0,0,2211,Troy Murphy,GSW,Golden State,1610612744.0,Warriors,0,,,,,,0,,,,,,,,,11:57 PM
268,4,6,282,0020500097,Foyle OFF.Foul (P2),,10:33,3,4,5,1,1502,Adonal Foyle,GSW,Golden State,1610612744.0,Warriors,2199,Tyson Chandler,CHI,Chicago,1610612741.0,Bulls,0,,,,,,,,,11:57 PM
269,5,5,283,0020500097,Foyle Foul Turnover (P1.T12),,10:33,3,4,0,1,1502,Adonal Foyle,GSW,Golden State,1610612744.0,Warriors,0,,,,,,0,,,,,,,,,11:57 PM
270,39,5,284,0020500097,,,10:13,3,5,0,1,2804,Andres Nocioni,CHI,Chicago,1610612741.0,Bulls,0,,,,,,0,,,,,,,,Nocioni Step Out of Bounds Turnover (P3.T13),11:57 PM
271,1,2,285,0020500097,MISS Richardson 19' Jump Shot,,10:04,3,4,0,5,2202,Jason Richardson,GSW,Golden State,1610612744.0,Warriors,0,,,,,,2804,Andres Nocioni,CHI,Chicago,1610612741.0,Bulls,,,Nocioni BLOCK (2 BLK),11:58 PM
272,0,4,286,0020500097,,,10:00,3,5,0,0,2199,Tyson Chandler,CHI,Chicago,1610612741.0,Bulls,0,,,,,,0,,,,,,,,Chandler REBOUND (Off:2 Def:5),11:58 PM
273,1,2,287,0020500097,,,9:55,3,5,0,0,2768,Chris Duhon,CHI,Chicago,1610612741.0,Bulls,0,,,,,,0,,,,,,,,MISS Duhon 20' Jump Shot,11:58 PM
274,0,4,288,0020500097,,,9:53,3,3,0,0,1610612741,,,,,,0,,,,,,0,,,,,,,,Bulls Rebound,11:58 PM
275,1,2,289,0020500097,,,9:46,3,5,0,0,2768,Chris Duhon,CHI,Chicago,1610612741.0,Bulls,0,,,,,,0,,,,,,,,MISS Duhon 24' 3PT Jump Shot,11:58 PM
276,0,4,290,0020500097,Dunleavy REBOUND (Off:0 Def:5),,9:43,3,4,0,0,2399,Mike Dunleavy,GSW,Golden State,1610612744.0,Warriors,0,,,,,,0,,,,,,,,,11:58 PM
277,1,5,291,0020500097,Dunleavy Bad Pass Turnover (P3.T13),,9:36,3,4,5,0,2399,Mike Dunleavy,GSW,Golden State,1610612744.0,Warriors,2768,Chris Duhon,CHI,Chicago,1610612741.0,Bulls,0,,,,,,,,Duhon STEAL (1 STL),11:58 PM
278,1,2,292,0020500097,,,9:31,3,5,0,0,2550,Kirk Hinrich,CHI,Chicago,1610612741.0,Bulls,0,,,,,,0,,,,,,,,MISS Hinrich 25' 3PT Jump Shot,11:58 PM
279,0,4,293,0020500097,Murphy REBOUND (Off:0 Def:2),,9:25,3,4,0,0,2211,Troy Murphy,GSW,Golden State,1610612744.0,Warriors,0,,,,,,0,,,,,,,,,11:59 PM
280,5,1,294,0020500097,Richardson 2' Layup (18 PTS) (Foyle 2 AST),,9:20,3,4,4,0,2202,Jason Richardson,GSW,Golden State,1610612744.0,Warriors,1502,Adonal Foyle,GSW,Golden State,1610612744.0,Warriors,0,,,,,,36 - 53,17,,11:59 PM
281,1,1,295,0020500097,,,9:02,3,5,5,0,2550,Kirk Hinrich,CHI,Chicago,1610612741.0,Bulls,2768,Chris Duhon,CHI,Chicago,1610612741.0,Bulls,0,,,,,,39 - 53,14,Hinrich 25' 3PT Jump Shot (6 PTS) (Duhon 3 AST),11:59 PM
282,1,1,296,0020500097,Murphy 26' 3PT Jump Shot (9 PTS) (Dunleavy 1 AST),,8:45,3,4,4,0,2211,Troy Murphy,GSW,Golden State,1610612744.0,Warriors,2399,Mike Dunleavy,GSW,Golden State,1610612744.0,Warriors,0,,,,,,39 - 56,17,,11:59 PM
283,1,2,297,0020500097,,,8:24,3,5,0,0,2768,Chris Duhon,CHI,Chicago,1610612741.0,Bulls,0,,,,,,0,,,,,,,,MISS Duhon 23' Jump Shot,12:00 PM
284,0,4,298,0020500097,,,8:20,3,3,0,0,1610612741,,,,,,0,,,,,,0,,,,,,,,Bulls Rebound,12:00 PM
285,0,8,299,0020500097,,,8:20,3,5,5,0,2768,Chris Duhon,CHI,Chicago,1610612741.0,Bulls,2457,Jannero Pargo,CHI,Chicago,1610612741.0,Bulls,0,,,,,,,,SUB: Pargo FOR Duhon,12:00 PM
286,1,9,300,0020500097,WARRIORS Timeout: Regular (Full 3 Short 0),,8:20,3,2,0,0,1610612744,,,,,,0,,,,,,0,,,,,,,,,12:00 PM
287,4,5,302,0020500097,,,8:17,3,5,0,1,2443,Darius Songaila,CHI,Chicago,1610612741.0,Bulls,0,,,,,,0,,,,,,,,Songaila Traveling Turnover (P2.T14),12:03 PM
288,1,6,303,0020500097,,,8:03,3,5,4,1,2550,Kirk Hinrich,CHI,Chicago,1610612741.0,Bulls,2399,Mike Dunleavy,GSW,Golden State,1610612744.0,Warriors,0,,,,,,,,Hinrich P.FOUL (P3.T2),12:03 PM
289,63,2,304,0020500097,MISS Richardson 15' Fadeaway Jumper,,7:52,3,4,0,0,2202,Jason Richardson,GSW,Golden State,1610612744.0,Warriors,0,,,,,,0,,,,,,,,,12:04 PM
290,0,4,306,0020500097,Foyle REBOUND (Off:3 Def:9),,7:50,3,4,0,0,1502,Adonal Foyle,GSW,Golden State,1610612744.0,Warriors,0,,,,,,0,,,,,,,,,12:04 PM
291,4,1,305,0020500097,Foyle  Tip Shot (2 PTS),,7:50,3,4,0,0,1502,Adonal Foyle,GSW,Golden State,1610612744.0,Warriors,0,,,,,,0,,,,,,39 - 58,19,,12:04 PM
292,2,5,307,0020500097,Davis STEAL (3 STL),,7:38,3,5,4,0,2443,Darius Songaila,CHI,Chicago,1610612741.0,Bulls,1884,Baron Davis,GSW,Golden State,1610612744.0,Warriors,0,,,,,,,,Songaila Lost Ball Turnover (P3.T15),12:04 PM
293,52,1,308,0020500097,Richardson 1' Alley Oop Dunk (20 PTS) (Davis 4 AST),,7:33,3,4,4,0,2202,Jason Richardson,GSW,Golden State,1610612744.0,Warriors,1884,Baron Davis,GSW,Golden State,1610612744.0,Warriors,0,,,,,,39 - 60,21,,12:04 PM
294,1,1,309,0020500097,,,7:17,3,5,5,0,2457,Jannero Pargo,CHI,Chicago,1610612741.0,Bulls,2443,Darius Songaila,CHI,Chicago,1610612741.0,Bulls,0,,,,,,42 - 60,18,Pargo  3PT Jump Shot (3 PTS) (Songaila 2 AST),12:04 PM
295,2,6,310,0020500097,,,6:54,3,5,4,1,2443,Darius Songaila,CHI,Chicago,1610612741.0,Bulls,2211,Troy Murphy,GSW,Golden State,1610612744.0,Warriors,0,,,,,,,,Songaila S.FOUL (P4.T3),12:05 PM
296,0,8,311,0020500097,,,6:54,3,5,5,0,2443,Darius Songaila,CHI,Chicago,1610612741.0,Bulls,970,Othella Harrington,CHI,Chicago,1610612741.0,Bulls,0,,,,,,,,SUB: Harrington FOR Songaila,12:05 PM
297,0,8,312,0020500097,,,6:54,3,5,5,0,2804,Andres Nocioni,CHI,Chicago,1610612741.0,Bulls,2552,Michael Sweetney,CHI,Chicago,1610612741.0,Bulls,0,,,,,,,,SUB: Sweetney FOR Nocioni,12:05 PM
298,0,8,313,0020500097,,,6:54,3,5,5,0,2199,Tyson Chandler,CHI,Chicago,1610612741.0,Bulls,2736,Luol Deng,CHI,Chicago,1610612741.0,Bulls,0,,,,,,,,SUB: Deng FOR Chandler,12:05 PM
299,0,8,314,0020500097,,,6:54,3,5,5,0,2550,Kirk Hinrich,CHI,Chicago,1610612741.0,Bulls,2732,Ben Gordon,CHI,Chicago,1610612741.0,Bulls,0,,,,,,,,SUB: Gordon FOR Hinrich,12:05 PM
300,11,3,315,0020500097,Murphy Free Throw 1 of 2 (10 PTS),,6:54,3,4,0,0,2211,Troy Murphy,GSW,Golden State,1610612744.0,Warriors,0,,,,,,0,,,,,,42 - 61,19,,12:05 PM
301,12,3,316,0020500097,Murphy Free Throw 2 of 2 (11 PTS),,6:54,3,4,0,0,2211,Troy Murphy,GSW,Golden State,1610612744.0,Warriors,0,,,,,,0,,,,,,42 - 62,20,,12:05 PM
302,1,2,317,0020500097,,,6:44,3,5,0,0,2732,Ben Gordon,CHI,Chicago,1610612741.0,Bulls,0,,,,,,0,,,,,,,,MISS Gordon 24' 3PT Jump Shot,12:05 PM
303,0,4,318,0020500097,Dunleavy REBOUND (Off:0 Def:6),,6:40,3,4,0,0,2399,Mike Dunleavy,GSW,Golden State,1610612744.0,Warriors,0,,,,,,0,,,,,,,,,12:06 PM
304,49,1,319,0020500097,Murphy 1' Driving Dunk (13 PTS) (Davis 5 AST),,6:37,3,4,4,0,2211,Troy Murphy,GSW,Golden State,1610612744.0,Warriors,1884,Baron Davis,GSW,Golden State,1610612744.0,Warriors,0,,,,,,42 - 64,22,,12:06 PM
305,1,1,320,0020500097,,,6:23,3,5,0,0,2457,Jannero Pargo,CHI,Chicago,1610612741.0,Bulls,0,,,,,,0,,,,,,45 - 64,19,Pargo 25' 3PT Jump Shot (6 PTS),12:06 PM
306,1,1,321,0020500097,Richardson 22' Jump Shot (22 PTS),,6:11,3,4,0,0,2202,Jason Richardson,GSW,Golden State,1610612744.0,Warriors,0,,,,,,0,,,,,,45 - 66,21,,12:06 PM
307,1,6,322,0020500097,Davis P.FOUL (P3.T1),,6:00,3,4,5,1,1884,Baron Davis,GSW,Golden State,1610612744.0,Warriors,2457,Jannero Pargo,CHI,Chicago,1610612741.0,Bulls,0,,,,,,,,,12:06 PM
308,1,1,323,0020500097,,,5:54,3,5,5,0,2552,Michael Sweetney,CHI,Chicago,1610612741.0,Bulls,2457,Jannero Pargo,CHI,Chicago,1610612741.0,Bulls,0,,,,,,47 - 66,19,Sweetney 17' Jump Shot (7 PTS) (Pargo 2 AST),12:07 PM
309,1,5,324,0020500097,Richardson Bad Pass Turnover (P3.T14),,5:28,3,4,5,0,2202,Jason Richardson,GSW,Golden State,1610612744.0,Warriors,2457,Jannero Pargo,CHI,Chicago,1610612741.0,Bulls,0,,,,,,,,Pargo STEAL (1 STL),12:07 PM
310,1,2,325,0020500097,,,5:23,3,5,0,0,2457,Jannero Pargo,CHI,Chicago,1610612741.0,Bulls,0,,,,,,0,,,,,,,,MISS Pargo 16' Jump Shot,12:07 PM
311,0,4,326,0020500097,,,5:22,3,3,0,0,1610612741,,,,,,0,,,,,,0,,,,,,,,Bulls Rebound,12:07 PM
312,1,2,327,0020500097,,,5:17,3,5,0,0,2732,Ben Gordon,CHI,Chicago,1610612741.0,Bulls,0,,,,,,0,,,,,,,,MISS Gordon 18' Jump Shot,12:08 PM
313,0,4,328,0020500097,,,5:14,3,5,0,0,2552,Michael Sweetney,CHI,Chicago,1610612741.0,Bulls,0,,,,,,0,,,,,,,,Sweetney REBOUND (Off:2 Def:2),12:08 PM
314,5,2,329,0020500097,Murphy BLOCK (1 BLK),,5:13,3,5,0,4,2552,Michael Sweetney,CHI,Chicago,1610612741.0,Bulls,0,,,,,,2211,Troy Murphy,GSW,Golden State,1610612744.0,Warriors,,,MISS Sweetney 3' Layup,12:08 PM
315,0,4,330,0020500097,,,5:11,3,5,0,0,970,Othella Harrington,CHI,Chicago,1610612741.0,Bulls,0,,,,,,0,,,,,,,,Harrington REBOUND (Off:3 Def:2),12:08 PM
316,65,1,331,0020500097,,,5:05,3,5,5,0,2736,Luol Deng,CHI,Chicago,1610612741.0,Bulls,970,Othella Harrington,CHI,Chicago,1610612741.0,Bulls,0,,,,,,49 - 66,17,Deng 8' Jump Hook Shot (8 PTS) (Harrington 1 AST),12:08 PM
317,4,6,332,0020500097,Foyle OFF.Foul (P3),,4:52,3,4,5,1,1502,Adonal Foyle,GSW,Golden State,1610612744.0,Warriors,2552,Michael Sweetney,CHI,Chicago,1610612741.0,Bulls,0,,,,,,,,,12:08 PM
318,5,5,333,0020500097,Foyle Foul Turnover (P2.T15),,4:52,3,4,0,1,1502,Adonal Foyle,GSW,Golden State,1610612744.0,Warriors,0,,,,,,0,,,,,,,,,12:08 PM
319,0,8,338,0020500097,SUB: Pietrus FOR Richardson,,4:52,3,4,4,0,2202,Jason Richardson,GSW,Golden State,1610612744.0,Warriors,2554,Mickael Pietrus,GSW,Golden State,1610612744.0,Warriors,0,,,,,,,,,12:08 PM
320,0,8,334,0020500097,SUB: Taft FOR Foyle,,4:52,3,4,4,0,1502,Adonal Foyle,GSW,Golden State,1610612744.0,Warriors,101147,Chris Taft,GSW,Golden State,1610612744.0,Warriors,0,,,,,,,,,12:08 PM
321,1,2,335,0020500097,Pietrus BLOCK (1 BLK),,4:37,3,5,0,4,970,Othella Harrington,CHI,Chicago,1610612741.0,Bulls,0,,,,,,2554,Mickael Pietrus,GSW,Golden State,1610612744.0,Warriors,,,MISS Harrington 13' Jump Shot,12:09 PM
322,0,4,336,0020500097,,,4:34,3,5,0,0,2552,Michael Sweetney,CHI,Chicago,1610612741.0,Bulls,0,,,,,,0,,,,,,,,Sweetney REBOUND (Off:3 Def:2),12:09 PM
323,1,6,337,0020500097,Taft P.FOUL (P4.T2),,4:34,3,4,5,1,101147,Chris Taft,GSW,Golden State,1610612744.0,Warriors,2552,Michael Sweetney,CHI,Chicago,1610612741.0,Bulls,0,,,,,,,,,12:09 PM
324,11,3,340,0020500097,,,4:34,3,5,0,0,2552,Michael Sweetney,CHI,Chicago,1610612741.0,Bulls,0,,,,,,0,,,,,,,,MISS Sweetney Free Throw 1 of 2,12:10 PM
325,1,4,341,0020500097,,,4:34,3,3,0,0,1610612741,,,,,,0,,,,,,0,,,,,,,,Bulls Rebound,12:10 PM
326,12,3,342,0020500097,,,4:34,3,5,0,0,2552,Michael Sweetney,CHI,Chicago,1610612741.0,Bulls,0,,,,,,0,,,,,,,,MISS Sweetney Free Throw 2 of 2,12:10 PM
327,0,4,343,0020500097,,,4:31,3,5,0,0,970,Othella Harrington,CHI,Chicago,1610612741.0,Bulls,0,,,,,,0,,,,,,,,Harrington REBOUND (Off:4 Def:2),12:10 PM
328,1,2,344,0020500097,,,4:27,3,5,0,0,2736,Luol Deng,CHI,Chicago,1610612741.0,Bulls,0,,,,,,0,,,,,,,,MISS Deng 21' Jump Shot,12:10 PM
329,0,4,345,0020500097,Pietrus REBOUND (Off:0 Def:2),,4:24,3,4,0,0,2554,Mickael Pietrus,GSW,Golden State,1610612744.0,Warriors,0,,,,,,0,,,,,,,,,12:10 PM
330,1,2,346,0020500097,MISS Davis 26' 3PT Jump Shot,,4:17,3,4,0,0,1884,Baron Davis,GSW,Golden State,1610612744.0,Warriors,0,,,,,,0,,,,,,,,,12:10 PM
331,0,4,347,0020500097,Taft REBOUND (Off:1 Def:0),,4:13,3,4,0,0,101147,Chris Taft,GSW,Golden State,1610612744.0,Warriors,0,,,,,,0,,,,,,,,,12:10 PM
332,1,6,348,0020500097,,,4:05,3,5,4,1,970,Othella Harrington,CHI,Chicago,1610612741.0,Bulls,2554,Mickael Pietrus,GSW,Golden State,1610612744.0,Warriors,0,,,,,,,,Harrington P.FOUL (P2.T4),12:10 PM
333,0,8,349,0020500097,,,4:05,3,5,5,0,2552,Michael Sweetney,CHI,Chicago,1610612741.0,Bulls,1501,Tim Thomas,CHI,Chicago,1610612741.0,Bulls,0,,,,,,,,SUB: Thomas FOR Sweetney,12:10 PM
334,0,8,350,0020500097,SUB: Fisher FOR Dunleavy,,4:05,3,4,4,0,2399,Mike Dunleavy,GSW,Golden State,1610612744.0,Warriors,965,Derek Fisher,GSW,Golden State,1610612744.0,Warriors,0,,,,,,,,,12:10 PM
335,47,2,351,0020500097,MISS Davis 15' Turnaround Jump Shot,,3:56,3,4,0,0,1884,Baron Davis,GSW,Golden State,1610612744.0,Warriors,0,,,,,,0,,,,,,,,,12:11 PM
336,0,4,352,0020500097,,,3:54,3,5,0,0,1501,Tim Thomas,CHI,Chicago,1610612741.0,Bulls,0,,,,,,0,,,,,,,,Thomas REBOUND (Off:0 Def:1),12:11 PM
337,1,5,353,0020500097,,,3:39,3,5,0,1,970,Othella Harrington,CHI,Chicago,1610612741.0,Bulls,0,,,,,,0,,,,,,,,Harrington Bad Pass Turnover (P2.T16),12:11 PM
338,47,2,354,0020500097,MISS Pietrus 16' Turnaround Jump Shot,,3:36,3,4,0,0,2554,Mickael Pietrus,GSW,Golden State,1610612744.0,Warriors,0,,,,,,0,,,,,,,,,12:11 PM
339,0,4,355,0020500097,,,3:33,3,5,0,0,1501,Tim Thomas,CHI,Chicago,1610612741.0,Bulls,0,,,,,,0,,,,,,,,Thomas REBOUND (Off:0 Def:2),12:11 PM
340,1,2,356,0020500097,,,3:20,3,5,0,0,2457,Jannero Pargo,CHI,Chicago,1610612741.0,Bulls,0,,,,,,0,,,,,,,,MISS Pargo 24' 3PT Jump Shot,12:12 PM
341,0,4,357,0020500097,Fisher REBOUND (Off:0 Def:4),,3:17,3,4,0,0,965,Derek Fisher,GSW,Golden State,1610612744.0,Warriors,0,,,,,,0,,,,,,,,,12:12 PM
342,9,6,358,0020500097,,,3:16,3,5,4,1,1501,Tim Thomas,CHI,Chicago,1610612741.0,Bulls,965,Derek Fisher,GSW,Golden State,1610612744.0,Warriors,0,,,,,,,,Thomas C.P.FOUL (P1.PN),12:12 PM
343,0,8,359,0020500097,SUB: Richardson FOR Davis,,3:16,3,4,4,0,1884,Baron Davis,GSW,Golden State,1610612744.0,Warriors,2202,Jason Richardson,GSW,Golden State,1610612744.0,Warriors,0,,,,,,,,,12:12 PM
344,17,3,360,0020500097,Fisher Free Throw Clear Path (6 PTS),,3:16,3,4,0,0,965,Derek Fisher,GSW,Golden State,1610612744.0,Warriors,0,,,,,,0,,,,,,49 - 67,18,,12:12 PM
345,1,2,361,0020500097,MISS Richardson  3PT Jump Shot,,3:10,3,4,0,0,2202,Jason Richardson,GSW,Golden State,1610612744.0,Warriors,0,,,,,,0,,,,,,,,,12:13 PM
346,0,4,362,0020500097,,,3:06,3,5,0,0,2457,Jannero Pargo,CHI,Chicago,1610612741.0,Bulls,0,,,,,,0,,,,,,,,Pargo REBOUND (Off:1 Def:1),12:13 PM
347,42,1,363,0020500097,,,3:01,3,5,5,0,2732,Ben Gordon,CHI,Chicago,1610612741.0,Bulls,2457,Jannero Pargo,CHI,Chicago,1610612741.0,Bulls,0,,,,,,51 - 67,16,Gordon 2' Driving Layup (4 PTS) (Pargo 3 AST),12:13 PM
348,1,1,364,0020500097,Fisher 18' Jump Shot (8 PTS),,2:39,3,4,0,0,965,Derek Fisher,GSW,Golden State,1610612744.0,Warriors,0,,,,,,0,,,,,,51 - 69,18,,12:14 PM
349,1,1,365,0020500097,,,2:20,3,5,5,0,1501,Tim Thomas,CHI,Chicago,1610612741.0,Bulls,2457,Jannero Pargo,CHI,Chicago,1610612741.0,Bulls,0,,,,,,54 - 69,15,Thomas 25' 3PT Jump Shot (3 PTS) (Pargo 4 AST),12:14 PM
350,8,1,366,0020500097,Taft 1' Slam Dunk (2 PTS) (Fisher 4 AST),,1:50,3,4,4,0,101147,Chris Taft,GSW,Golden State,1610612744.0,Warriors,965,Derek Fisher,GSW,Golden State,1610612744.0,Warriors,0,,,,,,54 - 71,17,,12:14 PM
351,47,2,367,0020500097,,,1:33,3,5,0,0,2457,Jannero Pargo,CHI,Chicago,1610612741.0,Bulls,0,,,,,,0,,,,,,,,MISS Pargo 17' Turnaround Jump Shot,12:15 PM
352,0,4,368,0020500097,Murphy REBOUND (Off:0 Def:3),,1:30,3,4,0,0,2211,Troy Murphy,GSW,Golden State,1610612744.0,Warriors,0,,,,,,0,,,,,,,,,12:15 PM
353,1,2,369,0020500097,MISS Murphy 27' 3PT Jump Shot,,1:17,3,4,0,0,2211,Troy Murphy,GSW,Golden State,1610612744.0,Warriors,0,,,,,,0,,,,,,,,,12:15 PM
354,0,4,370,0020500097,Fisher REBOUND (Off:1 Def:4),,1:15,3,4,0,0,965,Derek Fisher,GSW,Golden State,1610612744.0,Warriors,0,,,,,,0,,,,,,,,,12:15 PM
355,56,2,371,0020500097,MISS Murphy 5' Running Hook Shot,,1:10,3,4,0,0,2211,Troy Murphy,GSW,Golden State,1610612744.0,Warriors,0,,,,,,0,,,,,,,,,12:15 PM
356,0,4,372,0020500097,Taft REBOUND (Off:2 Def:0),,1:09,3,4,0,0,101147,Chris Taft,GSW,Golden State,1610612744.0,Warriors,0,,,,,,0,,,,,,,,,12:15 PM
357,1,2,373,0020500097,MISS Taft 4' Jump Shot,,1:08,3,4,0,0,101147,Chris Taft,GSW,Golden State,1610612744.0,Warriors,0,,,,,,0,,,,,,,,,12:15 PM
358,0,4,375,0020500097,Murphy REBOUND (Off:1 Def:3),,1:05,3,4,0,0,2211,Troy Murphy,GSW,Golden State,1610612744.0,Warriors,0,,,,,,0,,,,,,,,,12:15 PM
359,4,1,374,0020500097,Murphy 1' Tip Shot (15 PTS),,1:05,3,4,0,0,2211,Troy Murphy,GSW,Golden State,1610612744.0,Warriors,0,,,,,,0,,,,,,54 - 73,19,,12:15 PM
360,1,6,376,0020500097,Fisher P.FOUL (P2.T3),,0:56,3,4,5,1,965,Derek Fisher,GSW,Golden State,1610612744.0,Warriors,970,Othella Harrington,CHI,Chicago,1610612741.0,Bulls,0,,,,,,,,,12:15 PM
361,1,9,377,0020500097,,,0:56,3,3,0,0,1610612741,,,,,,0,,,,,,0,,,,,,,,Bulls Timeout: Regular (Reg.3 Short 0),12:15 PM
362,0,8,379,0020500097,SUB: Dunleavy FOR Murphy,,0:56,3,4,4,0,2211,Troy Murphy,GSW,Golden State,1610612744.0,Warriors,2399,Mike Dunleavy,GSW,Golden State,1610612744.0,Warriors,0,,,,,,,,,12:18 PM
363,0,8,380,0020500097,SUB: Biedrins FOR Taft,,0:56,3,4,4,0,101147,Chris Taft,GSW,Golden State,1610612744.0,Warriors,2740,Andris Biedrins,GSW,Golden State,1610612744.0,Warriors,0,,,,,,,,,12:18 PM
364,1,2,381,0020500097,,,0:52,3,5,0,0,1501,Tim Thomas,CHI,Chicago,1610612741.0,Bulls,0,,,,,,0,,,,,,,,MISS Thomas 25' 3PT Jump Shot,12:18 PM
365,0,4,382,0020500097,,,0:49,3,5,0,0,2736,Luol Deng,CHI,Chicago,1610612741.0,Bulls,0,,,,,,0,,,,,,,,Deng REBOUND (Off:2 Def:3),12:18 PM
366,1,2,383,0020500097,Biedrins BLOCK (1 BLK),,0:47,3,5,0,4,2736,Luol Deng,CHI,Chicago,1610612741.0,Bulls,0,,,,,,2740,Andris Biedrins,GSW,Golden State,1610612744.0,Warriors,,,MISS Deng 5' Jump Shot,12:18 PM
367,0,4,384,0020500097,,,0:46,3,3,0,0,1610612741,,,,,,0,,,,,,0,,,,,,,,Bulls Rebound,12:18 PM
368,1,5,385,0020500097,Richardson STEAL (1 STL),,0:33,3,5,4,0,2457,Jannero Pargo,CHI,Chicago,1610612741.0,Bulls,2202,Jason Richardson,GSW,Golden State,1610612744.0,Warriors,0,,,,,,,,Pargo Bad Pass Turnover (P1.T17),12:19 PM
369,61,1,386,0020500097,Richardson 3' Driving Finger Roll (24 PTS),,0:29,3,4,0,0,2202,Jason Richardson,GSW,Golden State,1610612744.0,Warriors,0,,,,,,0,,,,,,54 - 75,21,,12:19 PM
370,1,6,387,0020500097,Richardson P.FOUL (P2.PN),,0:09,3,4,5,1,2202,Jason Richardson,GSW,Golden State,1610612744.0,Warriors,2732,Ben Gordon,CHI,Chicago,1610612741.0,Bulls,0,,,,,,,,,12:19 PM
371,11,3,388,0020500097,,,0:09,3,5,0,0,2732,Ben Gordon,CHI,Chicago,1610612741.0,Bulls,0,,,,,,0,,,,,,55 - 75,20,Gordon Free Throw 1 of 2 (5 PTS),12:19 PM
372,12,3,389,0020500097,,,0:09,3,5,0,0,2732,Ben Gordon,CHI,Chicago,1610612741.0,Bulls,0,,,,,,0,,,,,,56 - 75,19,Gordon Free Throw 2 of 2 (6 PTS),12:20 PM
373,2,5,390,0020500097,Biedrins Lost Ball Turnover (P1.T16),,0:01,3,4,5,0,2740,Andris Biedrins,GSW,Golden State,1610612744.0,Warriors,2457,Jannero Pargo,CHI,Chicago,1610612741.0,Bulls,0,,,,,,,,Pargo STEAL (2 STL),12:20 PM
374,0,13,391,0020500097,,,0:00,3,0,0,0,0,,,,,,0,,,,,,0,,,,,,56 - 75,19,,12:20 PM
375,0,12,393,0020500097,,,12:00,4,0,0,0,0,,,,,,0,,,,,,0,,,,,,56 - 75,19,,12:23 PM
376,1,2,394,0020500097,,,11:49,4,5,0,0,1501,Tim Thomas,CHI,Chicago,1610612741.0,Bulls,0,,,,,,0,,,,,,,,MISS Thomas 6' Jump Shot,12:23 PM
377,0,4,395,0020500097,Biedrins REBOUND (Off:1 Def:1),,11:45,4,4,0,0,2740,Andris Biedrins,GSW,Golden State,1610612744.0,Warriors,0,,,,,,0,,,,,,,,,12:23 PM
378,1,1,396,0020500097,Dunleavy  3PT Jump Shot (13 PTS) (Pietrus 1 AST),,11:34,4,4,4,0,2399,Mike Dunleavy,GSW,Golden State,1610612744.0,Warriors,2554,Mickael Pietrus,GSW,Golden State,1610612744.0,Warriors,0,,,,,,56 - 78,22,,12:23 PM
379,2,6,397,0020500097,Biedrins S.FOUL (P2.T1),,11:15,4,4,5,1,2740,Andris Biedrins,GSW,Golden State,1610612744.0,Warriors,2736,Luol Deng,CHI,Chicago,1610612741.0,Bulls,0,,,,,,,,,12:24 PM
380,11,3,398,0020500097,,,11:15,4,5,0,0,2736,Luol Deng,CHI,Chicago,1610612741.0,Bulls,0,,,,,,0,,,,,,57 - 78,21,Deng Free Throw 1 of 2 (9 PTS),12:24 PM
381,12,3,399,0020500097,,,11:15,4,5,0,0,2736,Luol Deng,CHI,Chicago,1610612741.0,Bulls,0,,,,,,0,,,,,,,,MISS Deng Free Throw 2 of 2,12:24 PM
382,0,4,400,0020500097,Richardson REBOUND (Off:0 Def:3),,11:12,4,4,0,0,2202,Jason Richardson,GSW,Golden State,1610612744.0,Warriors,0,,,,,,0,,,,,,,,,12:24 PM
383,1,2,401,0020500097,MISS Pietrus 4' Jump Shot,,10:58,4,4,0,0,2554,Mickael Pietrus,GSW,Golden State,1610612744.0,Warriors,0,,,,,,0,,,,,,,,,12:25 PM
384,0,4,402,0020500097,,,10:56,4,5,0,0,2457,Jannero Pargo,CHI,Chicago,1610612741.0,Bulls,0,,,,,,0,,,,,,,,Pargo REBOUND (Off:1 Def:2),12:25 PM
385,5,1,403,0020500097,,,10:48,4,5,5,0,2736,Luol Deng,CHI,Chicago,1610612741.0,Bulls,2457,Jannero Pargo,CHI,Chicago,1610612741.0,Bulls,0,,,,,,59 - 78,19,Deng 3' Layup (11 PTS) (Pargo 5 AST),12:25 PM
386,2,6,404,0020500097,,,10:32,4,5,4,1,2457,Jannero Pargo,CHI,Chicago,1610612741.0,Bulls,2554,Mickael Pietrus,GSW,Golden State,1610612744.0,Warriors,0,,,,,,,,Pargo S.FOUL (P1.T1),12:25 PM
387,11,3,405,0020500097,Pietrus Free Throw 1 of 2 (11 PTS),,10:32,4,4,0,0,2554,Mickael Pietrus,GSW,Golden State,1610612744.0,Warriors,0,,,,,,0,,,,,,59 - 79,20,,12:25 PM
388,12,3,406,0020500097,Pietrus Free Throw 2 of 2 (12 PTS),,10:32,4,4,0,0,2554,Mickael Pietrus,GSW,Golden State,1610612744.0,Warriors,0,,,,,,0,,,,,,59 - 80,21,,12:25 PM
389,1,1,407,0020500097,,,10:22,4,5,5,0,2457,Jannero Pargo,CHI,Chicago,1610612741.0,Bulls,2732,Ben Gordon,CHI,Chicago,1610612741.0,Bulls,0,,,,,,62 - 80,18,Pargo 25' 3PT Jump Shot (9 PTS) (Gordon 3 AST),12:26 PM
390,61,1,408,0020500097,Richardson 5' Driving Finger Roll (26 PTS) (Dunleavy 2 AST),,10:06,4,4,4,0,2202,Jason Richardson,GSW,Golden State,1610612744.0,Warriors,2399,Mike Dunleavy,GSW,Golden State,1610612744.0,Warriors,0,,,,,,62 - 82,20,,12:26 PM
391,47,1,409,0020500097,,,9:51,4,5,0,0,1501,Tim Thomas,CHI,Chicago,1610612741.0,Bulls,0,,,,,,0,,,,,,64 - 82,18,Thomas 14' Turnaround Jump Shot (5 PTS),12:26 PM
392,4,5,410,0020500097,Pietrus Traveling Turnover (P1.T17),,9:40,4,4,0,1,2554,Mickael Pietrus,GSW,Golden State,1610612744.0,Warriors,0,,,,,,0,,,,,,,,,12:27 PM
393,1,1,411,0020500097,,,9:32,4,5,0,0,2457,Jannero Pargo,CHI,Chicago,1610612741.0,Bulls,0,,,,,,0,,,,,,67 - 82,15,Pargo 26' 3PT Jump Shot (12 PTS),12:27 PM
394,1,1,412,0020500097,Dunleavy 21' Jump Shot (15 PTS),,9:06,4,4,0,0,2399,Mike Dunleavy,GSW,Golden State,1610612744.0,Warriors,0,,,,,,0,,,,,,67 - 84,17,,12:27 PM
395,1,2,413,0020500097,,,8:49,4,5,0,0,1501,Tim Thomas,CHI,Chicago,1610612741.0,Bulls,0,,,,,,0,,,,,,,,MISS Thomas 11' Jump Shot,12:28 PM
396,0,4,414,0020500097,Fisher REBOUND (Off:1 Def:5),,8:46,4,4,0,0,965,Derek Fisher,GSW,Golden State,1610612744.0,Warriors,0,,,,,,0,,,,,,,,,12:28 PM
397,2,6,415,0020500097,,,8:44,4,5,4,1,2732,Ben Gordon,CHI,Chicago,1610612741.0,Bulls,2202,Jason Richardson,GSW,Golden State,1610612744.0,Warriors,0,,,,,,,,Gordon S.FOUL (P2.T2),12:28 PM
398,4,9,416,0020500097,,,8:44,4,1,0,0,0,,,,,,0,,,,,,0,,,,,,,,,12:28 PM
399,0,8,418,0020500097,,,8:44,4,5,5,0,1501,Tim Thomas,CHI,Chicago,1610612741.0,Bulls,2199,Tyson Chandler,CHI,Chicago,1610612741.0,Bulls,0,,,,,,,,SUB: Chandler FOR Thomas,12:31 PM
400,0,8,419,0020500097,SUB: Davis FOR Dunleavy,,8:44,4,4,4,0,2399,Mike Dunleavy,GSW,Golden State,1610612744.0,Warriors,1884,Baron Davis,GSW,Golden State,1610612744.0,Warriors,0,,,,,,,,,12:31 PM
401,0,8,420,0020500097,,,8:44,4,5,5,0,2736,Luol Deng,CHI,Chicago,1610612741.0,Bulls,2550,Kirk Hinrich,CHI,Chicago,1610612741.0,Bulls,0,,,,,,,,SUB: Hinrich FOR Deng,12:31 PM
402,0,8,421,0020500097,,,8:44,4,5,5,0,2732,Ben Gordon,CHI,Chicago,1610612741.0,Bulls,2804,Andres Nocioni,CHI,Chicago,1610612741.0,Bulls,0,,,,,,,,SUB: Nocioni FOR Gordon,12:31 PM
403,11,3,422,0020500097,Richardson Free Throw 1 of 2 (27 PTS),,8:44,4,4,0,0,2202,Jason Richardson,GSW,Golden State,1610612744.0,Warriors,0,,,,,,0,,,,,,67 - 85,18,,12:31 PM
404,12,3,423,0020500097,Richardson Free Throw 2 of 2 (28 PTS),,8:44,4,4,0,0,2202,Jason Richardson,GSW,Golden State,1610612744.0,Warriors,0,,,,,,0,,,,,,67 - 86,19,,12:31 PM
405,1,6,424,0020500097,Biedrins P.FOUL (P3.T2),,8:34,4,4,5,1,2740,Andris Biedrins,GSW,Golden State,1610612744.0,Warriors,2552,Michael Sweetney,CHI,Chicago,1610612741.0,Bulls,0,,,,,,,,,12:31 PM
406,0,8,425,0020500097,SUB: Foyle FOR Biedrins,,8:34,4,4,4,0,2740,Andris Biedrins,GSW,Golden State,1610612744.0,Warriors,1502,Adonal Foyle,GSW,Golden State,1610612744.0,Warriors,0,,,,,,,,,12:31 PM
407,0,8,426,0020500097,SUB: Murphy FOR Pietrus,,8:34,4,4,4,0,2554,Mickael Pietrus,GSW,Golden State,1610612744.0,Warriors,2211,Troy Murphy,GSW,Golden State,1610612744.0,Warriors,0,,,,,,,,,12:31 PM
408,1,2,427,0020500097,,,8:24,4,5,0,0,2457,Jannero Pargo,CHI,Chicago,1610612741.0,Bulls,0,,,,,,0,,,,,,,,MISS Pargo 19' Jump Shot,12:32 PM
409,0,4,428,0020500097,Richardson REBOUND (Off:0 Def:4),,8:21,4,4,0,0,2202,Jason Richardson,GSW,Golden State,1610612744.0,Warriors,0,,,,,,0,,,,,,,,,12:32 PM
410,1,2,429,0020500097,MISS Davis 26' 3PT Jump Shot,,8:09,4,4,0,0,1884,Baron Davis,GSW,Golden State,1610612744.0,Warriors,0,,,,,,0,,,,,,,,,12:32 PM
411,0,4,430,0020500097,,,8:06,4,5,0,0,2457,Jannero Pargo,CHI,Chicago,1610612741.0,Bulls,0,,,,,,0,,,,,,,,Pargo REBOUND (Off:1 Def:3),12:32 PM
412,2,5,431,0020500097,Foyle STEAL (3 STL),,7:59,4,5,4,0,2552,Michael Sweetney,CHI,Chicago,1610612741.0,Bulls,1502,Adonal Foyle,GSW,Golden State,1610612744.0,Warriors,0,,,,,,,,Sweetney Lost Ball Turnover (P1.T18),12:32 PM
413,1,2,432,0020500097,MISS Richardson 25' 3PT Jump Shot,,7:52,4,4,0,0,2202,Jason Richardson,GSW,Golden State,1610612744.0,Warriors,0,,,,,,0,,,,,,,,,12:32 PM
414,0,4,433,0020500097,,,7:47,4,5,0,0,2552,Michael Sweetney,CHI,Chicago,1610612741.0,Bulls,0,,,,,,0,,,,,,,,Sweetney REBOUND (Off:3 Def:3),12:32 PM
415,1,2,434,0020500097,,,7:42,4,5,0,0,2804,Andres Nocioni,CHI,Chicago,1610612741.0,Bulls,0,,,,,,0,,,,,,,,MISS Nocioni 25' 3PT Jump Shot,12:32 PM
416,0,4,435,0020500097,Fisher REBOUND (Off:1 Def:6),,7:39,4,4,0,0,965,Derek Fisher,GSW,Golden State,1610612744.0,Warriors,0,,,,,,0,,,,,,,,,12:32 PM
417,2,5,436,0020500097,Murphy Lost Ball Turnover (P2.T18),,7:21,4,4,5,0,2211,Troy Murphy,GSW,Golden State,1610612744.0,Warriors,2199,Tyson Chandler,CHI,Chicago,1610612741.0,Bulls,0,,,,,,,,Chandler STEAL (1 STL),12:33 PM
418,42,1,437,0020500097,,,7:16,4,5,5,0,2804,Andres Nocioni,CHI,Chicago,1610612741.0,Bulls,2457,Jannero Pargo,CHI,Chicago,1610612741.0,Bulls,0,,,,,,69 - 86,17,Nocioni 2' Driving Layup (14 PTS) (Pargo 6 AST),12:33 PM
419,2,6,438,0020500097,Fisher S.FOUL (P3.T3),,7:16,4,4,5,1,965,Derek Fisher,GSW,Golden State,1610612744.0,Warriors,2804,Andres Nocioni,CHI,Chicago,1610612741.0,Bulls,0,,,,,,,,,12:33 PM
420,10,3,439,0020500097,,,7:16,4,5,0,0,2804,Andres Nocioni,CHI,Chicago,1610612741.0,Bulls,0,,,,,,0,,,,,,,,MISS Nocioni Free Throw 1 of 1,12:33 PM
421,0,4,440,0020500097,WARRIORS Rebound,,7:16,4,2,0,0,1610612744,,,,,,0,,,,,,0,,,,,,,,,12:33 PM
422,3,6,441,0020500097,,,7:16,4,5,4,1,2199,Tyson Chandler,CHI,Chicago,1610612741.0,Bulls,2211,Troy Murphy,GSW,Golden State,1610612744.0,Warriors,0,,,,,,,,Chandler L.B.FOUL (P4.T3),12:33 PM
423,1,2,443,0020500097,MISS Fisher 18' Jump Shot,,7:02,4,4,0,0,965,Derek Fisher,GSW,Golden State,1610612744.0,Warriors,0,,,,,,0,,,,,,,,,12:34 PM
424,0,4,444,0020500097,Murphy REBOUND (Off:2 Def:3),,7:01,4,4,0,0,2211,Troy Murphy,GSW,Golden State,1610612744.0,Warriors,0,,,,,,0,,,,,,,,,12:34 PM
425,4,6,445,0020500097,Foyle OFF.Foul (P4),,6:47,4,4,5,1,1502,Adonal Foyle,GSW,Golden State,1610612744.0,Warriors,2804,Andres Nocioni,CHI,Chicago,1610612741.0,Bulls,0,,,,,,,,,12:34 PM
426,5,5,446,0020500097,Foyle Foul Turnover (P3.T19),,6:47,4,4,0,1,1502,Adonal Foyle,GSW,Golden State,1610612744.0,Warriors,0,,,,,,0,,,,,,,,,12:34 PM
427,1,2,447,0020500097,,,6:38,4,5,0,0,2552,Michael Sweetney,CHI,Chicago,1610612741.0,Bulls,0,,,,,,0,,,,,,,,MISS Sweetney 21' Jump Shot,12:34 PM
428,0,4,449,0020500097,,,6:34,4,5,0,0,2199,Tyson Chandler,CHI,Chicago,1610612741.0,Bulls,0,,,,,,0,,,,,,,,Chandler REBOUND (Off:3 Def:5),12:34 PM
429,4,1,448,0020500097,,,6:34,4,5,0,0,2199,Tyson Chandler,CHI,Chicago,1610612741.0,Bulls,0,,,,,,0,,,,,,71 - 86,15,Chandler 1' Tip Shot (4 PTS),12:34 PM
430,1,1,450,0020500097,Davis 26' 3PT Jump Shot (7 PTS) (Fisher 5 AST),,6:20,4,4,4,0,1884,Baron Davis,GSW,Golden State,1610612744.0,Warriors,965,Derek Fisher,GSW,Golden State,1610612744.0,Warriors,0,,,,,,71 - 89,18,,12:35 PM
431,1,2,451,0020500097,,,6:05,4,5,0,0,2457,Jannero Pargo,CHI,Chicago,1610612741.0,Bulls,0,,,,,,0,,,,,,,,MISS Pargo 26' 3PT Jump Shot,12:35 PM
432,0,4,452,0020500097,Davis REBOUND (Off:0 Def:1),,6:03,4,4,0,0,1884,Baron Davis,GSW,Golden State,1610612744.0,Warriors,0,,,,,,0,,,,,,,,,12:35 PM
433,1,2,453,0020500097,MISS Fisher 25' 3PT Jump Shot,,5:55,4,4,0,0,965,Derek Fisher,GSW,Golden State,1610612744.0,Warriors,0,,,,,,0,,,,,,,,,12:35 PM
434,0,4,455,0020500097,Richardson REBOUND (Off:1 Def:4),,5:50,4,4,0,0,2202,Jason Richardson,GSW,Golden State,1610612744.0,Warriors,0,,,,,,0,,,,,,,,,12:35 PM
435,5,1,454,0020500097,Richardson 2' Layup (30 PTS),,5:50,4,4,0,0,2202,Jason Richardson,GSW,Golden State,1610612744.0,Warriors,0,,,,,,0,,,,,,71 - 91,20,,12:35 PM
436,1,9,456,0020500097,,,5:44,4,3,0,0,1610612741,,,,,,0,,,,,,0,,,,,,,,Bulls Timeout: Regular (Reg.4 Short 0),12:35 PM
437,0,8,458,0020500097,,,5:44,4,5,5,0,2550,Kirk Hinrich,CHI,Chicago,1610612741.0,Bulls,2732,Ben Gordon,CHI,Chicago,1610612741.0,Bulls,0,,,,,,,,SUB: Gordon FOR Hinrich,12:38 PM
438,0,8,459,0020500097,,,5:44,4,5,5,0,2552,Michael Sweetney,CHI,Chicago,1610612741.0,Bulls,2124,Malik Allen,CHI,Chicago,1610612741.0,Bulls,0,,,,,,,,SUB: Allen FOR Sweetney,12:38 PM
439,1,2,460,0020500097,,,5:34,4,5,0,0,2732,Ben Gordon,CHI,Chicago,1610612741.0,Bulls,0,,,,,,0,,,,,,,,MISS Gordon 26' 3PT Jump Shot,12:38 PM
440,0,4,461,0020500097,WARRIORS Rebound,,5:30,4,2,0,0,1610612744,,,,,,0,,,,,,0,,,,,,,,,12:38 PM
441,2,5,462,0020500097,Fisher Lost Ball Turnover (P1.T20),,5:05,4,4,5,0,965,Derek Fisher,GSW,Golden State,1610612744.0,Warriors,2457,Jannero Pargo,CHI,Chicago,1610612741.0,Bulls,0,,,,,,,,Pargo STEAL (3 STL),12:38 PM
442,1,2,463,0020500097,,,5:00,4,5,0,0,2732,Ben Gordon,CHI,Chicago,1610612741.0,Bulls,0,,,,,,0,,,,,,,,MISS Gordon 17' Jump Shot,12:38 PM
443,0,4,464,0020500097,,,4:55,4,5,0,0,2732,Ben Gordon,CHI,Chicago,1610612741.0,Bulls,0,,,,,,0,,,,,,,,Gordon REBOUND (Off:2 Def:2),12:39 PM
444,1,2,465,0020500097,,,4:52,4,5,0,0,2457,Jannero Pargo,CHI,Chicago,1610612741.0,Bulls,0,,,,,,0,,,,,,,,MISS Pargo 26' 3PT Jump Shot,12:39 PM
445,0,4,466,0020500097,Murphy REBOUND (Off:2 Def:4),,4:48,4,4,0,0,2211,Troy Murphy,GSW,Golden State,1610612744.0,Warriors,0,,,,,,0,,,,,,,,,12:39 PM
446,1,1,467,0020500097,Davis 27' 3PT Jump Shot (10 PTS) (Murphy 2 AST),,4:39,4,4,4,0,1884,Baron Davis,GSW,Golden State,1610612744.0,Warriors,2211,Troy Murphy,GSW,Golden State,1610612744.0,Warriors,0,,,,,,71 - 94,23,,12:39 PM
447,1,1,468,0020500097,,,4:19,4,5,5,0,2124,Malik Allen,CHI,Chicago,1610612741.0,Bulls,2804,Andres Nocioni,CHI,Chicago,1610612741.0,Bulls,0,,,,,,73 - 94,21,Allen 16' Jump Shot (2 PTS) (Nocioni 3 AST),12:39 PM
448,47,2,469,0020500097,MISS Richardson 20' Turnaround Jump Shot,,4:05,4,4,0,0,2202,Jason Richardson,GSW,Golden State,1610612744.0,Warriors,0,,,,,,0,,,,,,,,,12:39 PM
449,0,4,470,0020500097,,,4:02,4,5,0,0,2199,Tyson Chandler,CHI,Chicago,1610612741.0,Bulls,0,,,,,,0,,,,,,,,Chandler REBOUND (Off:3 Def:6),12:39 PM
450,1,6,471,0020500097,Richardson P.FOUL (P3.T4),,3:52,4,4,5,1,2202,Jason Richardson,GSW,Golden State,1610612744.0,Warriors,2804,Andres Nocioni,CHI,Chicago,1610612741.0,Bulls,0,,,,,,,,,12:40 PM
451,17,6,472,0020500097,WARRIORS T.Foul (Def. 3 Sec Foyle ),,3:47,4,4,0,1,1502,Adonal Foyle,GSW,Golden State,1610612744.0,Warriors,0,,,,,,0,,,,,,,,,12:40 PM
452,16,3,473,0020500097,,,3:47,4,5,0,0,2732,Ben Gordon,CHI,Chicago,1610612741.0,Bulls,0,,,,,,0,,,,,,,,MISS Gordon Free Throw Technical,12:40 PM
453,1,4,474,0020500097,,,3:47,4,3,0,0,1610612741,,,,,,0,,,,,,0,,,,,,,,Bulls Rebound,12:40 PM
454,0,8,475,0020500097,,,3:47,4,5,5,0,2199,Tyson Chandler,CHI,Chicago,1610612741.0,Bulls,2443,Darius Songaila,CHI,Chicago,1610612741.0,Bulls,0,,,,,,,,SUB: Songaila FOR Chandler,12:40 PM
455,1,2,476,0020500097,,,3:34,4,5,0,0,2124,Malik Allen,CHI,Chicago,1610612741.0,Bulls,0,,,,,,0,,,,,,,,MISS Allen 14' Jump Shot,12:41 PM
456,0,4,477,0020500097,,,3:31,4,5,0,0,2804,Andres Nocioni,CHI,Chicago,1610612741.0,Bulls,0,,,,,,0,,,,,,,,Nocioni REBOUND (Off:2 Def:1),12:41 PM
457,14,6,479,0020500097,Murphy FLAGRANT.FOUL.TYPE1 (P3.PN),,3:31,4,4,0,1,2211,Troy Murphy,GSW,Golden State,1610612744.0,Warriors,0,,,,,,0,,,,,,,,,12:42 PM
458,18,3,480,0020500097,,,3:31,4,5,0,0,2804,Andres Nocioni,CHI,Chicago,1610612741.0,Bulls,0,,,,,,0,,,,,,74 - 94,20,Nocioni Free Throw Flagrant 1 of 2 (15 PTS),12:42 PM
459,19,3,481,0020500097,,,3:31,4,5,0,0,2804,Andres Nocioni,CHI,Chicago,1610612741.0,Bulls,0,,,,,,0,,,,,,,,MISS Nocioni Free Throw Flagrant 2 of 2,12:42 PM
460,1,4,482,0020500097,,,3:31,4,3,0,0,1610612741,,,,,,0,,,,,,0,,,,,,,,Bulls Rebound,12:42 PM
461,1,1,483,0020500097,,,3:22,4,5,0,0,2124,Malik Allen,CHI,Chicago,1610612741.0,Bulls,0,,,,,,0,,,,,,76 - 94,18,Allen 19' Jump Shot (4 PTS),12:42 PM
462,1,2,484,0020500097,MISS Davis 27' 3PT Jump Shot,,2:59,4,4,0,0,1884,Baron Davis,GSW,Golden State,1610612744.0,Warriors,0,,,,,,0,,,,,,,,,12:43 PM
463,0,4,485,0020500097,,,2:55,4,5,0,0,2443,Darius Songaila,CHI,Chicago,1610612741.0,Bulls,0,,,,,,0,,,,,,,,Songaila REBOUND (Off:0 Def:1),12:43 PM
464,1,2,486,0020500097,,,2:46,4,5,0,0,2804,Andres Nocioni,CHI,Chicago,1610612741.0,Bulls,0,,,,,,0,,,,,,,,MISS Nocioni 26' 3PT Jump Shot,12:43 PM
465,0,4,488,0020500097,,,2:43,4,5,0,0,2124,Malik Allen,CHI,Chicago,1610612741.0,Bulls,0,,,,,,0,,,,,,,,Allen REBOUND (Off:1 Def:1),12:43 PM
466,4,1,487,0020500097,,,2:43,4,5,0,0,2124,Malik Allen,CHI,Chicago,1610612741.0,Bulls,0,,,,,,0,,,,,,78 - 94,16,Allen  Tip Shot (6 PTS),12:43 PM
467,52,1,489,0020500097,Richardson 1' Alley Oop Dunk (32 PTS) (Davis 6 AST),,2:24,4,4,4,0,2202,Jason Richardson,GSW,Golden State,1610612744.0,Warriors,1884,Baron Davis,GSW,Golden State,1610612744.0,Warriors,0,,,,,,78 - 96,18,,12:43 PM
468,46,2,490,0020500097,,,2:10,4,5,0,0,2732,Ben Gordon,CHI,Chicago,1610612741.0,Bulls,0,,,,,,0,,,,,,,,MISS Gordon 12' Running Jump Shot,12:44 PM
469,0,4,491,0020500097,Richardson REBOUND (Off:1 Def:5),,2:08,4,4,0,0,2202,Jason Richardson,GSW,Golden State,1610612744.0,Warriors,0,,,,,,0,,,,,,,,,12:44 PM
470,1,2,492,0020500097,MISS Davis 19' Jump Shot,,1:57,4,4,0,0,1884,Baron Davis,GSW,Golden State,1610612744.0,Warriors,0,,,,,,0,,,,,,,,,12:44 PM
471,0,4,493,0020500097,,,1:53,4,5,0,0,2804,Andres Nocioni,CHI,Chicago,1610612741.0,Bulls,0,,,,,,0,,,,,,,,Nocioni REBOUND (Off:2 Def:2),12:44 PM
472,1,2,494,0020500097,,,1:48,4,5,0,0,2443,Darius Songaila,CHI,Chicago,1610612741.0,Bulls,0,,,,,,0,,,,,,,,MISS Songaila 27' 3PT Jump Shot,12:44 PM
473,0,4,495,0020500097,Murphy REBOUND (Off:2 Def:5),,1:45,4,4,0,0,2211,Troy Murphy,GSW,Golden State,1610612744.0,Warriors,0,,,,,,0,,,,,,,,,12:44 PM
474,1,9,496,0020500097,WARRIORS Timeout: Regular (Full 4 Short 0),,1:43,4,2,0,0,1610612744,,,,,,0,,,,,,0,,,,,,,,,12:44 PM
475,0,8,498,0020500097,SUB: Cabarkapa FOR Murphy,,1:43,4,4,4,0,2211,Troy Murphy,GSW,Golden State,1610612744.0,Warriors,2560,Zarko Cabarkapa,GSW,Golden State,1610612744.0,Warriors,0,,,,,,,,,12:46 PM
476,0,8,499,0020500097,SUB: Miles FOR Foyle,,1:43,4,4,4,0,1502,Adonal Foyle,GSW,Golden State,1610612744.0,Warriors,101223,Aaron Miles,GSW,Golden State,1610612744.0,Warriors,0,,,,,,,,,12:46 PM
477,0,8,500,0020500097,SUB: Biedrins FOR Richardson,,1:43,4,4,4,0,2202,Jason Richardson,GSW,Golden State,1610612744.0,Warriors,2740,Andris Biedrins,GSW,Golden State,1610612744.0,Warriors,0,,,,,,,,,12:46 PM
478,0,8,501,0020500097,SUB: Pietrus FOR Davis,,1:43,4,4,4,0,1884,Baron Davis,GSW,Golden State,1610612744.0,Warriors,2554,Mickael Pietrus,GSW,Golden State,1610612744.0,Warriors,0,,,,,,,,,12:46 PM
479,1,2,502,0020500097,MISS Pietrus 25' 3PT Jump Shot,,1:27,4,4,0,0,2554,Mickael Pietrus,GSW,Golden State,1610612744.0,Warriors,0,,,,,,0,,,,,,,,,12:46 PM
480,0,4,503,0020500097,WARRIORS Rebound,,1:24,4,2,0,0,1610612744,,,,,,0,,,,,,0,,,,,,,,,12:46 PM
481,0,8,504,0020500097,SUB: Taft FOR Fisher,,1:23,4,4,4,0,965,Derek Fisher,GSW,Golden State,1610612744.0,Warriors,101147,Chris Taft,GSW,Golden State,1610612744.0,Warriors,0,,,,,,,,,12:47 PM
482,1,2,505,0020500097,MISS Pietrus 20' Jump Shot,,1:13,4,4,0,0,2554,Mickael Pietrus,GSW,Golden State,1610612744.0,Warriors,0,,,,,,0,,,,,,,,,12:47 PM
483,0,4,506,0020500097,,,1:12,4,3,0,0,1610612741,,,,,,0,,,,,,0,,,,,,,,Bulls Rebound,12:47 PM
484,3,6,507,0020500097,Cabarkapa L.B.FOUL (P1.PN),,1:12,4,4,5,1,2560,Zarko Cabarkapa,GSW,Golden State,1610612744.0,Warriors,2804,Andres Nocioni,CHI,Chicago,1610612741.0,Bulls,0,,,,,,,,,12:47 PM
485,11,3,508,0020500097,,,1:12,4,5,0,0,2804,Andres Nocioni,CHI,Chicago,1610612741.0,Bulls,0,,,,,,0,,,,,,79 - 96,17,Nocioni Free Throw 1 of 2 (16 PTS),12:48 PM
486,12,3,509,0020500097,,,1:12,4,5,0,0,2804,Andres Nocioni,CHI,Chicago,1610612741.0,Bulls,0,,,,,,0,,,,,,80 - 96,16,Nocioni Free Throw 2 of 2 (17 PTS),12:48 PM
487,1,2,510,0020500097,MISS Miles 19' Jump Shot,,0:53,4,4,0,0,101223,Aaron Miles,GSW,Golden State,1610612744.0,Warriors,0,,,,,,0,,,,,,,,,12:48 PM
488,0,4,511,0020500097,Pietrus REBOUND (Off:1 Def:2),,0:50,4,4,0,0,2554,Mickael Pietrus,GSW,Golden State,1610612744.0,Warriors,0,,,,,,0,,,,,,,,,12:48 PM
489,0,10,512,0020500097,Jump Ball Pietrus vs. Nocioni: Tip to Miles,,0:50,4,4,5,4,2554,Mickael Pietrus,GSW,Golden State,1610612744.0,Warriors,2804,Andres Nocioni,CHI,Chicago,1610612741.0,Bulls,101223,Aaron Miles,GSW,Golden State,1610612744.0,Warriors,,,,12:48 PM
490,47,1,513,0020500097,Taft 15' Turnaround Jump Shot (4 PTS),,0:42,4,4,0,0,101147,Chris Taft,GSW,Golden State,1610612744.0,Warriors,0,,,,,,0,,,,,,80 - 98,18,,12:49 PM
491,58,2,514,0020500097,,,0:33,4,5,0,0,2443,Darius Songaila,CHI,Chicago,1610612741.0,Bulls,0,,,,,,0,,,,,,,,MISS Songaila 8' Turnaround Hook Shot,12:49 PM
492,0,4,515,0020500097,,,0:33,4,3,0,0,1610612741,,,,,,0,,,,,,0,,,,,,,,Bulls Rebound,12:49 PM
493,44,1,516,0020500097,,,0:31,4,5,5,0,2443,Darius Songaila,CHI,Chicago,1610612741.0,Bulls,2732,Ben Gordon,CHI,Chicago,1610612741.0,Bulls,0,,,,,,82 - 98,16,Songaila 1' Reverse Layup (2 PTS) (Gordon 4 AST),12:49 PM
494,2,6,517,0020500097,,,0:24,4,5,4,1,2124,Malik Allen,CHI,Chicago,1610612741.0,Bulls,2560,Zarko Cabarkapa,GSW,Golden State,1610612744.0,Warriors,0,,,,,,,,Allen S.FOUL (P3.T4),12:50 PM
495,11,3,518,0020500097,Cabarkapa Free Throw 1 of 2 (1 PTS),,0:24,4,4,0,0,2560,Zarko Cabarkapa,GSW,Golden State,1610612744.0,Warriors,0,,,,,,0,,,,,,82 - 99,17,,12:50 PM
496,12,3,519,0020500097,Cabarkapa Free Throw 2 of 2 (2 PTS),,0:24,4,4,0,0,2560,Zarko Cabarkapa,GSW,Golden State,1610612744.0,Warriors,0,,,,,,0,,,,,,82 - 100,18,,12:50 PM
497,1,2,520,0020500097,,,0:10,4,5,0,0,2732,Ben Gordon,CHI,Chicago,1610612741.0,Bulls,0,,,,,,0,,,,,,,,MISS Gordon 26' 3PT Jump Shot,12:50 PM
498,0,4,521,0020500097,Miles REBOUND (Off:0 Def:1),,0:07,4,4,0,0,101223,Aaron Miles,GSW,Golden State,1610612744.0,Warriors,0,,,,,,0,,,,,,,,,12:50 PM
499,0,13,522,0020500097,,,0:00,4,0,0,0,0,,,,,,0,,,,,,0,,,,,,82 - 100,18,,12:51 PM
