,EVENTMSGACTIONTYPE,EVENTMSGTYPE,EVENTNUM,GAME_ID,HOMEDESCRIPTION,NEUTRALDESCRIPTION,PCTIMESTRING,PERIOD,PERSON1TYPE,PERSON2TYPE,PERSON3TYPE,PLAYER1_ID,PLAYER1_NAME,PLAYER1_TEAM_ABBREVIATION,PLAYER1_TEAM_CITY,PLAYER1_TEAM_ID,PLAYER1_TEAM_NICKNAME,PLAYER2_ID,PLAYER2_NAME,PLAYER2_TEAM_ABBREVIATION,PLAYER2_TEAM_CITY,PLAYER2_TEAM_ID,PLAYER2_TEAM_NICKNAME,PLAYER3_ID,PLAYER3_NAME,PLAYER3_TEAM_ABBREVIATION,PLAYER3_TEAM_CITY,PLAYER3_TEAM_ID,PLAYER3_TEAM_NICKNAME,SCORE,SCOREMARGIN,VISITORDESCRIPTION,WCTIMESTRING
0,0,12,0,0020000576,,,12:00,1,0,0,0,0,,,,,,0,,,,,,0,,,,,,,,,12:10 PM
1,0,10,1,0020000576,Jump Ball Robinson vs. DeClercq: Tip to Duncan,,12:00,1,4,5,4,764,David Robinson,SAS,San Antonio,1610612759.0,Spurs,692,Andrew DeClercq,ORL,Orlando,1610612753.0,Magic,1495,Tim Duncan,SAS,San Antonio,1610612759.0,Spurs,,,,12:11 PM
2,1,1,2,0020000576,Newble  3PT Jump Shot (3 PTS) (Daniels 1 AST),,11:39,1,4,4,0,1956,Ira Newble,SAS,San Antonio,1610612759.0,Spurs,1498,Antonio Daniels,SAS,San Antonio,1610612759.0,Spurs,0,,,,,,0 - 3,3,,12:12 PM
3,1,2,3,0020000576,,,11:29,1,5,0,0,2034,Mike Miller,ORL,Orlando,1610612753.0,Magic,0,,,,,,0,,,,,,,,MISS Miller 14' Jump Shot,12:12 PM
4,0,4,4,0020000576,Anderson REBOUND (Off:0 Def:1),,11:27,1,4,0,0,1507,Derek Anderson,SAS,San Antonio,1610612759.0,Spurs,0,,,,,,0,,,,,,,,,12:12 PM
5,2,6,5,0020000576,,,11:20,1,5,0,1,448,Bo Outlaw,ORL,Orlando,1610612753.0,Magic,0,,,,,,0,,,,,,,,Outlaw S.FOUL (P1.T1),12:12 PM
6,11,3,6,0020000576,Robinson Free Throw 1 of 2 (1 PTS),,11:20,1,4,0,0,764,David Robinson,SAS,San Antonio,1610612759.0,Spurs,0,,,,,,0,,,,,,0 - 4,4,,12:12 PM
7,12,3,7,0020000576,Robinson Free Throw 2 of 2 (2 PTS),,11:20,1,4,0,0,764,David Robinson,SAS,San Antonio,1610612759.0,Spurs,0,,,,,,0,,,,,,0 - 5,5,,12:13 PM
8,1,2,8,0020000576,,,11:08,1,5,0,0,1503,Tracy McGrady,ORL,Orlando,1610612753.0,Magic,0,,,,,,0,,,,,,,,MISS McGrady 19' Jump Shot,12:13 PM
9,0,4,9,0020000576,Anderson REBOUND (Off:0 Def:2),,11:06,1,4,0,0,1507,Derek Anderson,SAS,San Antonio,1610612759.0,Spurs,0,,,,,,0,,,,,,,,,12:13 PM
10,1,5,10,0020000576,Duncan Bad Pass Turnover (P1.T1),,10:50,1,4,5,0,1495,Tim Duncan,SAS,San Antonio,1610612759.0,Spurs,353,Darrell Armstrong,ORL,Orlando,1610612753.0,Magic,0,,,,,,,,Armstrong STEAL (1 STL),12:13 PM
11,1,1,11,0020000576,,,10:44,1,5,5,0,2034,Mike Miller,ORL,Orlando,1610612753.0,Magic,353,Darrell Armstrong,ORL,Orlando,1610612753.0,Magic,0,,,,,,2 - 5,3,Miller 17' Jump Shot (2 PTS) (Armstrong 1 AST),12:13 PM
12,7,2,12,0020000576,MISS Anderson  Dunk,,10:17,1,4,0,0,1507,Derek Anderson,SAS,San Antonio,1610612759.0,Spurs,0,,,,,,0,,,,,,,,,12:14 PM
13,0,4,13,0020000576,,,10:15,1,5,0,0,448,Bo Outlaw,ORL,Orlando,1610612753.0,Magic,0,,,,,,0,,,,,,,,Outlaw REBOUND (Off:0 Def:1),12:14 PM
14,1,1,14,0020000576,,,10:08,1,5,5,0,353,Darrell Armstrong,ORL,Orlando,1610612753.0,Magic,1503,Tracy McGrady,ORL,Orlando,1610612753.0,Magic,0,,,,,,5 - 5,TIE,Armstrong 24' 3PT Jump Shot (3 PTS) (McGrady 1 AST),12:14 PM
15,1,6,15,0020000576,,,9:59,1,5,0,1,692,Andrew DeClercq,ORL,Orlando,1610612753.0,Magic,0,,,,,,0,,,,,,,,DeClercq P.FOUL (P1.T2),12:14 PM
16,1,2,16,0020000576,MISS Robinson 8' Jump Shot,,9:50,1,4,0,0,764,David Robinson,SAS,San Antonio,1610612759.0,Spurs,0,,,,,,0,,,,,,,,,12:15 PM
17,0,4,18,0020000576,Robinson REBOUND (Off:1 Def:0),,9:48,1,4,0,0,764,David Robinson,SAS,San Antonio,1610612759.0,Spurs,0,,,,,,0,,,,,,,,,12:15 PM
18,1,2,17,0020000576,MISS Robinson 6' Jump Shot,,9:48,1,4,0,0,764,David Robinson,SAS,San Antonio,1610612759.0,Spurs,0,,,,,,0,,,,,,,,,12:15 PM
19,0,4,19,0020000576,Robinson REBOUND (Off:2 Def:0),,9:48,1,4,0,0,764,David Robinson,SAS,San Antonio,1610612759.0,Spurs,0,,,,,,0,,,,,,,,,12:15 PM
20,4,5,20,0020000576,Robinson Traveling Turnover (P1.T2),,9:48,1,4,0,1,764,David Robinson,SAS,San Antonio,1610612759.0,Spurs,0,,,,,,0,,,,,,,,,12:15 PM
21,1,1,21,0020000576,,,9:40,1,5,5,0,2034,Mike Miller,ORL,Orlando,1610612753.0,Magic,353,Darrell Armstrong,ORL,Orlando,1610612753.0,Magic,0,,,,,,7 - 5,-2,Miller 20' Jump Shot (4 PTS) (Armstrong 2 AST),12:15 PM
22,3,5,22,0020000576,Duncan Out Of Bounds Turnover (P2.T3),,9:29,1,4,0,1,1495,Tim Duncan,SAS,San Antonio,1610612759.0,Spurs,0,,,,,,0,,,,,,,,,12:15 PM
23,1,2,23,0020000576,,,9:21,1,5,0,0,1503,Tracy McGrady,ORL,Orlando,1610612753.0,Magic,0,,,,,,0,,,,,,,,MISS McGrady 10' Jump Shot,12:16 PM
24,0,4,24,0020000576,,,9:19,1,3,0,0,1610612753,,,,,,0,,,,,,0,,,,,,,,Magic Rebound,12:16 PM
25,3,6,25,0020000576,Anderson L.B.FOUL (P1.T1),,9:17,1,4,0,1,1507,Derek Anderson,SAS,San Antonio,1610612759.0,Spurs,0,,,,,,0,,,,,,,,,12:16 PM
26,2,6,26,0020000576,Daniels S.FOUL (P1.T2),,9:10,1,4,0,1,1498,Antonio Daniels,SAS,San Antonio,1610612759.0,Spurs,0,,,,,,0,,,,,,,,,12:16 PM
27,11,3,27,0020000576,,,9:10,1,5,0,0,1503,Tracy McGrady,ORL,Orlando,1610612753.0,Magic,0,,,,,,0,,,,,,8 - 5,-3,McGrady Free Throw 1 of 2 (1 PTS),12:16 PM
28,12,3,28,0020000576,,,9:10,1,5,0,0,1503,Tracy McGrady,ORL,Orlando,1610612753.0,Magic,0,,,,,,0,,,,,,9 - 5,-4,McGrady Free Throw 2 of 2 (2 PTS),12:17 PM
29,5,2,29,0020000576,MISS Newble 2' Layup,,8:49,1,4,0,5,1956,Ira Newble,SAS,San Antonio,1610612759.0,Spurs,0,,,,,,448,Bo Outlaw,ORL,Orlando,1610612753.0,Magic,,,Outlaw BLOCK (1 BLK),12:17 PM
30,0,4,30,0020000576,,,8:47,1,5,0,0,2034,Mike Miller,ORL,Orlando,1610612753.0,Magic,0,,,,,,0,,,,,,,,Miller REBOUND (Off:0 Def:1),12:17 PM
31,1,1,31,0020000576,,,8:42,1,5,5,0,1503,Tracy McGrady,ORL,Orlando,1610612753.0,Magic,353,Darrell Armstrong,ORL,Orlando,1610612753.0,Magic,0,,,,,,11 - 5,-6,McGrady 19' Jump Shot (4 PTS) (Armstrong 3 AST),12:17 PM
32,1,9,32,0020000576,SPURS Timeout: Regular (Full 1 Short 0),,8:33,1,2,0,0,1610612759,,,,,,0,,,,,,0,,,,,,,,,12:18 PM
33,1,6,34,0020000576,,,8:27,1,5,0,1,692,Andrew DeClercq,ORL,Orlando,1610612753.0,Magic,0,,,,,,0,,,,,,,,DeClercq P.FOUL (P2.T3),12:20 PM
34,1,2,35,0020000576,MISS Duncan 16' Jump Shot,,8:16,1,4,0,0,1495,Tim Duncan,SAS,San Antonio,1610612759.0,Spurs,0,,,,,,0,,,,,,,,,12:20 PM
35,0,4,36,0020000576,Newble REBOUND (Off:1 Def:0),,8:16,1,4,0,0,1956,Ira Newble,SAS,San Antonio,1610612759.0,Spurs,0,,,,,,0,,,,,,,,,12:20 PM
36,2,6,37,0020000576,,,8:16,1,5,0,1,448,Bo Outlaw,ORL,Orlando,1610612753.0,Magic,0,,,,,,0,,,,,,,,Outlaw S.FOUL (P2.T4),12:20 PM
37,11,3,38,0020000576,MISS Newble Free Throw 1 of 2,,8:16,1,4,0,0,1956,Ira Newble,SAS,San Antonio,1610612759.0,Spurs,0,,,,,,0,,,,,,,,,12:21 PM
38,1,4,39,0020000576,SPURS Rebound,,8:16,1,2,0,0,1610612759,,,,,,0,,,,,,0,,,,,,,,,12:21 PM
39,12,3,40,0020000576,MISS Newble Free Throw 2 of 2,,8:16,1,4,0,0,1956,Ira Newble,SAS,San Antonio,1610612759.0,Spurs,0,,,,,,0,,,,,,,,,12:21 PM
40,0,4,41,0020000576,Duncan REBOUND (Off:1 Def:0),,8:15,1,4,0,0,1495,Tim Duncan,SAS,San Antonio,1610612759.0,Spurs,0,,,,,,0,,,,,,,,,12:21 PM
41,5,2,42,0020000576,MISS Newble  Layup,,8:13,1,4,0,5,1956,Ira Newble,SAS,San Antonio,1610612759.0,Spurs,0,,,,,,1503,Tracy McGrady,ORL,Orlando,1610612753.0,Magic,,,McGrady BLOCK (1 BLK),12:21 PM
42,0,4,44,0020000576,Duncan REBOUND (Off:2 Def:0),,8:10,1,4,0,0,1495,Tim Duncan,SAS,San Antonio,1610612759.0,Spurs,0,,,,,,0,,,,,,,,,12:21 PM
43,5,1,43,0020000576,Duncan 1' Layup (2 PTS),,8:10,1,4,0,0,1495,Tim Duncan,SAS,San Antonio,1610612759.0,Spurs,0,,,,,,0,,,,,,11 - 7,-4,,12:21 PM
44,1,6,45,0020000576,Newble P.FOUL (P1.T3),,7:56,1,4,0,1,1956,Ira Newble,SAS,San Antonio,1610612759.0,Spurs,0,,,,,,0,,,,,,,,,12:21 PM
45,0,8,46,0020000576,,,7:56,1,5,5,0,448,Bo Outlaw,ORL,Orlando,1610612753.0,Magic,690,Don Reid,ORL,Orlando,1610612753.0,Magic,0,,,,,,,,SUB: Reid FOR Outlaw,12:21 PM
46,1,2,47,0020000576,,,7:48,1,5,0,0,1503,Tracy McGrady,ORL,Orlando,1610612753.0,Magic,0,,,,,,0,,,,,,,,MISS McGrady 17' Jump Shot,12:22 PM
47,0,4,49,0020000576,,,7:47,1,5,0,0,2034,Mike Miller,ORL,Orlando,1610612753.0,Magic,0,,,,,,0,,,,,,,,Miller REBOUND (Off:1 Def:1),12:22 PM
48,5,2,48,0020000576,,,7:47,1,5,0,0,2034,Mike Miller,ORL,Orlando,1610612753.0,Magic,0,,,,,,0,,,,,,,,MISS Miller  Layup,12:22 PM
49,0,4,50,0020000576,,,7:44,1,3,0,0,1610612753,,,,,,0,,,,,,0,,,,,,,,Magic Rebound,12:22 PM
50,4,6,51,0020000576,,,7:39,1,5,0,1,690,Don Reid,ORL,Orlando,1610612753.0,Magic,0,,,,,,0,,,,,,,,Reid OFF.Foul (P1),12:22 PM
51,5,5,52,0020000576,,,7:39,1,5,0,0,690,Don Reid,ORL,Orlando,1610612753.0,Magic,0,,,,,,0,,,,,,,,Reid Foul Turnover (P1.T1),12:22 PM
52,1,2,53,0020000576,MISS Newble 15' Jump Shot,,7:24,1,4,0,0,1956,Ira Newble,SAS,San Antonio,1610612759.0,Spurs,0,,,,,,0,,,,,,,,,12:23 PM
53,0,4,54,0020000576,,,7:22,1,5,0,0,690,Don Reid,ORL,Orlando,1610612753.0,Magic,0,,,,,,0,,,,,,,,Reid REBOUND (Off:0 Def:1),12:23 PM
54,1,1,55,0020000576,,,7:14,1,5,5,0,2034,Mike Miller,ORL,Orlando,1610612753.0,Magic,353,Darrell Armstrong,ORL,Orlando,1610612753.0,Magic,0,,,,,,14 - 7,-7,Miller 24' 3PT Jump Shot (7 PTS) (Armstrong 4 AST),12:23 PM
55,1,1,56,0020000576,Duncan 9' Jump Shot (4 PTS) (Anderson 1 AST),,7:01,1,4,4,0,1495,Tim Duncan,SAS,San Antonio,1610612759.0,Spurs,1507,Derek Anderson,SAS,San Antonio,1610612759.0,Spurs,0,,,,,,14 - 9,-5,,12:23 PM
56,1,2,57,0020000576,,,6:45,1,5,0,0,690,Don Reid,ORL,Orlando,1610612753.0,Magic,0,,,,,,0,,,,,,,,MISS Reid 7' Jump Shot,12:24 PM
57,0,4,58,0020000576,Duncan REBOUND (Off:2 Def:1),,6:43,1,4,0,0,1495,Tim Duncan,SAS,San Antonio,1610612759.0,Spurs,0,,,,,,0,,,,,,,,,12:24 PM
58,1,6,59,0020000576,,,6:36,1,5,0,1,692,Andrew DeClercq,ORL,Orlando,1610612753.0,Magic,0,,,,,,0,,,,,,,,DeClercq P.FOUL (P3.PN),12:24 PM
59,0,8,60,0020000576,SUB: Ferry FOR Newble,,6:36,1,4,4,0,1956,Ira Newble,SAS,San Antonio,1610612759.0,Spurs,198,Danny Ferry,SAS,San Antonio,1610612759.0,Spurs,0,,,,,,,,,12:24 PM
60,0,8,61,0020000576,,,6:36,1,5,5,0,692,Andrew DeClercq,ORL,Orlando,1610612753.0,Magic,1720,Michael Doleac,ORL,Orlando,1610612753.0,Magic,0,,,,,,,,SUB: Doleac FOR DeClercq,12:24 PM
61,11,3,62,0020000576,Robinson Free Throw 1 of 2 (3 PTS),,6:36,1,4,0,0,764,David Robinson,SAS,San Antonio,1610612759.0,Spurs,0,,,,,,0,,,,,,14 - 10,-4,,12:24 PM
62,12,3,63,0020000576,Robinson Free Throw 2 of 2 (4 PTS),,6:36,1,4,0,0,764,David Robinson,SAS,San Antonio,1610612759.0,Spurs,0,,,,,,0,,,,,,14 - 11,-3,,12:24 PM
63,1,2,64,0020000576,,,6:28,1,5,0,0,2034,Mike Miller,ORL,Orlando,1610612753.0,Magic,0,,,,,,0,,,,,,,,MISS Miller 24' 3PT Jump Shot,12:25 PM
64,0,4,65,0020000576,Anderson REBOUND (Off:0 Def:3),,6:25,1,4,0,0,1507,Derek Anderson,SAS,San Antonio,1610612759.0,Spurs,0,,,,,,0,,,,,,,,,12:25 PM
65,3,5,67,0020000576,Ferry Out Of Bounds Turnover (P1.T4),,6:14,1,4,0,1,198,Danny Ferry,SAS,San Antonio,1610612759.0,Spurs,0,,,,,,0,,,,,,,,,12:25 PM
66,1,1,68,0020000576,,,6:07,1,5,5,0,1720,Michael Doleac,ORL,Orlando,1610612753.0,Magic,353,Darrell Armstrong,ORL,Orlando,1610612753.0,Magic,0,,,,,,16 - 11,-5,Doleac 17' Jump Shot (2 PTS) (Armstrong 5 AST),12:25 PM
67,1,2,69,0020000576,MISS Daniels 24' 3PT Jump Shot,,5:54,1,4,0,0,1498,Antonio Daniels,SAS,San Antonio,1610612759.0,Spurs,0,,,,,,0,,,,,,,,,12:25 PM
68,0,4,70,0020000576,,,5:50,1,5,0,0,353,Darrell Armstrong,ORL,Orlando,1610612753.0,Magic,0,,,,,,0,,,,,,,,Armstrong REBOUND (Off:0 Def:1),12:25 PM
69,2,6,71,0020000576,Daniels S.FOUL (P2.T4),,5:38,1,4,0,1,1498,Antonio Daniels,SAS,San Antonio,1610612759.0,Spurs,0,,,,,,0,,,,,,,,,12:26 PM
70,13,3,72,0020000576,,,5:38,1,5,0,0,353,Darrell Armstrong,ORL,Orlando,1610612753.0,Magic,0,,,,,,0,,,,,,17 - 11,-6,Armstrong Free Throw 1 of 3 (4 PTS),12:26 PM
71,0,8,73,0020000576,SUB: Porter FOR Daniels,,5:38,1,4,4,0,1498,Antonio Daniels,SAS,San Antonio,1610612759.0,Spurs,345,Terry Porter,SAS,San Antonio,1610612759.0,Spurs,0,,,,,,,,,12:26 PM
72,0,8,74,0020000576,SUB: Walker FOR Robinson,,5:38,1,4,4,0,764,David Robinson,SAS,San Antonio,1610612759.0,Spurs,955,Samaki Walker,SAS,San Antonio,1610612759.0,Spurs,0,,,,,,,,,12:26 PM
73,14,3,75,0020000576,,,5:38,1,5,0,0,353,Darrell Armstrong,ORL,Orlando,1610612753.0,Magic,0,,,,,,0,,,,,,18 - 11,-7,Armstrong Free Throw 2 of 3 (5 PTS),12:26 PM
74,15,3,76,0020000576,,,5:38,1,5,0,0,353,Darrell Armstrong,ORL,Orlando,1610612753.0,Magic,0,,,,,,0,,,,,,19 - 11,-8,Armstrong Free Throw 3 of 3 (6 PTS),12:26 PM
75,2,5,77,0020000576,Duncan Lost Ball Turnover (P3.T5),,5:24,1,4,5,0,1495,Tim Duncan,SAS,San Antonio,1610612759.0,Spurs,1503,Tracy McGrady,ORL,Orlando,1610612753.0,Magic,0,,,,,,,,McGrady STEAL (1 STL),12:27 PM
76,5,1,78,0020000576,,,5:21,1,5,5,0,1503,Tracy McGrady,ORL,Orlando,1610612753.0,Magic,353,Darrell Armstrong,ORL,Orlando,1610612753.0,Magic,0,,,,,,21 - 11,-10,McGrady 1' Layup (6 PTS) (Armstrong 6 AST),12:27 PM
77,1,6,79,0020000576,,,5:04,1,5,0,1,1720,Michael Doleac,ORL,Orlando,1610612753.0,Magic,0,,,,,,0,,,,,,,,Doleac P.FOUL (P1.PN),12:27 PM
78,11,3,80,0020000576,Porter Free Throw 1 of 2 (1 PTS),,5:04,1,4,0,0,345,Terry Porter,SAS,San Antonio,1610612759.0,Spurs,0,,,,,,0,,,,,,21 - 12,-9,,12:28 PM
79,12,3,81,0020000576,Porter Free Throw 2 of 2 (2 PTS),,5:04,1,4,0,0,345,Terry Porter,SAS,San Antonio,1610612759.0,Spurs,0,,,,,,0,,,,,,21 - 13,-8,,12:28 PM
80,1,2,82,0020000576,,,4:51,1,5,0,0,1503,Tracy McGrady,ORL,Orlando,1610612753.0,Magic,0,,,,,,0,,,,,,,,MISS McGrady 14' Jump Shot,12:28 PM
81,0,4,83,0020000576,Duncan REBOUND (Off:2 Def:2),,4:49,1,4,0,0,1495,Tim Duncan,SAS,San Antonio,1610612759.0,Spurs,0,,,,,,0,,,,,,,,,12:28 PM
82,1,5,84,0020000576,Duncan Bad Pass Turnover (P4.T6),,4:34,1,4,0,0,1495,Tim Duncan,SAS,San Antonio,1610612759.0,Spurs,0,,,,,,0,,,,,,,,,12:29 PM
83,1,1,85,0020000576,,,4:21,1,5,0,0,1720,Michael Doleac,ORL,Orlando,1610612753.0,Magic,0,,,,,,0,,,,,,23 - 13,-10,Doleac 18' Jump Shot (4 PTS),12:29 PM
84,1,5,86,0020000576,Anderson Bad Pass Turnover (P1.T7),,3:57,1,4,5,0,1507,Derek Anderson,SAS,San Antonio,1610612759.0,Spurs,690,Don Reid,ORL,Orlando,1610612753.0,Magic,0,,,,,,,,Reid STEAL (1 STL),12:29 PM
85,4,6,87,0020000576,,,3:54,1,5,0,1,2034,Mike Miller,ORL,Orlando,1610612753.0,Magic,0,,,,,,0,,,,,,,,Miller OFF.Foul (P1),12:29 PM
86,5,5,88,0020000576,,,3:54,1,5,0,0,2034,Mike Miller,ORL,Orlando,1610612753.0,Magic,0,,,,,,0,,,,,,,,Miller Foul Turnover (P1.T2),12:29 PM
87,1,2,89,0020000576,MISS Anderson 17' Jump Shot,,3:34,1,4,0,0,1507,Derek Anderson,SAS,San Antonio,1610612759.0,Spurs,0,,,,,,0,,,,,,,,,12:30 PM
88,0,4,90,0020000576,,,3:32,1,5,0,0,1503,Tracy McGrady,ORL,Orlando,1610612753.0,Magic,0,,,,,,0,,,,,,,,McGrady REBOUND (Off:0 Def:1),12:30 PM
89,5,2,91,0020000576,,,3:28,1,5,0,0,1503,Tracy McGrady,ORL,Orlando,1610612753.0,Magic,0,,,,,,0,,,,,,,,MISS McGrady  Layup,12:30 PM
90,0,4,92,0020000576,Ferry REBOUND (Off:0 Def:1),,3:27,1,4,0,0,198,Danny Ferry,SAS,San Antonio,1610612759.0,Spurs,0,,,,,,0,,,,,,,,,12:30 PM
91,1,2,93,0020000576,MISS Porter 25' 3PT Jump Shot,,3:21,1,4,0,0,345,Terry Porter,SAS,San Antonio,1610612759.0,Spurs,0,,,,,,0,,,,,,,,,12:30 PM
92,0,4,94,0020000576,,,3:18,1,5,0,0,1503,Tracy McGrady,ORL,Orlando,1610612753.0,Magic,0,,,,,,0,,,,,,,,McGrady REBOUND (Off:0 Def:2),12:30 PM
93,1,2,95,0020000576,Duncan BLOCK (1 BLK),,3:10,1,5,0,4,1503,Tracy McGrady,ORL,Orlando,1610612753.0,Magic,0,,,,,,1495,Tim Duncan,SAS,San Antonio,1610612759.0,Spurs,,,MISS McGrady 12' Jump Shot,12:30 PM
94,0,4,96,0020000576,,,3:09,1,5,0,0,1503,Tracy McGrady,ORL,Orlando,1610612753.0,Magic,0,,,,,,0,,,,,,,,McGrady REBOUND (Off:1 Def:2),12:30 PM
95,5,1,97,0020000576,,,3:09,1,5,0,0,1503,Tracy McGrady,ORL,Orlando,1610612753.0,Magic,0,,,,,,0,,,,,,25 - 13,-12,McGrady 1' Layup (8 PTS),12:30 PM
96,2,6,98,0020000576,Duncan S.FOUL (P1.PN),,3:09,1,4,0,1,1495,Tim Duncan,SAS,San Antonio,1610612759.0,Spurs,0,,,,,,0,,,,,,,,,12:30 PM
97,0,8,99,0020000576,,,3:09,1,5,5,0,2034,Mike Miller,ORL,Orlando,1610612753.0,Magic,1727,Pat Garrity,ORL,Orlando,1610612753.0,Magic,0,,,,,,,,SUB: Garrity FOR Miller,12:31 PM
98,10,3,100,0020000576,,,3:09,1,5,0,0,1503,Tracy McGrady,ORL,Orlando,1610612753.0,Magic,0,,,,,,0,,,,,,26 - 13,-13,McGrady Free Throw 1 of 1 (9 PTS),12:31 PM
99,5,1,101,0020000576,Walker 2' Layup (2 PTS) (Porter 1 AST),,2:51,1,4,4,0,955,Samaki Walker,SAS,San Antonio,1610612759.0,Spurs,345,Terry Porter,SAS,San Antonio,1610612759.0,Spurs,0,,,,,,26 - 15,-11,,12:31 PM
100,4,6,102,0020000576,,,2:42,1,5,0,1,1720,Michael Doleac,ORL,Orlando,1610612753.0,Magic,0,,,,,,0,,,,,,,,Doleac OFF.Foul (P2),12:31 PM
101,5,5,103,0020000576,,,2:42,1,5,0,0,1720,Michael Doleac,ORL,Orlando,1610612753.0,Magic,0,,,,,,0,,,,,,,,Doleac Foul Turnover (P1.T3),12:31 PM
102,1,9,104,0020000576,,,2:42,1,3,0,0,1610612753,,,,,,0,,,,,,0,,,,,,,,Magic Timeout: Regular (Reg.1 Short 0),12:31 PM
103,0,8,106,0020000576,SUB: Kerr FOR Anderson,,2:42,1,4,4,0,1507,Derek Anderson,SAS,San Antonio,1610612759.0,Spurs,70,Steve Kerr,SAS,San Antonio,1610612759.0,Spurs,0,,,,,,,,,12:34 PM
104,0,8,107,0020000576,,,2:42,1,5,5,0,353,Darrell Armstrong,ORL,Orlando,1610612753.0,Magic,1607,Troy Hudson,ORL,Orlando,1610612753.0,Magic,0,,,,,,,,SUB: Hudson FOR Armstrong,12:34 PM
105,1,2,108,0020000576,MISS Duncan 11' Jump Shot,,2:27,1,4,0,0,1495,Tim Duncan,SAS,San Antonio,1610612759.0,Spurs,0,,,,,,0,,,,,,,,,12:34 PM
106,0,4,109,0020000576,Walker REBOUND (Off:1 Def:0),,2:24,1,4,0,0,955,Samaki Walker,SAS,San Antonio,1610612759.0,Spurs,0,,,,,,0,,,,,,,,,12:34 PM
107,1,1,110,0020000576,Duncan 10' Jump Shot (6 PTS) (Ferry 1 AST),,2:20,1,4,4,0,1495,Tim Duncan,SAS,San Antonio,1610612759.0,Spurs,198,Danny Ferry,SAS,San Antonio,1610612759.0,Spurs,0,,,,,,26 - 17,-9,,12:34 PM
108,2,6,111,0020000576,Ferry S.FOUL (P1.PN),,2:06,1,4,0,1,198,Danny Ferry,SAS,San Antonio,1610612759.0,Spurs,0,,,,,,0,,,,,,,,,12:35 PM
109,11,3,112,0020000576,,,2:06,1,5,0,0,1727,Pat Garrity,ORL,Orlando,1610612753.0,Magic,0,,,,,,0,,,,,,,,MISS Garrity Free Throw 1 of 2,12:35 PM
110,1,4,113,0020000576,,,2:06,1,3,0,0,1610612753,,,,,,0,,,,,,0,,,,,,,,Magic Rebound,12:35 PM
111,0,8,114,0020000576,,,2:06,1,5,5,0,690,Don Reid,ORL,Orlando,1610612753.0,Magic,680,John Amaechi,ORL,Orlando,1610612753.0,Magic,0,,,,,,,,SUB: Amaechi FOR Reid,12:35 PM
112,12,3,115,0020000576,,,2:06,1,5,0,0,1727,Pat Garrity,ORL,Orlando,1610612753.0,Magic,0,,,,,,0,,,,,,,,MISS Garrity Free Throw 2 of 2,12:35 PM
113,0,4,116,0020000576,Walker REBOUND (Off:1 Def:1),,2:04,1,4,0,0,955,Samaki Walker,SAS,San Antonio,1610612759.0,Spurs,0,,,,,,0,,,,,,,,,12:35 PM
114,1,2,117,0020000576,MISS Porter 8' Jump Shot,,1:41,1,4,0,0,345,Terry Porter,SAS,San Antonio,1610612759.0,Spurs,0,,,,,,0,,,,,,,,,12:36 PM
115,0,4,118,0020000576,,,1:39,1,5,0,0,1503,Tracy McGrady,ORL,Orlando,1610612753.0,Magic,0,,,,,,0,,,,,,,,McGrady REBOUND (Off:1 Def:3),12:36 PM
116,1,1,119,0020000576,,,1:34,1,5,0,0,1503,Tracy McGrady,ORL,Orlando,1610612753.0,Magic,0,,,,,,0,,,,,,28 - 17,-11,McGrady 9' Jump Shot (11 PTS),12:36 PM
117,2,6,120,0020000576,Kerr S.FOUL (P1.PN),,1:34,1,4,0,1,70,Steve Kerr,SAS,San Antonio,1610612759.0,Spurs,0,,,,,,0,,,,,,,,,12:36 PM
118,10,3,121,0020000576,,,1:34,1,5,0,0,1503,Tracy McGrady,ORL,Orlando,1610612753.0,Magic,0,,,,,,0,,,,,,29 - 17,-12,McGrady Free Throw 1 of 1 (12 PTS),12:36 PM
119,5,1,122,0020000576,Duncan 1' Layup (8 PTS),,1:18,1,4,0,0,1495,Tim Duncan,SAS,San Antonio,1610612759.0,Spurs,0,,,,,,0,,,,,,29 - 19,-10,,12:36 PM
120,1,1,123,0020000576,,,1:06,1,5,0,0,1607,Troy Hudson,ORL,Orlando,1610612753.0,Magic,0,,,,,,0,,,,,,32 - 19,-13,Hudson 26' 3PT Jump Shot (3 PTS),12:37 PM
121,4,6,124,0020000576,Walker OFF.Foul (P1),,0:47,1,4,0,1,955,Samaki Walker,SAS,San Antonio,1610612759.0,Spurs,0,,,,,,0,,,,,,,,,12:37 PM
122,5,5,125,0020000576,Walker Foul Turnover (P1.T8),,0:47,1,4,0,0,955,Samaki Walker,SAS,San Antonio,1610612759.0,Spurs,0,,,,,,0,,,,,,,,,12:37 PM
123,0,8,126,0020000576,SUB: Daniels FOR Porter,,0:47,1,4,4,0,345,Terry Porter,SAS,San Antonio,1610612759.0,Spurs,1498,Antonio Daniels,SAS,San Antonio,1610612759.0,Spurs,0,,,,,,,,,12:37 PM
124,0,8,127,0020000576,,,0:47,1,5,5,0,1503,Tracy McGrady,ORL,Orlando,1610612753.0,Magic,42,Monty Williams,ORL,Orlando,1610612753.0,Magic,0,,,,,,,,SUB: Williams FOR McGrady,12:37 PM
125,1,2,128,0020000576,,,0:35,1,5,0,0,1720,Michael Doleac,ORL,Orlando,1610612753.0,Magic,0,,,,,,0,,,,,,,,MISS Doleac 19' Jump Shot,12:38 PM
126,0,4,129,0020000576,Duncan REBOUND (Off:2 Def:3),,0:33,1,4,0,0,1495,Tim Duncan,SAS,San Antonio,1610612759.0,Spurs,0,,,,,,0,,,,,,,,,12:38 PM
127,1,1,130,0020000576,Kerr 25' 3PT Jump Shot (3 PTS) (Daniels 2 AST),,0:24,1,4,4,0,70,Steve Kerr,SAS,San Antonio,1610612759.0,Spurs,1498,Antonio Daniels,SAS,San Antonio,1610612759.0,Spurs,0,,,,,,32 - 22,-10,,12:38 PM
128,1,1,131,0020000576,,,0:00,1,5,0,0,1607,Troy Hudson,ORL,Orlando,1610612753.0,Magic,0,,,,,,0,,,,,,34 - 22,-12,Hudson 8' Jump Shot (5 PTS),12:38 PM
129,0,13,132,0020000576,,,0:00,1,0,0,0,0,,,,,,0,,,,,,0,,,,,,34 - 22,-12,,12:38 PM
130,0,12,134,0020000576,,,12:00,2,0,0,0,0,,,,,,0,,,,,,0,,,,,,34 - 22,-12,,12:41 PM
131,1,5,135,0020000576,Daniels STEAL (1 STL),,11:46,2,5,4,0,1607,Troy Hudson,ORL,Orlando,1610612753.0,Magic,1498,Antonio Daniels,SAS,San Antonio,1610612759.0,Spurs,0,,,,,,,,Hudson Bad Pass Turnover (P1.T4),12:42 PM
132,1,2,136,0020000576,MISS Daniels 15' Jump Shot,,11:39,2,4,0,0,1498,Antonio Daniels,SAS,San Antonio,1610612759.0,Spurs,0,,,,,,0,,,,,,,,,12:42 PM
133,0,4,137,0020000576,Duncan REBOUND (Off:3 Def:3),,11:37,2,4,0,0,1495,Tim Duncan,SAS,San Antonio,1610612759.0,Spurs,0,,,,,,0,,,,,,,,,12:42 PM
134,47,1,138,0020000576,Duncan 10' Turnaround Jump Shot (10 PTS) (Ferry 2 AST),,11:22,2,4,4,0,1495,Tim Duncan,SAS,San Antonio,1610612759.0,Spurs,198,Danny Ferry,SAS,San Antonio,1610612759.0,Spurs,0,,,,,,34 - 24,-10,,12:42 PM
135,1,2,139,0020000576,,,10:57,2,5,0,0,1607,Troy Hudson,ORL,Orlando,1610612753.0,Magic,0,,,,,,0,,,,,,,,MISS Hudson 25' 3PT Jump Shot,12:43 PM
136,0,4,140,0020000576,SPURS Rebound,,10:54,2,2,0,0,1610612759,,,,,,0,,,,,,0,,,,,,,,,12:43 PM
137,1,6,141,0020000576,,,10:37,2,5,0,1,1727,Pat Garrity,ORL,Orlando,1610612753.0,Magic,0,,,,,,0,,,,,,,,Garrity P.FOUL (P1.T1),12:43 PM
138,1,1,142,0020000576,Duncan 11' Jump Shot (12 PTS),,10:28,2,4,0,0,1495,Tim Duncan,SAS,San Antonio,1610612759.0,Spurs,0,,,,,,0,,,,,,34 - 26,-8,,12:43 PM
139,2,6,143,0020000576,,,10:28,2,5,0,1,1607,Troy Hudson,ORL,Orlando,1610612753.0,Magic,0,,,,,,0,,,,,,,,Hudson S.FOUL (P1.T2),12:43 PM
140,10,3,144,0020000576,MISS Duncan Free Throw 1 of 1,,10:28,2,4,0,0,1495,Tim Duncan,SAS,San Antonio,1610612759.0,Spurs,0,,,,,,0,,,,,,,,,12:44 PM
141,0,4,145,0020000576,Ferry REBOUND (Off:1 Def:1),,10:27,2,4,0,0,198,Danny Ferry,SAS,San Antonio,1610612759.0,Spurs,0,,,,,,0,,,,,,,,,12:44 PM
142,1,2,146,0020000576,MISS Kerr 25' 3PT Jump Shot,,10:24,2,4,0,0,70,Steve Kerr,SAS,San Antonio,1610612759.0,Spurs,0,,,,,,0,,,,,,,,,12:44 PM
143,0,4,147,0020000576,Ferry REBOUND (Off:2 Def:1),,10:22,2,4,0,0,198,Danny Ferry,SAS,San Antonio,1610612759.0,Spurs,0,,,,,,0,,,,,,,,,12:44 PM
144,1,1,148,0020000576,Duncan 17' Jump Shot (14 PTS) (Daniels 3 AST),,10:08,2,4,4,0,1495,Tim Duncan,SAS,San Antonio,1610612759.0,Spurs,1498,Antonio Daniels,SAS,San Antonio,1610612759.0,Spurs,0,,,,,,34 - 28,-6,,12:44 PM
145,1,1,149,0020000576,,,9:49,2,5,5,0,1607,Troy Hudson,ORL,Orlando,1610612753.0,Magic,1727,Pat Garrity,ORL,Orlando,1610612753.0,Magic,0,,,,,,37 - 28,-9,Hudson 25' 3PT Jump Shot (8 PTS) (Garrity 1 AST),12:45 PM
146,2,6,150,0020000576,,,9:36,2,5,0,1,680,John Amaechi,ORL,Orlando,1610612753.0,Magic,0,,,,,,0,,,,,,,,Amaechi S.FOUL (P1.T3),12:45 PM
147,0,8,151,0020000576,,,9:36,2,5,5,0,1720,Michael Doleac,ORL,Orlando,1610612753.0,Magic,690,Don Reid,ORL,Orlando,1610612753.0,Magic,0,,,,,,,,SUB: Reid FOR Doleac,12:45 PM
148,11,3,152,0020000576,Walker Free Throw 1 of 2 (3 PTS),,9:36,2,4,0,0,955,Samaki Walker,SAS,San Antonio,1610612759.0,Spurs,0,,,,,,0,,,,,,37 - 29,-8,,12:45 PM
149,0,8,153,0020000576,SUB: Robinson FOR Duncan,,9:36,2,4,4,0,1495,Tim Duncan,SAS,San Antonio,1610612759.0,Spurs,764,David Robinson,SAS,San Antonio,1610612759.0,Spurs,0,,,,,,,,,12:45 PM
150,12,3,154,0020000576,Walker Free Throw 2 of 2 (4 PTS),,9:36,2,4,0,0,955,Samaki Walker,SAS,San Antonio,1610612759.0,Spurs,0,,,,,,0,,,,,,37 - 30,-7,,12:45 PM
151,1,1,155,0020000576,,,9:21,2,5,5,0,690,Don Reid,ORL,Orlando,1610612753.0,Magic,680,John Amaechi,ORL,Orlando,1610612753.0,Magic,0,,,,,,39 - 30,-9,Reid 5' Jump Shot (2 PTS) (Amaechi 1 AST),12:46 PM
152,1,2,156,0020000576,MISS Walker 7' Jump Shot,,9:04,2,4,0,0,955,Samaki Walker,SAS,San Antonio,1610612759.0,Spurs,0,,,,,,0,,,,,,,,,12:46 PM
153,0,4,157,0020000576,,,9:02,2,5,0,0,42,Monty Williams,ORL,Orlando,1610612753.0,Magic,0,,,,,,0,,,,,,,,Williams REBOUND (Off:0 Def:1),12:46 PM
154,2,6,158,0020000576,Walker S.FOUL (P2.T1),,8:53,2,4,0,1,955,Samaki Walker,SAS,San Antonio,1610612759.0,Spurs,0,,,,,,0,,,,,,,,,12:46 PM
155,3,9,159,0020000576,,,8:53,2,1,0,0,0,,,,,,0,,,,,,0,,,,,,,,,12:46 PM
156,0,8,161,0020000576,SUB: Duncan FOR Walker,,8:53,2,4,4,0,955,Samaki Walker,SAS,San Antonio,1610612759.0,Spurs,1495,Tim Duncan,SAS,San Antonio,1610612759.0,Spurs,0,,,,,,,,,12:48 PM
157,11,3,162,0020000576,,,8:53,2,5,0,0,680,John Amaechi,ORL,Orlando,1610612753.0,Magic,0,,,,,,0,,,,,,40 - 30,-10,Amaechi Free Throw 1 of 2 (1 PTS),12:49 PM
158,12,3,163,0020000576,,,8:53,2,5,0,0,680,John Amaechi,ORL,Orlando,1610612753.0,Magic,0,,,,,,0,,,,,,41 - 30,-11,Amaechi Free Throw 2 of 2 (2 PTS),12:49 PM
159,1,2,164,0020000576,MISS Robinson 9' Jump Shot,,8:39,2,4,0,0,764,David Robinson,SAS,San Antonio,1610612759.0,Spurs,0,,,,,,0,,,,,,,,,12:49 PM
160,0,4,165,0020000576,,,8:37,2,3,0,0,1610612753,,,,,,0,,,,,,0,,,,,,,,Magic Rebound,12:49 PM
161,3,6,166,0020000576,Duncan L.B.FOUL (P2.T2),,8:37,2,4,0,1,1495,Tim Duncan,SAS,San Antonio,1610612759.0,Spurs,0,,,,,,0,,,,,,,,,12:49 PM
162,1,2,167,0020000576,Robinson BLOCK (1 BLK),,8:25,2,5,0,4,680,John Amaechi,ORL,Orlando,1610612753.0,Magic,0,,,,,,764,David Robinson,SAS,San Antonio,1610612759.0,Spurs,,,MISS Amaechi 3' Jump Shot,12:50 PM
163,0,4,168,0020000576,Daniels REBOUND (Off:0 Def:1),,8:23,2,4,0,0,1498,Antonio Daniels,SAS,San Antonio,1610612759.0,Spurs,0,,,,,,0,,,,,,,,,12:50 PM
164,2,6,169,0020000576,,,8:09,2,5,0,1,690,Don Reid,ORL,Orlando,1610612753.0,Magic,0,,,,,,0,,,,,,,,Reid S.FOUL (P2.T4),12:50 PM
165,11,3,170,0020000576,MISS Robinson Free Throw 1 of 2,,8:09,2,4,0,0,764,David Robinson,SAS,San Antonio,1610612759.0,Spurs,0,,,,,,0,,,,,,,,,12:50 PM
166,1,4,171,0020000576,SPURS Rebound,,8:09,2,2,0,0,1610612759,,,,,,0,,,,,,0,,,,,,,,,12:50 PM
167,0,8,172,0020000576,SUB: Anderson FOR Kerr,,8:09,2,4,4,0,70,Steve Kerr,SAS,San Antonio,1610612759.0,Spurs,1507,Derek Anderson,SAS,San Antonio,1610612759.0,Spurs,0,,,,,,,,,12:50 PM
168,0,8,173,0020000576,,,8:09,2,5,5,0,1607,Troy Hudson,ORL,Orlando,1610612753.0,Magic,353,Darrell Armstrong,ORL,Orlando,1610612753.0,Magic,0,,,,,,,,SUB: Armstrong FOR Hudson,12:50 PM
169,12,3,174,0020000576,MISS Robinson Free Throw 2 of 2,,8:09,2,4,0,0,764,David Robinson,SAS,San Antonio,1610612759.0,Spurs,0,,,,,,0,,,,,,,,,12:50 PM
170,0,4,175,0020000576,,,8:08,2,5,0,0,690,Don Reid,ORL,Orlando,1610612753.0,Magic,0,,,,,,0,,,,,,,,Reid REBOUND (Off:0 Def:2),12:51 PM
171,1,2,176,0020000576,,,7:53,2,5,0,0,1727,Pat Garrity,ORL,Orlando,1610612753.0,Magic,0,,,,,,0,,,,,,,,MISS Garrity 11' Jump Shot,12:51 PM
172,0,4,177,0020000576,,,7:51,2,5,0,0,690,Don Reid,ORL,Orlando,1610612753.0,Magic,0,,,,,,0,,,,,,,,Reid REBOUND (Off:1 Def:2),12:51 PM
173,1,2,178,0020000576,,,7:49,2,5,0,0,353,Darrell Armstrong,ORL,Orlando,1610612753.0,Magic,0,,,,,,0,,,,,,,,MISS Armstrong 26' 3PT Jump Shot,12:51 PM
174,0,4,179,0020000576,Robinson REBOUND (Off:2 Def:1),,7:47,2,4,0,0,764,David Robinson,SAS,San Antonio,1610612759.0,Spurs,0,,,,,,0,,,,,,,,,12:51 PM
175,1,2,180,0020000576,MISS Daniels 24' 3PT Jump Shot,,7:36,2,4,0,0,1498,Antonio Daniels,SAS,San Antonio,1610612759.0,Spurs,0,,,,,,0,,,,,,,,,12:51 PM
176,0,4,181,0020000576,,,7:34,2,5,0,0,690,Don Reid,ORL,Orlando,1610612753.0,Magic,0,,,,,,0,,,,,,,,Reid REBOUND (Off:1 Def:3),12:51 PM
177,1,1,182,0020000576,,,7:25,2,5,5,0,1727,Pat Garrity,ORL,Orlando,1610612753.0,Magic,353,Darrell Armstrong,ORL,Orlando,1610612753.0,Magic,0,,,,,,44 - 30,-14,Garrity 24' 3PT Jump Shot (3 PTS) (Armstrong 7 AST),12:51 PM
178,1,9,183,0020000576,SPURS Timeout: Regular (Full 2 Short 0),,7:16,2,2,0,0,1610612759,,,,,,0,,,,,,0,,,,,,,,,12:51 PM
179,0,8,185,0020000576,,,7:16,2,5,5,0,42,Monty Williams,ORL,Orlando,1610612753.0,Magic,1503,Tracy McGrady,ORL,Orlando,1610612753.0,Magic,0,,,,,,,,SUB: McGrady FOR Williams,12:53 PM
180,1,2,186,0020000576,MISS Daniels 11' Jump Shot,,6:59,2,4,0,0,1498,Antonio Daniels,SAS,San Antonio,1610612759.0,Spurs,0,,,,,,0,,,,,,,,,12:54 PM
181,0,4,187,0020000576,,,6:57,2,3,0,0,1610612753,,,,,,0,,,,,,0,,,,,,,,Magic Rebound,12:54 PM
182,1,2,188,0020000576,Robinson BLOCK (2 BLK),,6:43,2,5,0,4,680,John Amaechi,ORL,Orlando,1610612753.0,Magic,0,,,,,,764,David Robinson,SAS,San Antonio,1610612759.0,Spurs,,,MISS Amaechi 6' Jump Shot,12:54 PM
183,0,4,189,0020000576,SPURS Rebound,,6:42,2,2,0,0,1610612759,,,,,,0,,,,,,0,,,,,,,,,12:54 PM
184,2,6,190,0020000576,,,6:29,2,5,0,1,680,John Amaechi,ORL,Orlando,1610612753.0,Magic,0,,,,,,0,,,,,,,,Amaechi S.FOUL (P2.PN),12:55 PM
185,11,3,191,0020000576,Robinson Free Throw 1 of 2 (5 PTS),,6:29,2,4,0,0,764,David Robinson,SAS,San Antonio,1610612759.0,Spurs,0,,,,,,0,,,,,,44 - 31,-13,,12:55 PM
186,0,8,192,0020000576,,,6:29,2,5,5,0,1727,Pat Garrity,ORL,Orlando,1610612753.0,Magic,2034,Mike Miller,ORL,Orlando,1610612753.0,Magic,0,,,,,,,,SUB: Miller FOR Garrity,12:55 PM
187,12,3,193,0020000576,MISS Robinson Free Throw 2 of 2,,6:29,2,4,0,0,764,David Robinson,SAS,San Antonio,1610612759.0,Spurs,0,,,,,,0,,,,,,,,,12:55 PM
188,0,4,194,0020000576,,,6:28,2,5,0,0,680,John Amaechi,ORL,Orlando,1610612753.0,Magic,0,,,,,,0,,,,,,,,Amaechi REBOUND (Off:0 Def:1),12:55 PM
189,1,1,195,0020000576,,,6:15,2,5,5,0,1503,Tracy McGrady,ORL,Orlando,1610612753.0,Magic,353,Darrell Armstrong,ORL,Orlando,1610612753.0,Magic,0,,,,,,46 - 31,-15,McGrady 15' Jump Shot (14 PTS) (Armstrong 8 AST),12:56 PM
190,1,1,196,0020000576,Anderson 25' 3PT Jump Shot (3 PTS) (Ferry 3 AST),,5:54,2,4,4,0,1507,Derek Anderson,SAS,San Antonio,1610612759.0,Spurs,198,Danny Ferry,SAS,San Antonio,1610612759.0,Spurs,0,,,,,,46 - 34,-12,,12:56 PM
191,1,1,197,0020000576,,,5:35,2,5,5,0,2034,Mike Miller,ORL,Orlando,1610612753.0,Magic,1503,Tracy McGrady,ORL,Orlando,1610612753.0,Magic,0,,,,,,48 - 34,-14,Miller 15' Jump Shot (9 PTS) (McGrady 2 AST),12:56 PM
192,1,6,198,0020000576,,,5:23,2,5,0,1,690,Don Reid,ORL,Orlando,1610612753.0,Magic,0,,,,,,0,,,,,,,,Reid P.FOUL (P3.PN),12:57 PM
193,11,3,199,0020000576,Duncan Free Throw 1 of 2 (15 PTS),,5:23,2,4,0,0,1495,Tim Duncan,SAS,San Antonio,1610612759.0,Spurs,0,,,,,,0,,,,,,48 - 35,-13,,12:57 PM
194,0,8,200,0020000576,,,5:23,2,5,5,0,690,Don Reid,ORL,Orlando,1610612753.0,Magic,1720,Michael Doleac,ORL,Orlando,1610612753.0,Magic,0,,,,,,,,SUB: Doleac FOR Reid,12:57 PM
195,0,8,201,0020000576,SUB: Newble FOR Ferry,,5:23,2,4,4,0,198,Danny Ferry,SAS,San Antonio,1610612759.0,Spurs,1956,Ira Newble,SAS,San Antonio,1610612759.0,Spurs,0,,,,,,,,,12:57 PM
196,12,3,202,0020000576,Duncan Free Throw 2 of 2 (16 PTS),,5:23,2,4,0,0,1495,Tim Duncan,SAS,San Antonio,1610612759.0,Spurs,0,,,,,,0,,,,,,48 - 36,-12,,12:57 PM
197,1,2,203,0020000576,Duncan BLOCK (2 BLK),,5:12,2,5,0,4,1503,Tracy McGrady,ORL,Orlando,1610612753.0,Magic,0,,,,,,1495,Tim Duncan,SAS,San Antonio,1610612759.0,Spurs,,,MISS McGrady 11' Jump Shot,12:58 PM
198,0,4,205,0020000576,,,5:08,2,5,0,0,680,John Amaechi,ORL,Orlando,1610612753.0,Magic,0,,,,,,0,,,,,,,,Amaechi REBOUND (Off:1 Def:1),12:58 PM
199,5,2,204,0020000576,,,5:08,2,5,0,0,680,John Amaechi,ORL,Orlando,1610612753.0,Magic,0,,,,,,0,,,,,,,,MISS Amaechi 1' Layup,12:58 PM
200,0,4,206,0020000576,,,5:05,2,5,0,0,680,John Amaechi,ORL,Orlando,1610612753.0,Magic,0,,,,,,0,,,,,,,,Amaechi REBOUND (Off:2 Def:1),12:58 PM
201,2,5,207,0020000576,Anderson STEAL (1 STL),,5:03,2,5,4,0,680,John Amaechi,ORL,Orlando,1610612753.0,Magic,1507,Derek Anderson,SAS,San Antonio,1610612759.0,Spurs,0,,,,,,,,Amaechi Lost Ball Turnover (P1.T5),12:58 PM
202,2,6,208,0020000576,,,4:57,2,5,0,1,1720,Michael Doleac,ORL,Orlando,1610612753.0,Magic,0,,,,,,0,,,,,,,,Doleac S.FOUL (P3.PN),12:58 PM
203,11,3,209,0020000576,Duncan Free Throw 1 of 2 (17 PTS),,4:57,2,4,0,0,1495,Tim Duncan,SAS,San Antonio,1610612759.0,Spurs,0,,,,,,0,,,,,,48 - 37,-11,,12:58 PM
204,12,3,210,0020000576,MISS Duncan Free Throw 2 of 2,,4:57,2,4,0,0,1495,Tim Duncan,SAS,San Antonio,1610612759.0,Spurs,0,,,,,,0,,,,,,,,,12:59 PM
205,0,4,211,0020000576,,,4:57,2,5,0,0,353,Darrell Armstrong,ORL,Orlando,1610612753.0,Magic,0,,,,,,0,,,,,,,,Armstrong REBOUND (Off:0 Def:2),12:59 PM
206,1,1,212,0020000576,,,4:41,2,5,5,0,1503,Tracy McGrady,ORL,Orlando,1610612753.0,Magic,2034,Mike Miller,ORL,Orlando,1610612753.0,Magic,0,,,,,,51 - 37,-14,McGrady  3PT Jump Shot (17 PTS) (Miller 1 AST),12:59 PM
207,1,2,213,0020000576,MISS Daniels 6' Jump Shot,,4:18,2,4,0,0,1498,Antonio Daniels,SAS,San Antonio,1610612759.0,Spurs,0,,,,,,0,,,,,,,,,12:59 PM
208,0,4,214,0020000576,Duncan REBOUND (Off:4 Def:3),,4:16,2,4,0,0,1495,Tim Duncan,SAS,San Antonio,1610612759.0,Spurs,0,,,,,,0,,,,,,,,,12:59 PM
209,4,5,215,0020000576,Duncan Traveling Turnover (P5.T9),,4:16,2,4,0,1,1495,Tim Duncan,SAS,San Antonio,1610612759.0,Spurs,0,,,,,,0,,,,,,,,,12:59 PM
210,0,8,216,0020000576,SUB: Porter FOR Daniels,,4:16,2,4,4,0,1498,Antonio Daniels,SAS,San Antonio,1610612759.0,Spurs,345,Terry Porter,SAS,San Antonio,1610612759.0,Spurs,0,,,,,,,,,1:00 PM
211,0,8,217,0020000576,SUB: Daniels FOR Porter,,4:06,2,4,4,0,345,Terry Porter,SAS,San Antonio,1610612759.0,Spurs,1498,Antonio Daniels,SAS,San Antonio,1610612759.0,Spurs,0,,,,,,,,,1:00 PM
212,5,2,218,0020000576,Robinson BLOCK (3 BLK),,3:53,2,5,0,4,680,John Amaechi,ORL,Orlando,1610612753.0,Magic,0,,,,,,764,David Robinson,SAS,San Antonio,1610612759.0,Spurs,,,MISS Amaechi 1' Layup,1:00 PM
213,0,4,219,0020000576,Robinson REBOUND (Off:2 Def:2),,3:51,2,4,0,0,764,David Robinson,SAS,San Antonio,1610612759.0,Spurs,0,,,,,,0,,,,,,,,,1:00 PM
214,5,1,220,0020000576,Daniels 3' Layup (2 PTS),,3:43,2,4,0,0,1498,Antonio Daniels,SAS,San Antonio,1610612759.0,Spurs,0,,,,,,0,,,,,,51 - 39,-12,,1:01 PM
215,1,1,221,0020000576,,,3:32,2,5,5,0,1503,Tracy McGrady,ORL,Orlando,1610612753.0,Magic,353,Darrell Armstrong,ORL,Orlando,1610612753.0,Magic,0,,,,,,54 - 39,-15,McGrady 25' 3PT Jump Shot (20 PTS) (Armstrong 9 AST),1:01 PM
216,52,1,222,0020000576,Robinson 2' Alley Oop Dunk (7 PTS) (Daniels 4 AST),,3:14,2,4,4,0,764,David Robinson,SAS,San Antonio,1610612759.0,Spurs,1498,Antonio Daniels,SAS,San Antonio,1610612759.0,Spurs,0,,,,,,54 - 41,-13,,1:01 PM
217,1,1,223,0020000576,,,3:06,2,5,5,0,1503,Tracy McGrady,ORL,Orlando,1610612753.0,Magic,353,Darrell Armstrong,ORL,Orlando,1610612753.0,Magic,0,,,,,,56 - 41,-15,McGrady 18' Jump Shot (22 PTS) (Armstrong 10 AST),1:01 PM
218,2,6,224,0020000576,,,3:01,2,5,0,1,1503,Tracy McGrady,ORL,Orlando,1610612753.0,Magic,0,,,,,,0,,,,,,,,McGrady S.FOUL (P1.PN),1:01 PM
219,11,3,225,0020000576,MISS Anderson Free Throw 1 of 2,,3:01,2,4,0,0,1507,Derek Anderson,SAS,San Antonio,1610612759.0,Spurs,0,,,,,,0,,,,,,,,,1:02 PM
220,1,4,226,0020000576,SPURS Rebound,,3:01,2,2,0,0,1610612759,,,,,,0,,,,,,0,,,,,,,,,1:02 PM
221,12,3,227,0020000576,Anderson Free Throw 2 of 2 (4 PTS),,3:01,2,4,0,0,1507,Derek Anderson,SAS,San Antonio,1610612759.0,Spurs,0,,,,,,0,,,,,,56 - 42,-14,,1:02 PM
222,1,2,228,0020000576,,,2:51,2,5,0,0,2034,Mike Miller,ORL,Orlando,1610612753.0,Magic,0,,,,,,0,,,,,,,,MISS Miller 21' Jump Shot,1:02 PM
223,0,4,229,0020000576,Newble REBOUND (Off:1 Def:1),,2:50,2,4,0,0,1956,Ira Newble,SAS,San Antonio,1610612759.0,Spurs,0,,,,,,0,,,,,,,,,1:02 PM
224,1,5,230,0020000576,Anderson Bad Pass Turnover (P2.T10),,2:37,2,4,5,0,1507,Derek Anderson,SAS,San Antonio,1610612759.0,Spurs,1720,Michael Doleac,ORL,Orlando,1610612753.0,Magic,0,,,,,,,,Doleac STEAL (1 STL),1:03 PM
225,1,9,231,0020000576,,,2:27,2,3,0,0,1610612753,,,,,,0,,,,,,0,,,,,,,,Magic Timeout: Regular (Reg.2 Short 0),1:03 PM
226,1,2,233,0020000576,,,2:17,2,5,0,0,1503,Tracy McGrady,ORL,Orlando,1610612753.0,Magic,0,,,,,,0,,,,,,,,MISS McGrady 15' Jump Shot,1:05 PM
227,0,4,234,0020000576,Robinson REBOUND (Off:2 Def:3),,2:15,2,4,0,0,764,David Robinson,SAS,San Antonio,1610612759.0,Spurs,0,,,,,,0,,,,,,,,,1:05 PM
228,5,2,235,0020000576,MISS Anderson 2' Layup,,2:06,2,4,0,5,1507,Derek Anderson,SAS,San Antonio,1610612759.0,Spurs,0,,,,,,1503,Tracy McGrady,ORL,Orlando,1610612753.0,Magic,,,McGrady BLOCK (2 BLK),1:05 PM
229,0,4,237,0020000576,Duncan REBOUND (Off:5 Def:3),,2:03,2,4,0,0,1495,Tim Duncan,SAS,San Antonio,1610612759.0,Spurs,0,,,,,,0,,,,,,,,,1:06 PM
230,1,2,236,0020000576,MISS Duncan 3' Jump Shot,,2:03,2,4,0,0,1495,Tim Duncan,SAS,San Antonio,1610612759.0,Spurs,0,,,,,,0,,,,,,,,,1:06 PM
231,0,4,238,0020000576,,,2:02,2,5,0,0,1720,Michael Doleac,ORL,Orlando,1610612753.0,Magic,0,,,,,,0,,,,,,,,Doleac REBOUND (Off:0 Def:1),1:06 PM
232,1,2,239,0020000576,,,1:56,2,5,0,0,1720,Michael Doleac,ORL,Orlando,1610612753.0,Magic,0,,,,,,0,,,,,,,,MISS Doleac 14' Jump Shot,1:06 PM
233,0,4,240,0020000576,,,1:54,2,5,0,0,2034,Mike Miller,ORL,Orlando,1610612753.0,Magic,0,,,,,,0,,,,,,,,Miller REBOUND (Off:2 Def:1),1:06 PM
234,1,2,241,0020000576,,,1:37,2,5,0,0,1503,Tracy McGrady,ORL,Orlando,1610612753.0,Magic,0,,,,,,0,,,,,,,,MISS McGrady 6' Jump Shot,1:06 PM
235,0,4,242,0020000576,Duncan REBOUND (Off:5 Def:4),,1:36,2,4,0,0,1495,Tim Duncan,SAS,San Antonio,1610612759.0,Spurs,0,,,,,,0,,,,,,,,,1:06 PM
236,1,2,243,0020000576,MISS Anderson 15' Jump Shot,,1:30,2,4,0,0,1507,Derek Anderson,SAS,San Antonio,1610612759.0,Spurs,0,,,,,,0,,,,,,,,,1:06 PM
237,0,4,244,0020000576,,,1:28,2,5,0,0,1720,Michael Doleac,ORL,Orlando,1610612753.0,Magic,0,,,,,,0,,,,,,,,Doleac REBOUND (Off:0 Def:2),1:06 PM
238,2,6,245,0020000576,Robinson S.FOUL (P1.T3),,1:21,2,4,0,1,764,David Robinson,SAS,San Antonio,1610612759.0,Spurs,0,,,,,,0,,,,,,,,,1:06 PM
239,11,3,246,0020000576,,,1:21,2,5,0,0,1503,Tracy McGrady,ORL,Orlando,1610612753.0,Magic,0,,,,,,0,,,,,,57 - 42,-15,McGrady Free Throw 1 of 2 (23 PTS),1:06 PM
240,12,3,247,0020000576,,,1:21,2,5,0,0,1503,Tracy McGrady,ORL,Orlando,1610612753.0,Magic,0,,,,,,0,,,,,,58 - 42,-16,McGrady Free Throw 2 of 2 (24 PTS),1:07 PM
241,1,2,248,0020000576,MISS Newble 14' Jump Shot,,1:07,2,4,0,0,1956,Ira Newble,SAS,San Antonio,1610612759.0,Spurs,0,,,,,,0,,,,,,,,,1:07 PM
242,0,4,249,0020000576,SPURS Rebound,,1:05,2,2,0,0,1610612759,,,,,,0,,,,,,0,,,,,,,,,1:07 PM
243,7,1,250,0020000576,Robinson 1' Dunk (9 PTS) (Duncan 1 AST),,0:59,2,4,4,0,764,David Robinson,SAS,San Antonio,1610612759.0,Spurs,1495,Tim Duncan,SAS,San Antonio,1610612759.0,Spurs,0,,,,,,58 - 44,-14,,1:08 PM
244,1,6,251,0020000576,Newble P.FOUL (P2.PN),,0:44,2,4,0,1,1956,Ira Newble,SAS,San Antonio,1610612759.0,Spurs,0,,,,,,0,,,,,,,,,1:08 PM
245,0,8,252,0020000576,,,0:44,2,5,5,0,1720,Michael Doleac,ORL,Orlando,1610612753.0,Magic,1727,Pat Garrity,ORL,Orlando,1610612753.0,Magic,0,,,,,,,,SUB: Garrity FOR Doleac,1:08 PM
246,11,3,253,0020000576,,,0:44,2,5,0,0,1503,Tracy McGrady,ORL,Orlando,1610612753.0,Magic,0,,,,,,0,,,,,,59 - 44,-15,McGrady Free Throw 1 of 2 (25 PTS),1:09 PM
247,0,8,254,0020000576,SUB: Ferry FOR Newble,,0:44,2,4,4,0,1956,Ira Newble,SAS,San Antonio,1610612759.0,Spurs,198,Danny Ferry,SAS,San Antonio,1610612759.0,Spurs,0,,,,,,,,,1:09 PM
248,12,3,255,0020000576,,,0:44,2,5,0,0,1503,Tracy McGrady,ORL,Orlando,1610612753.0,Magic,0,,,,,,0,,,,,,60 - 44,-16,McGrady Free Throw 2 of 2 (26 PTS),1:09 PM
249,1,1,256,0020000576,Daniels 25' 3PT Jump Shot (5 PTS) (Duncan 2 AST),,0:28,2,4,4,0,1498,Antonio Daniels,SAS,San Antonio,1610612759.0,Spurs,1495,Tim Duncan,SAS,San Antonio,1610612759.0,Spurs,0,,,,,,60 - 47,-13,,1:09 PM
250,2,9,257,0020000576,,,0:24,2,3,0,0,1610612753,,,,,,0,,,,,,0,,,,,,,,Magic Timeout: Short (Reg.2 Short 1),1:09 PM
251,2,9,260,0020000576,SPURS Timeout: Short (Full 2 Short 1),,0:24,2,2,0,0,1610612759,,,,,,0,,,,,,0,,,,,,,,,1:11 PM
252,0,8,261,0020000576,SUB: Newble FOR Duncan,,0:24,2,4,4,0,1495,Tim Duncan,SAS,San Antonio,1610612759.0,Spurs,1956,Ira Newble,SAS,San Antonio,1610612759.0,Spurs,0,,,,,,,,,1:11 PM
253,1,2,262,0020000576,,,0:03,2,5,0,0,1727,Pat Garrity,ORL,Orlando,1610612753.0,Magic,0,,,,,,0,,,,,,,,MISS Garrity 16' Jump Shot,1:12 PM
254,0,4,264,0020000576,,,0:02,2,5,0,0,2034,Mike Miller,ORL,Orlando,1610612753.0,Magic,0,,,,,,0,,,,,,,,Miller REBOUND (Off:3 Def:1),1:12 PM
255,4,2,263,0020000576,,,0:02,2,5,0,0,2034,Mike Miller,ORL,Orlando,1610612753.0,Magic,0,,,,,,0,,,,,,,,MISS Miller 1' Tip Shot,1:12 PM
256,0,4,265,0020000576,,,0:01,2,5,0,0,2034,Mike Miller,ORL,Orlando,1610612753.0,Magic,0,,,,,,0,,,,,,,,Miller REBOUND (Off:4 Def:1),1:12 PM
257,1,2,266,0020000576,Robinson BLOCK (4 BLK),,0:00,2,5,0,4,1727,Pat Garrity,ORL,Orlando,1610612753.0,Magic,0,,,,,,764,David Robinson,SAS,San Antonio,1610612759.0,Spurs,,,MISS Garrity 19' Jump Shot,1:12 PM
258,0,4,267,0020000576,,,0:00,2,3,0,0,1610612753,,,,,,0,,,,,,0,,,,,,,,Magic Rebound,1:12 PM
259,0,13,268,0020000576,,,0:00,2,0,0,0,0,,,,,,0,,,,,,0,,,,,,60 - 47,-13,,1:12 PM
260,0,12,270,0020000576,,,12:00,3,0,0,0,0,,,,,,0,,,,,,0,,,,,,60 - 47,-13,,1:30 PM
261,1,2,271,0020000576,,,11:42,3,5,0,0,1503,Tracy McGrady,ORL,Orlando,1610612753.0,Magic,0,,,,,,0,,,,,,,,MISS McGrady 6' Jump Shot,1:30 PM
262,0,4,272,0020000576,,,11:41,3,5,0,0,1503,Tracy McGrady,ORL,Orlando,1610612753.0,Magic,0,,,,,,0,,,,,,,,McGrady REBOUND (Off:2 Def:3),1:30 PM
263,2,6,273,0020000576,Ferry S.FOUL (P2.T1),,11:41,3,4,0,1,198,Danny Ferry,SAS,San Antonio,1610612759.0,Spurs,0,,,,,,0,,,,,,,,,1:30 PM
264,11,3,274,0020000576,,,11:41,3,5,0,0,1503,Tracy McGrady,ORL,Orlando,1610612753.0,Magic,0,,,,,,0,,,,,,61 - 47,-14,McGrady Free Throw 1 of 2 (27 PTS),1:30 PM
265,12,3,275,0020000576,,,11:41,3,5,0,0,1503,Tracy McGrady,ORL,Orlando,1610612753.0,Magic,0,,,,,,0,,,,,,62 - 47,-15,McGrady Free Throw 2 of 2 (28 PTS),1:31 PM
266,4,6,276,0020000576,Robinson OFF.Foul (P2),,11:27,3,4,0,1,764,David Robinson,SAS,San Antonio,1610612759.0,Spurs,0,,,,,,0,,,,,,,,,1:31 PM
267,5,5,277,0020000576,Robinson Foul Turnover (P2.T11),,11:27,3,4,0,0,764,David Robinson,SAS,San Antonio,1610612759.0,Spurs,0,,,,,,0,,,,,,,,,1:31 PM
268,2,6,278,0020000576,Robinson S.FOUL (P3.T2),,11:15,3,4,0,1,764,David Robinson,SAS,San Antonio,1610612759.0,Spurs,0,,,,,,0,,,,,,,,,1:32 PM
269,11,3,279,0020000576,,,11:15,3,5,0,0,692,Andrew DeClercq,ORL,Orlando,1610612753.0,Magic,0,,,,,,0,,,,,,,,MISS DeClercq Free Throw 1 of 2,1:32 PM
270,1,4,280,0020000576,,,11:15,3,3,0,0,1610612753,,,,,,0,,,,,,0,,,,,,,,Magic Rebound,1:32 PM
271,12,3,281,0020000576,,,11:15,3,5,0,0,692,Andrew DeClercq,ORL,Orlando,1610612753.0,Magic,0,,,,,,0,,,,,,63 - 47,-16,DeClercq Free Throw 2 of 2 (1 PTS),1:32 PM
272,1,6,282,0020000576,,,11:01,3,5,0,1,353,Darrell Armstrong,ORL,Orlando,1610612753.0,Magic,0,,,,,,0,,,,,,,,Armstrong P.FOUL (P1.T1),1:32 PM
273,1,2,283,0020000576,MISS Anderson 10' Jump Shot,,10:56,3,4,0,0,1507,Derek Anderson,SAS,San Antonio,1610612759.0,Spurs,0,,,,,,0,,,,,,,,,1:33 PM
274,0,4,284,0020000576,,,10:54,3,5,0,0,2034,Mike Miller,ORL,Orlando,1610612753.0,Magic,0,,,,,,0,,,,,,,,Miller REBOUND (Off:4 Def:2),1:33 PM
275,47,2,285,0020000576,,,10:44,3,5,0,0,1503,Tracy McGrady,ORL,Orlando,1610612753.0,Magic,0,,,,,,0,,,,,,,,MISS McGrady 14' Turnaround Jump Shot,1:33 PM
276,0,4,286,0020000576,Robinson REBOUND (Off:2 Def:4),,10:41,3,4,0,0,764,David Robinson,SAS,San Antonio,1610612759.0,Spurs,0,,,,,,0,,,,,,,,,1:33 PM
277,1,1,287,0020000576,Ferry  3PT Jump Shot (3 PTS) (Daniels 5 AST),,10:27,3,4,4,0,198,Danny Ferry,SAS,San Antonio,1610612759.0,Spurs,1498,Antonio Daniels,SAS,San Antonio,1610612759.0,Spurs,0,,,,,,63 - 50,-13,,1:33 PM
278,1,2,288,0020000576,,,10:08,3,5,0,0,2034,Mike Miller,ORL,Orlando,1610612753.0,Magic,0,,,,,,0,,,,,,,,MISS Miller 24' 3PT Jump Shot,1:34 PM
279,0,4,289,0020000576,Robinson REBOUND (Off:2 Def:5),,10:05,3,4,0,0,764,David Robinson,SAS,San Antonio,1610612759.0,Spurs,0,,,,,,0,,,,,,,,,1:34 PM
280,1,1,290,0020000576,Robinson 14' Jump Shot (11 PTS) (Anderson 2 AST),,9:56,3,4,4,0,764,David Robinson,SAS,San Antonio,1610612759.0,Spurs,1507,Derek Anderson,SAS,San Antonio,1610612759.0,Spurs,0,,,,,,63 - 52,-11,,1:34 PM
281,1,2,291,0020000576,,,9:27,3,5,0,0,353,Darrell Armstrong,ORL,Orlando,1610612753.0,Magic,0,,,,,,0,,,,,,,,MISS Armstrong 26' 3PT Jump Shot,1:35 PM
282,0,4,292,0020000576,,,9:26,3,3,0,0,1610612753,,,,,,0,,,,,,0,,,,,,,,Magic Rebound,1:35 PM
283,11,5,293,0020000576,,,9:26,3,3,0,1,1610612753,,,,,,0,,,,,,0,,,,,,,,Magic Turnover: Shot Clock (T#6),1:35 PM
284,1,2,294,0020000576,MISS Ferry 15' Jump Shot,,9:10,3,4,0,0,198,Danny Ferry,SAS,San Antonio,1610612759.0,Spurs,0,,,,,,0,,,,,,,,,1:35 PM
285,0,4,295,0020000576,Duncan REBOUND (Off:6 Def:4),,9:09,3,4,0,0,1495,Tim Duncan,SAS,San Antonio,1610612759.0,Spurs,0,,,,,,0,,,,,,,,,1:35 PM
286,2,6,296,0020000576,,,9:08,3,5,0,1,448,Bo Outlaw,ORL,Orlando,1610612753.0,Magic,0,,,,,,0,,,,,,,,Outlaw S.FOUL (P3.T2),1:35 PM
287,11,3,297,0020000576,MISS Duncan Free Throw 1 of 2,,9:08,3,4,0,0,1495,Tim Duncan,SAS,San Antonio,1610612759.0,Spurs,0,,,,,,0,,,,,,,,,1:36 PM
288,1,4,298,0020000576,SPURS Rebound,,9:08,3,2,0,0,1610612759,,,,,,0,,,,,,0,,,,,,,,,1:36 PM
289,12,3,299,0020000576,Duncan Free Throw 2 of 2 (18 PTS),,9:08,3,4,0,0,1495,Tim Duncan,SAS,San Antonio,1610612759.0,Spurs,0,,,,,,0,,,,,,63 - 53,-10,,1:36 PM
290,15,5,300,0020000576,,,8:56,3,5,0,1,692,Andrew DeClercq,ORL,Orlando,1610612753.0,Magic,0,,,,,,0,,,,,,,,DeClercq Offensive Goaltending Turnover (P1.T7),1:36 PM
291,1,2,301,0020000576,MISS Duncan 7' Jump Shot,,8:39,3,4,0,0,1495,Tim Duncan,SAS,San Antonio,1610612759.0,Spurs,0,,,,,,0,,,,,,,,,1:37 PM
292,0,4,303,0020000576,Robinson REBOUND (Off:3 Def:5),,8:37,3,4,0,0,764,David Robinson,SAS,San Antonio,1610612759.0,Spurs,0,,,,,,0,,,,,,,,,1:37 PM
293,1,2,302,0020000576,MISS Robinson 7' Jump Shot,,8:37,3,4,0,0,764,David Robinson,SAS,San Antonio,1610612759.0,Spurs,0,,,,,,0,,,,,,,,,1:37 PM
294,0,4,304,0020000576,,,8:34,3,5,0,0,353,Darrell Armstrong,ORL,Orlando,1610612753.0,Magic,0,,,,,,0,,,,,,,,Armstrong REBOUND (Off:0 Def:3),1:37 PM
295,2,5,305,0020000576,Daniels STEAL (2 STL),,8:32,3,5,4,0,692,Andrew DeClercq,ORL,Orlando,1610612753.0,Magic,1498,Antonio Daniels,SAS,San Antonio,1610612759.0,Spurs,0,,,,,,,,DeClercq Lost Ball Turnover (P2.T8),1:37 PM
296,5,1,306,0020000576,Daniels 2' Layup (7 PTS),,8:28,3,4,0,0,1498,Antonio Daniels,SAS,San Antonio,1610612759.0,Spurs,0,,,,,,0,,,,,,63 - 55,-8,,1:37 PM
297,2,6,307,0020000576,,,8:28,3,5,0,1,2034,Mike Miller,ORL,Orlando,1610612753.0,Magic,0,,,,,,0,,,,,,,,Miller S.FOUL (P2.T3),1:37 PM
298,10,3,309,0020000576,Daniels Free Throw 1 of 1 (8 PTS),,8:28,3,4,0,0,1498,Antonio Daniels,SAS,San Antonio,1610612759.0,Spurs,0,,,,,,0,,,,,,63 - 56,-7,,1:37 PM
299,0,8,310,0020000576,SUB: Walker FOR Duncan,,8:28,3,4,4,0,1495,Tim Duncan,SAS,San Antonio,1610612759.0,Spurs,955,Samaki Walker,SAS,San Antonio,1610612759.0,Spurs,0,,,,,,,,,1:38 PM
300,47,1,311,0020000576,,,8:12,3,5,0,0,1503,Tracy McGrady,ORL,Orlando,1610612753.0,Magic,0,,,,,,0,,,,,,65 - 56,-9,McGrady 10' Turnaround Jump Shot (30 PTS),1:39 PM
301,5,2,312,0020000576,MISS Anderson 1' Layup,,8:02,3,4,0,0,1507,Derek Anderson,SAS,San Antonio,1610612759.0,Spurs,0,,,,,,0,,,,,,,,,1:39 PM
302,0,4,313,0020000576,,,8:00,3,5,0,0,692,Andrew DeClercq,ORL,Orlando,1610612753.0,Magic,0,,,,,,0,,,,,,,,DeClercq REBOUND (Off:0 Def:1),1:39 PM
303,1,2,314,0020000576,,,7:56,3,5,0,0,2034,Mike Miller,ORL,Orlando,1610612753.0,Magic,0,,,,,,0,,,,,,,,MISS Miller 24' 3PT Jump Shot,1:39 PM
304,0,4,315,0020000576,Robinson REBOUND (Off:3 Def:6),,7:53,3,4,0,0,764,David Robinson,SAS,San Antonio,1610612759.0,Spurs,0,,,,,,0,,,,,,,,,1:39 PM
305,1,1,316,0020000576,Robinson 12' Jump Shot (13 PTS) (Daniels 6 AST),,7:37,3,4,4,0,764,David Robinson,SAS,San Antonio,1610612759.0,Spurs,1498,Antonio Daniels,SAS,San Antonio,1610612759.0,Spurs,0,,,,,,65 - 58,-7,,1:39 PM
306,1,6,317,0020000576,Anderson P.FOUL (P2.T3),,7:23,3,4,0,1,1507,Derek Anderson,SAS,San Antonio,1610612759.0,Spurs,0,,,,,,0,,,,,,,,,1:39 PM
307,0,8,318,0020000576,SUB: Duncan FOR Walker,,7:23,3,4,4,0,955,Samaki Walker,SAS,San Antonio,1610612759.0,Spurs,1495,Tim Duncan,SAS,San Antonio,1610612759.0,Spurs,0,,,,,,,,,1:39 PM
308,1,2,319,0020000576,Robinson BLOCK (5 BLK),,7:18,3,5,0,4,448,Bo Outlaw,ORL,Orlando,1610612753.0,Magic,0,,,,,,764,David Robinson,SAS,San Antonio,1610612759.0,Spurs,,,MISS Outlaw 10' Jump Shot,1:40 PM
309,0,4,320,0020000576,,,7:17,3,3,0,0,1610612753,,,,,,0,,,,,,0,,,,,,,,Magic Rebound,1:40 PM
310,1,2,321,0020000576,,,7:12,3,5,0,0,353,Darrell Armstrong,ORL,Orlando,1610612753.0,Magic,0,,,,,,0,,,,,,,,MISS Armstrong 24' 3PT Jump Shot,1:40 PM
311,0,4,322,0020000576,Robinson REBOUND (Off:3 Def:7),,7:10,3,4,0,0,764,David Robinson,SAS,San Antonio,1610612759.0,Spurs,0,,,,,,0,,,,,,,,,1:40 PM
312,1,2,323,0020000576,MISS Daniels 24' 3PT Jump Shot,,6:57,3,4,0,0,1498,Antonio Daniels,SAS,San Antonio,1610612759.0,Spurs,0,,,,,,0,,,,,,,,,1:40 PM
313,0,4,324,0020000576,Robinson REBOUND (Off:4 Def:7),,6:55,3,4,0,0,764,David Robinson,SAS,San Antonio,1610612759.0,Spurs,0,,,,,,0,,,,,,,,,1:40 PM
314,1,1,325,0020000576,Ferry  3PT Jump Shot (6 PTS) (Daniels 7 AST),,6:43,3,4,4,0,198,Danny Ferry,SAS,San Antonio,1610612759.0,Spurs,1498,Antonio Daniels,SAS,San Antonio,1610612759.0,Spurs,0,,,,,,65 - 61,-4,,1:41 PM
315,1,9,326,0020000576,,,6:39,3,3,0,0,1610612753,,,,,,0,,,,,,0,,,,,,,,Magic Timeout: Regular (Reg.3 Short 1),1:41 PM
316,0,8,328,0020000576,,,6:39,3,5,5,0,692,Andrew DeClercq,ORL,Orlando,1610612753.0,Magic,1720,Michael Doleac,ORL,Orlando,1610612753.0,Magic,0,,,,,,,,SUB: Doleac FOR DeClercq,1:43 PM
317,1,6,329,0020000576,Anderson P.FOUL (P3.T4),,6:30,3,4,0,1,1507,Derek Anderson,SAS,San Antonio,1610612759.0,Spurs,0,,,,,,0,,,,,,,,,1:43 PM
318,1,2,330,0020000576,Robinson BLOCK (6 BLK),,6:24,3,5,0,4,353,Darrell Armstrong,ORL,Orlando,1610612753.0,Magic,0,,,,,,764,David Robinson,SAS,San Antonio,1610612759.0,Spurs,,,MISS Armstrong 4' Jump Shot,1:44 PM
319,0,4,331,0020000576,Daniels REBOUND (Off:0 Def:2),,6:21,3,4,0,0,1498,Antonio Daniels,SAS,San Antonio,1610612759.0,Spurs,0,,,,,,0,,,,,,,,,1:44 PM
320,1,5,332,0020000576,Daniels Bad Pass Turnover (P1.T12),,6:18,3,4,0,0,1498,Antonio Daniels,SAS,San Antonio,1610612759.0,Spurs,0,,,,,,0,,,,,,,,,1:44 PM
321,1,1,333,0020000576,,,6:00,3,5,5,0,1503,Tracy McGrady,ORL,Orlando,1610612753.0,Magic,2034,Mike Miller,ORL,Orlando,1610612753.0,Magic,0,,,,,,67 - 61,-6,McGrady 9' Jump Shot (32 PTS) (Miller 2 AST),1:44 PM
322,5,2,334,0020000576,MISS Robinson 1' Layup,,5:43,3,4,0,0,764,David Robinson,SAS,San Antonio,1610612759.0,Spurs,0,,,,,,0,,,,,,,,,1:45 PM
323,0,4,335,0020000576,,,5:41,3,5,0,0,1720,Michael Doleac,ORL,Orlando,1610612753.0,Magic,0,,,,,,0,,,,,,,,Doleac REBOUND (Off:0 Def:3),1:45 PM
324,1,1,336,0020000576,,,5:31,3,5,5,0,1720,Michael Doleac,ORL,Orlando,1610612753.0,Magic,353,Darrell Armstrong,ORL,Orlando,1610612753.0,Magic,0,,,,,,69 - 61,-8,Doleac 20' Jump Shot (6 PTS) (Armstrong 11 AST),1:45 PM
325,1,9,337,0020000576,SPURS Timeout: Regular (Full 3 Short 1),,5:28,3,2,0,0,1610612759,,,,,,0,,,,,,0,,,,,,,,,1:45 PM
326,11,5,339,0020000576,SPURS Turnover: Shot Clock (T#13),,5:03,3,2,0,1,1610612759,,,,,,0,,,,,,0,,,,,,,,,1:47 PM
327,1,1,340,0020000576,,,4:52,3,5,5,0,1720,Michael Doleac,ORL,Orlando,1610612753.0,Magic,353,Darrell Armstrong,ORL,Orlando,1610612753.0,Magic,0,,,,,,71 - 61,-10,Doleac 20' Jump Shot (8 PTS) (Armstrong 12 AST),1:48 PM
328,1,2,341,0020000576,MISS Robinson 10' Jump Shot,,4:35,3,4,0,0,764,David Robinson,SAS,San Antonio,1610612759.0,Spurs,0,,,,,,0,,,,,,,,,1:48 PM
329,0,4,342,0020000576,,,4:33,3,5,0,0,353,Darrell Armstrong,ORL,Orlando,1610612753.0,Magic,0,,,,,,0,,,,,,,,Armstrong REBOUND (Off:0 Def:4),1:48 PM
330,1,2,343,0020000576,,,4:14,3,5,0,0,1503,Tracy McGrady,ORL,Orlando,1610612753.0,Magic,0,,,,,,0,,,,,,,,MISS McGrady  3PT Jump Shot,1:48 PM
331,0,4,344,0020000576,Duncan REBOUND (Off:6 Def:5),,4:12,3,4,0,0,1495,Tim Duncan,SAS,San Antonio,1610612759.0,Spurs,0,,,,,,0,,,,,,,,,1:48 PM
332,1,2,345,0020000576,MISS Duncan 12' Jump Shot,,3:57,3,4,0,0,1495,Tim Duncan,SAS,San Antonio,1610612759.0,Spurs,0,,,,,,0,,,,,,,,,1:48 PM
333,0,4,346,0020000576,,,3:55,3,5,0,0,448,Bo Outlaw,ORL,Orlando,1610612753.0,Magic,0,,,,,,0,,,,,,,,Outlaw REBOUND (Off:0 Def:2),1:48 PM
334,1,6,347,0020000576,Anderson P.FOUL (P4.PN),,3:44,3,4,0,1,1507,Derek Anderson,SAS,San Antonio,1610612759.0,Spurs,0,,,,,,0,,,,,,,,,1:49 PM
335,11,3,348,0020000576,,,3:44,3,5,0,0,1503,Tracy McGrady,ORL,Orlando,1610612753.0,Magic,0,,,,,,0,,,,,,,,MISS McGrady Free Throw 1 of 2,1:49 PM
336,1,4,349,0020000576,,,3:44,3,3,0,0,1610612753,,,,,,0,,,,,,0,,,,,,,,Magic Rebound,1:49 PM
337,0,8,350,0020000576,SUB: Porter FOR Anderson,,3:44,3,4,4,0,1507,Derek Anderson,SAS,San Antonio,1610612759.0,Spurs,345,Terry Porter,SAS,San Antonio,1610612759.0,Spurs,0,,,,,,,,,1:49 PM
338,12,3,351,0020000576,,,3:44,3,5,0,0,1503,Tracy McGrady,ORL,Orlando,1610612753.0,Magic,0,,,,,,0,,,,,,72 - 61,-11,McGrady Free Throw 2 of 2 (33 PTS),1:49 PM
339,2,6,352,0020000576,,,3:26,3,5,0,1,1720,Michael Doleac,ORL,Orlando,1610612753.0,Magic,0,,,,,,0,,,,,,,,Doleac S.FOUL (P4.T4),1:50 PM
340,11,3,353,0020000576,Robinson Free Throw 1 of 2 (14 PTS),,3:26,3,4,0,0,764,David Robinson,SAS,San Antonio,1610612759.0,Spurs,0,,,,,,0,,,,,,72 - 62,-10,,1:50 PM
341,12,3,354,0020000576,Robinson Free Throw 2 of 2 (15 PTS),,3:26,3,4,0,0,764,David Robinson,SAS,San Antonio,1610612759.0,Spurs,0,,,,,,0,,,,,,72 - 63,-9,,1:51 PM
342,47,2,355,0020000576,,,3:12,3,5,0,0,1503,Tracy McGrady,ORL,Orlando,1610612753.0,Magic,0,,,,,,0,,,,,,,,MISS McGrady 13' Turnaround Jump Shot,1:51 PM
343,0,4,356,0020000576,,,3:09,3,5,0,0,448,Bo Outlaw,ORL,Orlando,1610612753.0,Magic,0,,,,,,0,,,,,,,,Outlaw REBOUND (Off:1 Def:2),1:51 PM
344,5,1,357,0020000576,,,2:58,3,5,5,0,448,Bo Outlaw,ORL,Orlando,1610612753.0,Magic,1503,Tracy McGrady,ORL,Orlando,1610612753.0,Magic,0,,,,,,74 - 63,-11,Outlaw  Layup (2 PTS) (McGrady 3 AST),1:51 PM
345,52,1,358,0020000576,Robinson 1' Alley Oop Dunk (17 PTS) (Porter 2 AST),,2:41,3,4,4,0,764,David Robinson,SAS,San Antonio,1610612759.0,Spurs,345,Terry Porter,SAS,San Antonio,1610612759.0,Spurs,0,,,,,,74 - 65,-9,,1:51 PM
346,1,2,359,0020000576,,,2:26,3,5,0,0,2034,Mike Miller,ORL,Orlando,1610612753.0,Magic,0,,,,,,0,,,,,,,,MISS Miller  3PT Jump Shot,1:52 PM
347,0,4,360,0020000576,Porter REBOUND (Off:0 Def:1),,2:23,3,4,0,0,345,Terry Porter,SAS,San Antonio,1610612759.0,Spurs,0,,,,,,0,,,,,,,,,1:52 PM
348,1,2,361,0020000576,MISS Duncan 9' Jump Shot,,2:18,3,4,0,0,1495,Tim Duncan,SAS,San Antonio,1610612759.0,Spurs,0,,,,,,0,,,,,,,,,1:52 PM
349,0,4,362,0020000576,,,2:17,3,3,0,0,1610612753,,,,,,0,,,,,,0,,,,,,,,Magic Rebound,1:52 PM
350,0,8,363,0020000576,,,2:17,3,5,5,0,1720,Michael Doleac,ORL,Orlando,1610612753.0,Magic,680,John Amaechi,ORL,Orlando,1610612753.0,Magic,0,,,,,,,,SUB: Amaechi FOR Doleac,1:52 PM
351,0,8,364,0020000576,SUB: Walker FOR Robinson,,2:17,3,4,4,0,764,David Robinson,SAS,San Antonio,1610612759.0,Spurs,955,Samaki Walker,SAS,San Antonio,1610612759.0,Spurs,0,,,,,,,,,1:52 PM
352,1,2,365,0020000576,,,2:08,3,5,0,0,2034,Mike Miller,ORL,Orlando,1610612753.0,Magic,0,,,,,,0,,,,,,,,MISS Miller 25' 3PT Jump Shot,1:52 PM
353,0,4,366,0020000576,,,2:06,3,3,0,0,1610612753,,,,,,0,,,,,,0,,,,,,,,Magic Rebound,1:53 PM
354,1,1,367,0020000576,,,1:53,3,5,5,0,2034,Mike Miller,ORL,Orlando,1610612753.0,Magic,1503,Tracy McGrady,ORL,Orlando,1610612753.0,Magic,0,,,,,,76 - 65,-11,Miller 11' Jump Shot (11 PTS) (McGrady 4 AST),1:53 PM
355,7,1,368,0020000576,Walker 1' Dunk (6 PTS) (Daniels 8 AST),,1:33,3,4,4,0,955,Samaki Walker,SAS,San Antonio,1610612759.0,Spurs,1498,Antonio Daniels,SAS,San Antonio,1610612759.0,Spurs,0,,,,,,76 - 67,-9,,1:53 PM
356,47,2,369,0020000576,,,1:10,3,5,0,0,1503,Tracy McGrady,ORL,Orlando,1610612753.0,Magic,0,,,,,,0,,,,,,,,MISS McGrady 14' Turnaround Jump Shot,1:54 PM
357,0,4,370,0020000576,Walker REBOUND (Off:1 Def:2),,1:07,3,4,0,0,955,Samaki Walker,SAS,San Antonio,1610612759.0,Spurs,0,,,,,,0,,,,,,,,,1:54 PM
358,1,1,371,0020000576,Duncan 8' Jump Shot (20 PTS),,0:57,3,4,0,0,1495,Tim Duncan,SAS,San Antonio,1610612759.0,Spurs,0,,,,,,0,,,,,,76 - 69,-7,,1:54 PM
359,1,5,372,0020000576,,,0:41,3,5,0,0,680,John Amaechi,ORL,Orlando,1610612753.0,Magic,0,,,,,,0,,,,,,,,Amaechi Bad Pass Turnover (P2.T9),1:54 PM
360,1,1,373,0020000576,Daniels 14' Jump Shot (10 PTS),,0:29,3,4,0,0,1498,Antonio Daniels,SAS,San Antonio,1610612759.0,Spurs,0,,,,,,0,,,,,,76 - 71,-5,,1:55 PM
361,1,2,374,0020000576,,,0:05,3,5,0,0,353,Darrell Armstrong,ORL,Orlando,1610612753.0,Magic,0,,,,,,0,,,,,,,,MISS Armstrong 8' Jump Shot,1:55 PM
362,0,4,375,0020000576,,,0:03,3,5,0,0,353,Darrell Armstrong,ORL,Orlando,1610612753.0,Magic,0,,,,,,0,,,,,,,,Armstrong REBOUND (Off:1 Def:4),1:55 PM
363,1,2,376,0020000576,,,0:01,3,5,0,0,1503,Tracy McGrady,ORL,Orlando,1610612753.0,Magic,0,,,,,,0,,,,,,,,MISS McGrady 26' 3PT Jump Shot,1:55 PM
364,0,4,377,0020000576,Walker REBOUND (Off:1 Def:3),,0:00,3,4,0,0,955,Samaki Walker,SAS,San Antonio,1610612759.0,Spurs,0,,,,,,0,,,,,,,,,1:55 PM
365,0,13,378,0020000576,,,0:00,3,0,0,0,0,,,,,,0,,,,,,0,,,,,,76 - 71,-5,,1:55 PM
366,0,12,380,0020000576,,,12:00,4,0,0,0,0,,,,,,0,,,,,,0,,,,,,76 - 71,-5,,1:58 PM
367,1,2,381,0020000576,MISS Walker 14' Jump Shot,,11:44,4,4,0,0,955,Samaki Walker,SAS,San Antonio,1610612759.0,Spurs,0,,,,,,0,,,,,,,,,1:58 PM
368,0,4,382,0020000576,,,11:41,4,5,0,0,1607,Troy Hudson,ORL,Orlando,1610612753.0,Magic,0,,,,,,0,,,,,,,,Hudson REBOUND (Off:0 Def:1),1:58 PM
369,1,5,383,0020000576,,,11:39,4,5,0,0,1607,Troy Hudson,ORL,Orlando,1610612753.0,Magic,0,,,,,,0,,,,,,,,Hudson Bad Pass Turnover (P2.T10),1:58 PM
370,1,6,384,0020000576,,,11:29,4,5,0,1,1607,Troy Hudson,ORL,Orlando,1610612753.0,Magic,0,,,,,,0,,,,,,,,Hudson P.FOUL (P2.T1),1:59 PM
371,4,5,385,0020000576,Walker Traveling Turnover (P2.T14),,11:20,4,4,0,1,955,Samaki Walker,SAS,San Antonio,1610612759.0,Spurs,0,,,,,,0,,,,,,,,,1:59 PM
372,47,2,386,0020000576,,,11:02,4,5,0,0,1503,Tracy McGrady,ORL,Orlando,1610612753.0,Magic,0,,,,,,0,,,,,,,,MISS McGrady 14' Turnaround Jump Shot,2:00 PM
373,0,4,387,0020000576,Walker REBOUND (Off:1 Def:4),,11:00,4,4,0,0,955,Samaki Walker,SAS,San Antonio,1610612759.0,Spurs,0,,,,,,0,,,,,,,,,2:00 PM
374,1,6,388,0020000576,,,10:48,4,5,0,1,1727,Pat Garrity,ORL,Orlando,1610612753.0,Magic,0,,,,,,0,,,,,,,,Garrity P.FOUL (P2.T2),2:00 PM
375,0,8,389,0020000576,,,10:48,4,5,5,0,1503,Tracy McGrady,ORL,Orlando,1610612753.0,Magic,448,Bo Outlaw,ORL,Orlando,1610612753.0,Magic,0,,,,,,,,SUB: Outlaw FOR McGrady,2:00 PM
376,1,2,390,0020000576,MISS Ferry 28' 3PT Jump Shot,,10:32,4,4,0,0,198,Danny Ferry,SAS,San Antonio,1610612759.0,Spurs,0,,,,,,0,,,,,,,,,2:01 PM
377,0,4,391,0020000576,SPURS Rebound,,10:32,4,2,0,0,1610612759,,,,,,0,,,,,,0,,,,,,,,,2:01 PM
378,11,5,392,0020000576,SPURS Turnover: Shot Clock (T#15),,10:31,4,2,0,1,1610612759,,,,,,0,,,,,,0,,,,,,,,,2:01 PM
379,1,2,393,0020000576,,,10:18,4,5,0,0,42,Monty Williams,ORL,Orlando,1610612753.0,Magic,0,,,,,,0,,,,,,,,MISS Williams 4' Jump Shot,2:01 PM
380,0,4,394,0020000576,Porter REBOUND (Off:0 Def:2),,10:17,4,4,0,0,345,Terry Porter,SAS,San Antonio,1610612759.0,Spurs,0,,,,,,0,,,,,,,,,2:01 PM
381,1,2,395,0020000576,MISS Porter 25' 3PT Jump Shot,,10:10,4,4,0,0,345,Terry Porter,SAS,San Antonio,1610612759.0,Spurs,0,,,,,,0,,,,,,,,,2:01 PM
382,0,4,396,0020000576,,,10:08,4,5,0,0,1607,Troy Hudson,ORL,Orlando,1610612753.0,Magic,0,,,,,,0,,,,,,,,Hudson REBOUND (Off:0 Def:2),2:01 PM
383,2,6,397,0020000576,Duncan S.FOUL (P3.T1),,10:00,4,4,0,1,1495,Tim Duncan,SAS,San Antonio,1610612759.0,Spurs,0,,,,,,0,,,,,,,,,2:01 PM
384,11,3,398,0020000576,,,10:00,4,5,0,0,680,John Amaechi,ORL,Orlando,1610612753.0,Magic,0,,,,,,0,,,,,,,,MISS Amaechi Free Throw 1 of 2,2:02 PM
385,1,4,399,0020000576,,,10:00,4,3,0,0,1610612753,,,,,,0,,,,,,0,,,,,,,,Magic Rebound,2:02 PM
386,12,3,400,0020000576,,,10:00,4,5,0,0,680,John Amaechi,ORL,Orlando,1610612753.0,Magic,0,,,,,,0,,,,,,77 - 71,-6,Amaechi Free Throw 2 of 2 (3 PTS),2:02 PM
387,1,2,401,0020000576,MISS Duncan 15' Jump Shot,,9:45,4,4,0,0,1495,Tim Duncan,SAS,San Antonio,1610612759.0,Spurs,0,,,,,,0,,,,,,,,,2:02 PM
388,0,4,402,0020000576,,,9:43,4,5,0,0,1727,Pat Garrity,ORL,Orlando,1610612753.0,Magic,0,,,,,,0,,,,,,,,Garrity REBOUND (Off:0 Def:1),2:02 PM
389,1,1,403,0020000576,,,9:38,4,5,5,0,1727,Pat Garrity,ORL,Orlando,1610612753.0,Magic,1607,Troy Hudson,ORL,Orlando,1610612753.0,Magic,0,,,,,,80 - 71,-9,Garrity 26' 3PT Jump Shot (6 PTS) (Hudson 1 AST),2:02 PM
390,1,2,404,0020000576,MISS Daniels 24' 3PT Jump Shot,,9:16,4,4,0,0,1498,Antonio Daniels,SAS,San Antonio,1610612759.0,Spurs,0,,,,,,0,,,,,,,,,2:03 PM
391,0,4,405,0020000576,,,9:14,4,5,0,0,42,Monty Williams,ORL,Orlando,1610612753.0,Magic,0,,,,,,0,,,,,,,,Williams REBOUND (Off:0 Def:2),2:03 PM
392,1,2,406,0020000576,,,8:55,4,5,0,0,680,John Amaechi,ORL,Orlando,1610612753.0,Magic,0,,,,,,0,,,,,,,,MISS Amaechi 16' Jump Shot,2:03 PM
393,0,4,407,0020000576,Duncan REBOUND (Off:6 Def:6),,8:53,4,4,0,0,1495,Tim Duncan,SAS,San Antonio,1610612759.0,Spurs,0,,,,,,0,,,,,,,,,2:03 PM
394,1,1,408,0020000576,Ferry 18' Jump Shot (8 PTS) (Daniels 9 AST),,8:45,4,4,4,0,198,Danny Ferry,SAS,San Antonio,1610612759.0,Spurs,1498,Antonio Daniels,SAS,San Antonio,1610612759.0,Spurs,0,,,,,,80 - 73,-7,,2:03 PM
395,1,6,409,0020000576,Walker P.FOUL (P3.T2),,8:26,4,4,0,1,955,Samaki Walker,SAS,San Antonio,1610612759.0,Spurs,0,,,,,,0,,,,,,,,,2:04 PM
396,4,9,411,0020000576,,,8:26,4,1,0,0,0,,,,,,0,,,,,,0,,,,,,,,,2:04 PM
397,0,8,413,0020000576,SUB: Robinson FOR Walker,,8:26,4,4,4,0,955,Samaki Walker,SAS,San Antonio,1610612759.0,Spurs,764,David Robinson,SAS,San Antonio,1610612759.0,Spurs,0,,,,,,,,,2:05 PM
398,0,8,414,0020000576,SUB: Anderson FOR Ferry,,8:26,4,4,4,0,198,Danny Ferry,SAS,San Antonio,1610612759.0,Spurs,1507,Derek Anderson,SAS,San Antonio,1610612759.0,Spurs,0,,,,,,,,,2:06 PM
399,1,1,415,0020000576,,,8:21,4,5,0,0,1607,Troy Hudson,ORL,Orlando,1610612753.0,Magic,0,,,,,,0,,,,,,82 - 73,-9,Hudson 17' Jump Shot (10 PTS),2:06 PM
400,1,5,416,0020000576,Daniels Bad Pass Turnover (P2.T16),,8:11,4,4,0,0,1498,Antonio Daniels,SAS,San Antonio,1610612759.0,Spurs,0,,,,,,0,,,,,,,,,2:06 PM
401,5,1,417,0020000576,,,7:53,4,5,0,0,680,John Amaechi,ORL,Orlando,1610612753.0,Magic,0,,,,,,0,,,,,,84 - 73,-11,Amaechi 1' Layup (5 PTS),2:06 PM
402,1,2,418,0020000576,MISS Daniels 25' 3PT Jump Shot,,7:37,4,4,0,0,1498,Antonio Daniels,SAS,San Antonio,1610612759.0,Spurs,0,,,,,,0,,,,,,,,,2:07 PM
403,0,4,419,0020000576,,,7:35,4,5,0,0,448,Bo Outlaw,ORL,Orlando,1610612753.0,Magic,0,,,,,,0,,,,,,,,Outlaw REBOUND (Off:1 Def:3),2:07 PM
404,5,1,420,0020000576,,,7:23,4,5,5,0,42,Monty Williams,ORL,Orlando,1610612753.0,Magic,1607,Troy Hudson,ORL,Orlando,1610612753.0,Magic,0,,,,,,86 - 73,-13,Williams 2' Layup (2 PTS) (Hudson 2 AST),2:07 PM
405,2,6,421,0020000576,,,7:04,4,5,0,1,1607,Troy Hudson,ORL,Orlando,1610612753.0,Magic,0,,,,,,0,,,,,,,,Hudson S.FOUL (P3.T3),2:07 PM
406,0,8,422,0020000576,SUB: Kerr FOR Daniels,,7:04,4,4,4,0,1498,Antonio Daniels,SAS,San Antonio,1610612759.0,Spurs,70,Steve Kerr,SAS,San Antonio,1610612759.0,Spurs,0,,,,,,,,,2:07 PM
407,11,3,423,0020000576,Porter Free Throw 1 of 2 (3 PTS),,7:04,4,4,0,0,345,Terry Porter,SAS,San Antonio,1610612759.0,Spurs,0,,,,,,0,,,,,,86 - 74,-12,,2:08 PM
408,12,3,424,0020000576,MISS Porter Free Throw 2 of 2,,7:04,4,4,0,0,345,Terry Porter,SAS,San Antonio,1610612759.0,Spurs,0,,,,,,0,,,,,,,,,2:08 PM
409,0,4,425,0020000576,,,7:03,4,5,0,0,1607,Troy Hudson,ORL,Orlando,1610612753.0,Magic,0,,,,,,0,,,,,,,,Hudson REBOUND (Off:0 Def:3),2:08 PM
410,1,2,426,0020000576,Duncan BLOCK (3 BLK),,6:42,4,5,0,4,42,Monty Williams,ORL,Orlando,1610612753.0,Magic,0,,,,,,1495,Tim Duncan,SAS,San Antonio,1610612759.0,Spurs,,,MISS Williams 10' Jump Shot,2:08 PM
411,0,4,427,0020000576,Duncan REBOUND (Off:6 Def:7),,6:40,4,4,0,0,1495,Tim Duncan,SAS,San Antonio,1610612759.0,Spurs,0,,,,,,0,,,,,,,,,2:08 PM
412,1,6,428,0020000576,,,6:35,4,5,0,1,448,Bo Outlaw,ORL,Orlando,1610612753.0,Magic,0,,,,,,0,,,,,,,,Outlaw P.FOUL (P4.T4),2:09 PM
413,0,8,429,0020000576,,,6:35,4,5,5,0,42,Monty Williams,ORL,Orlando,1610612753.0,Magic,1503,Tracy McGrady,ORL,Orlando,1610612753.0,Magic,0,,,,,,,,SUB: McGrady FOR Williams,2:09 PM
414,1,2,430,0020000576,MISS Anderson 14' Jump Shot,,6:21,4,4,0,0,1507,Derek Anderson,SAS,San Antonio,1610612759.0,Spurs,0,,,,,,0,,,,,,,,,2:09 PM
415,0,4,431,0020000576,,,6:19,4,5,0,0,448,Bo Outlaw,ORL,Orlando,1610612753.0,Magic,0,,,,,,0,,,,,,,,Outlaw REBOUND (Off:1 Def:4),2:09 PM
416,0,10,432,0020000576,Jump Ball Anderson vs. Outlaw: Tip to McGrady,,6:14,4,4,5,5,1507,Derek Anderson,SAS,San Antonio,1610612759.0,Spurs,448,Bo Outlaw,ORL,Orlando,1610612753.0,Magic,1503,Tracy McGrady,ORL,Orlando,1610612753.0,Magic,,,,2:09 PM
417,1,2,433,0020000576,,,5:55,4,5,0,0,1503,Tracy McGrady,ORL,Orlando,1610612753.0,Magic,0,,,,,,0,,,,,,,,MISS McGrady 13' Jump Shot,2:10 PM
418,0,4,434,0020000576,Robinson REBOUND (Off:4 Def:8),,5:53,4,4,0,0,764,David Robinson,SAS,San Antonio,1610612759.0,Spurs,0,,,,,,0,,,,,,,,,2:10 PM
419,52,1,435,0020000576,Robinson  Alley Oop Dunk (19 PTS) (Anderson 3 AST),,5:48,4,4,4,0,764,David Robinson,SAS,San Antonio,1610612759.0,Spurs,1507,Derek Anderson,SAS,San Antonio,1610612759.0,Spurs,0,,,,,,86 - 76,-10,,2:10 PM
420,1,9,436,0020000576,SPURS Timeout: Regular (Full 4 Short 1),,5:30,4,2,0,0,1610612759,,,,,,0,,,,,,0,,,,,,,,,2:10 PM
421,0,8,438,0020000576,,,5:30,4,5,5,0,1607,Troy Hudson,ORL,Orlando,1610612753.0,Magic,353,Darrell Armstrong,ORL,Orlando,1610612753.0,Magic,0,,,,,,,,SUB: Armstrong FOR Hudson,2:12 PM
422,0,8,439,0020000576,SUB: Daniels FOR Porter,,5:29,4,4,4,0,345,Terry Porter,SAS,San Antonio,1610612759.0,Spurs,1498,Antonio Daniels,SAS,San Antonio,1610612759.0,Spurs,0,,,,,,,,,2:13 PM
423,1,2,440,0020000576,,,5:19,4,5,0,0,1503,Tracy McGrady,ORL,Orlando,1610612753.0,Magic,0,,,,,,0,,,,,,,,MISS McGrady 13' Jump Shot,2:13 PM
424,0,4,442,0020000576,,,5:17,4,5,0,0,1727,Pat Garrity,ORL,Orlando,1610612753.0,Magic,0,,,,,,0,,,,,,,,Garrity REBOUND (Off:1 Def:1),2:13 PM
425,5,2,441,0020000576,,,5:17,4,5,0,0,1727,Pat Garrity,ORL,Orlando,1610612753.0,Magic,0,,,,,,0,,,,,,,,MISS Garrity 1' Layup,2:13 PM
426,0,4,443,0020000576,Duncan REBOUND (Off:6 Def:8),,5:16,4,4,0,0,1495,Tim Duncan,SAS,San Antonio,1610612759.0,Spurs,0,,,,,,0,,,,,,,,,2:13 PM
427,2,6,444,0020000576,,,5:07,4,5,0,1,448,Bo Outlaw,ORL,Orlando,1610612753.0,Magic,0,,,,,,0,,,,,,,,Outlaw S.FOUL (P5.PN),2:13 PM
428,11,3,445,0020000576,Robinson Free Throw 1 of 2 (20 PTS),,5:07,4,4,0,0,764,David Robinson,SAS,San Antonio,1610612759.0,Spurs,0,,,,,,0,,,,,,86 - 77,-9,,2:14 PM
429,12,3,446,0020000576,Robinson Free Throw 2 of 2 (21 PTS),,5:07,4,4,0,0,764,David Robinson,SAS,San Antonio,1610612759.0,Spurs,0,,,,,,0,,,,,,86 - 78,-8,,2:14 PM
430,1,1,447,0020000576,,,4:53,4,5,0,0,1503,Tracy McGrady,ORL,Orlando,1610612753.0,Magic,0,,,,,,0,,,,,,88 - 78,-10,McGrady 10' Jump Shot (35 PTS),2:14 PM
431,1,1,448,0020000576,Daniels 25' 3PT Jump Shot (13 PTS) (Anderson 4 AST),,4:33,4,4,4,0,1498,Antonio Daniels,SAS,San Antonio,1610612759.0,Spurs,1507,Derek Anderson,SAS,San Antonio,1610612759.0,Spurs,0,,,,,,88 - 81,-7,,2:15 PM
432,1,2,449,0020000576,,,4:13,4,5,0,0,680,John Amaechi,ORL,Orlando,1610612753.0,Magic,0,,,,,,0,,,,,,,,MISS Amaechi 17' Jump Shot,2:15 PM
433,0,4,450,0020000576,Daniels REBOUND (Off:0 Def:3),,4:11,4,4,0,0,1498,Antonio Daniels,SAS,San Antonio,1610612759.0,Spurs,0,,,,,,0,,,,,,,,,2:15 PM
434,1,1,451,0020000576,Kerr 17' Jump Shot (5 PTS) (Daniels 10 AST),,4:06,4,4,4,0,70,Steve Kerr,SAS,San Antonio,1610612759.0,Spurs,1498,Antonio Daniels,SAS,San Antonio,1610612759.0,Spurs,0,,,,,,88 - 83,-5,,2:15 PM
435,1,9,452,0020000576,,,4:04,4,3,0,0,1610612753,,,,,,0,,,,,,0,,,,,,,,Magic Timeout: Regular (Reg.4 Short 1),2:15 PM
436,0,8,454,0020000576,,,4:04,4,5,5,0,680,John Amaechi,ORL,Orlando,1610612753.0,Magic,1720,Michael Doleac,ORL,Orlando,1610612753.0,Magic,0,,,,,,,,SUB: Doleac FOR Amaechi,2:17 PM
437,1,1,455,0020000576,,,3:44,4,5,5,0,1720,Michael Doleac,ORL,Orlando,1610612753.0,Magic,448,Bo Outlaw,ORL,Orlando,1610612753.0,Magic,0,,,,,,90 - 83,-7,Doleac 19' Jump Shot (10 PTS) (Outlaw 1 AST),2:17 PM
438,1,1,456,0020000576,Duncan 8' Jump Shot (22 PTS) (Daniels 11 AST),,3:27,4,4,4,0,1495,Tim Duncan,SAS,San Antonio,1610612759.0,Spurs,1498,Antonio Daniels,SAS,San Antonio,1610612759.0,Spurs,0,,,,,,90 - 85,-5,,2:18 PM
439,2,6,457,0020000576,,,3:27,4,5,0,1,448,Bo Outlaw,ORL,Orlando,1610612753.0,Magic,0,,,,,,0,,,,,,,,Outlaw S.FOUL (P6.PN),2:18 PM
440,0,8,458,0020000576,,,3:27,4,5,5,0,448,Bo Outlaw,ORL,Orlando,1610612753.0,Magic,2034,Mike Miller,ORL,Orlando,1610612753.0,Magic,0,,,,,,,,SUB: Miller FOR Outlaw,2:18 PM
441,0,8,460,0020000576,,,3:27,4,5,5,0,1727,Pat Garrity,ORL,Orlando,1610612753.0,Magic,690,Don Reid,ORL,Orlando,1610612753.0,Magic,0,,,,,,,,SUB: Reid FOR Garrity,2:18 PM
442,10,3,461,0020000576,MISS Duncan Free Throw 1 of 1,,3:27,4,4,0,0,1495,Tim Duncan,SAS,San Antonio,1610612759.0,Spurs,0,,,,,,0,,,,,,,,,2:18 PM
443,0,4,462,0020000576,,,3:26,4,5,0,0,690,Don Reid,ORL,Orlando,1610612753.0,Magic,0,,,,,,0,,,,,,,,Reid REBOUND (Off:1 Def:4),2:18 PM
444,1,1,463,0020000576,,,3:04,4,5,5,0,2034,Mike Miller,ORL,Orlando,1610612753.0,Magic,1720,Michael Doleac,ORL,Orlando,1610612753.0,Magic,0,,,,,,93 - 85,-8,Miller 24' 3PT Jump Shot (14 PTS) (Doleac 1 AST),2:19 PM
445,5,1,464,0020000576,Duncan 2' Layup (24 PTS) (Kerr 1 AST),,2:40,4,4,4,0,1495,Tim Duncan,SAS,San Antonio,1610612759.0,Spurs,70,Steve Kerr,SAS,San Antonio,1610612759.0,Spurs,0,,,,,,93 - 87,-6,,2:19 PM
446,2,6,465,0020000576,,,2:40,4,5,0,1,1720,Michael Doleac,ORL,Orlando,1610612753.0,Magic,0,,,,,,0,,,,,,,,Doleac S.FOUL (P5.PN),2:19 PM
447,10,3,466,0020000576,MISS Duncan Free Throw 1 of 1,,2:40,4,4,0,0,1495,Tim Duncan,SAS,San Antonio,1610612759.0,Spurs,0,,,,,,0,,,,,,,,,2:19 PM
448,0,4,467,0020000576,,,2:40,4,5,0,0,690,Don Reid,ORL,Orlando,1610612753.0,Magic,0,,,,,,0,,,,,,,,Reid REBOUND (Off:1 Def:5),2:20 PM
449,1,2,468,0020000576,,,2:20,4,5,0,0,1503,Tracy McGrady,ORL,Orlando,1610612753.0,Magic,0,,,,,,0,,,,,,,,MISS McGrady 15' Jump Shot,2:20 PM
450,0,4,469,0020000576,Duncan REBOUND (Off:6 Def:9),,2:18,4,4,0,0,1495,Tim Duncan,SAS,San Antonio,1610612759.0,Spurs,0,,,,,,0,,,,,,,,,2:20 PM
451,5,1,470,0020000576,Robinson 2' Layup (23 PTS) (Kerr 2 AST),,2:07,4,4,4,0,764,David Robinson,SAS,San Antonio,1610612759.0,Spurs,70,Steve Kerr,SAS,San Antonio,1610612759.0,Spurs,0,,,,,,93 - 89,-4,,2:20 PM
452,2,6,471,0020000576,,,2:07,4,5,0,1,2034,Mike Miller,ORL,Orlando,1610612753.0,Magic,0,,,,,,0,,,,,,,,Miller S.FOUL (P3.PN),2:20 PM
453,10,3,472,0020000576,Robinson Free Throw 1 of 1 (24 PTS),,2:07,4,4,0,0,764,David Robinson,SAS,San Antonio,1610612759.0,Spurs,0,,,,,,0,,,,,,93 - 90,-3,,2:20 PM
454,1,9,473,0020000576,,,2:07,4,3,0,0,1610612753,,,,,,0,,,,,,0,,,,,,,,Magic Timeout: Regular (Reg.5 Short 1),2:21 PM
455,2,5,475,0020000576,Duncan STEAL (1 STL),,1:50,4,5,4,0,1720,Michael Doleac,ORL,Orlando,1610612753.0,Magic,1495,Tim Duncan,SAS,San Antonio,1610612759.0,Spurs,0,,,,,,,,Doleac Lost Ball Turnover (P2.T11),2:23 PM
456,1,1,476,0020000576,Kerr 26' 3PT Jump Shot (8 PTS) (Anderson 5 AST),,1:41,4,4,4,0,70,Steve Kerr,SAS,San Antonio,1610612759.0,Spurs,1507,Derek Anderson,SAS,San Antonio,1610612759.0,Spurs,0,,,,,,93 - 93,TIE,,2:23 PM
457,1,2,477,0020000576,,,1:19,4,5,0,0,353,Darrell Armstrong,ORL,Orlando,1610612753.0,Magic,0,,,,,,0,,,,,,,,MISS Armstrong 15' Jump Shot,2:23 PM
458,0,4,478,0020000576,,,1:18,4,5,0,0,690,Don Reid,ORL,Orlando,1610612753.0,Magic,0,,,,,,0,,,,,,,,Reid REBOUND (Off:2 Def:5),2:23 PM
459,1,1,479,0020000576,,,1:05,4,5,5,0,2034,Mike Miller,ORL,Orlando,1610612753.0,Magic,353,Darrell Armstrong,ORL,Orlando,1610612753.0,Magic,0,,,,,,96 - 93,-3,Miller 24' 3PT Jump Shot (17 PTS) (Armstrong 13 AST),2:24 PM
460,1,1,480,0020000576,Duncan 19' Jump Shot (26 PTS),,0:51,4,4,0,0,1495,Tim Duncan,SAS,San Antonio,1610612759.0,Spurs,0,,,,,,0,,,,,,96 - 95,-1,,2:24 PM
461,1,2,481,0020000576,,,0:27,4,5,0,0,1503,Tracy McGrady,ORL,Orlando,1610612753.0,Magic,0,,,,,,0,,,,,,,,MISS McGrady 15' Jump Shot,2:24 PM
462,0,4,482,0020000576,Robinson REBOUND (Off:4 Def:9),,0:25,4,4,0,0,764,David Robinson,SAS,San Antonio,1610612759.0,Spurs,0,,,,,,0,,,,,,,,,2:24 PM
463,1,9,483,0020000576,SPURS Timeout: Regular (Full 5 Short 1),,0:18,4,2,0,0,1610612759,,,,,,0,,,,,,0,,,,,,,,,2:25 PM
464,0,8,484,0020000576,SUB: Ferry FOR Daniels,,0:18,4,4,4,0,1498,Antonio Daniels,SAS,San Antonio,1610612759.0,Spurs,198,Danny Ferry,SAS,San Antonio,1610612759.0,Spurs,0,,,,,,,,,2:26 PM
465,0,8,485,0020000576,,,0:18,4,5,5,0,1720,Michael Doleac,ORL,Orlando,1610612753.0,Magic,692,Andrew DeClercq,ORL,Orlando,1610612753.0,Magic,0,,,,,,,,SUB: DeClercq FOR Doleac,2:26 PM
466,1,6,486,0020000576,,,0:13,4,5,0,1,690,Don Reid,ORL,Orlando,1610612753.0,Magic,0,,,,,,0,,,,,,,,Reid P.FOUL (P4.PN),2:27 PM
467,11,3,487,0020000576,MISS Robinson Free Throw 1 of 2,,0:13,4,4,0,0,764,David Robinson,SAS,San Antonio,1610612759.0,Spurs,0,,,,,,0,,,,,,,,,2:27 PM
468,1,4,488,0020000576,SPURS Rebound,,0:13,4,2,0,0,1610612759,,,,,,0,,,,,,0,,,,,,,,,2:27 PM
469,0,8,489,0020000576,SUB: Daniels FOR Kerr,,0:13,4,4,4,0,70,Steve Kerr,SAS,San Antonio,1610612759.0,Spurs,1498,Antonio Daniels,SAS,San Antonio,1610612759.0,Spurs,0,,,,,,,,,2:27 PM
470,12,3,490,0020000576,Robinson Free Throw 2 of 2 (25 PTS),,0:13,4,4,0,0,764,David Robinson,SAS,San Antonio,1610612759.0,Spurs,0,,,,,,0,,,,,,96 - 96,TIE,,2:27 PM
471,1,9,492,0020000576,,,0:13,4,3,0,0,1610612753,,,,,,0,,,,,,0,,,,,,,,Magic Timeout: Regular (Reg.6 Short 1),2:28 PM
472,0,8,493,0020000576,,,0:13,4,5,5,0,690,Don Reid,ORL,Orlando,1610612753.0,Magic,1727,Pat Garrity,ORL,Orlando,1610612753.0,Magic,0,,,,,,,,SUB: Garrity FOR Reid,2:29 PM
473,45,2,498,0020000576,,,0:13,4,5,0,0,1727,Pat Garrity,ORL,Orlando,1610612753.0,Magic,0,,,,,,0,,,,,,,,MISS Garrity 17' Jump Shot,2:29 PM
474,0,8,494,0020000576,,,0:13,4,5,5,0,692,Andrew DeClercq,ORL,Orlando,1610612753.0,Magic,1720,Michael Doleac,ORL,Orlando,1610612753.0,Magic,0,,,,,,,,SUB: Doleac FOR DeClercq,2:29 PM
475,0,4,495,0020000576,,,0:00,4,3,0,0,1610612753,,,,,,0,,,,,,0,,,,,,,,Magic Rebound,2:30 PM
476,0,13,496,0020000576,,,0:00,4,0,0,0,0,,,,,,0,,,,,,0,,,,,,96 - 96,TIE,,2:30 PM
477,0,12,499,0020000576,,,5:00,5,0,0,0,0,,,,,,0,,,,,,0,,,,,,96 - 96,TIE,,2:32 PM
478,0,10,500,0020000576,Jump Ball Robinson vs. Doleac: Tip to Daniels,,5:00,5,4,5,4,764,David Robinson,SAS,San Antonio,1610612759.0,Spurs,1720,Michael Doleac,ORL,Orlando,1610612753.0,Magic,1498,Antonio Daniels,SAS,San Antonio,1610612759.0,Spurs,,,,2:32 PM
479,1,2,501,0020000576,MISS Daniels 15' Jump Shot,,4:38,5,4,0,0,1498,Antonio Daniels,SAS,San Antonio,1610612759.0,Spurs,0,,,,,,0,,,,,,,,,2:33 PM
480,0,4,502,0020000576,,,4:36,5,5,0,0,692,Andrew DeClercq,ORL,Orlando,1610612753.0,Magic,0,,,,,,0,,,,,,,,DeClercq REBOUND (Off:0 Def:2),2:33 PM
481,1,2,503,0020000576,,,4:20,5,5,0,0,1720,Michael Doleac,ORL,Orlando,1610612753.0,Magic,0,,,,,,0,,,,,,,,MISS Doleac 18' Jump Shot,2:33 PM
482,0,4,504,0020000576,Robinson REBOUND (Off:4 Def:10),,4:18,5,4,0,0,764,David Robinson,SAS,San Antonio,1610612759.0,Spurs,0,,,,,,0,,,,,,,,,2:33 PM
483,2,6,505,0020000576,,,4:11,5,5,0,1,2034,Mike Miller,ORL,Orlando,1610612753.0,Magic,0,,,,,,0,,,,,,,,Miller S.FOUL (P4.T1),2:33 PM
484,11,3,506,0020000576,Duncan Free Throw 1 of 2 (27 PTS),,4:11,5,4,0,0,1495,Tim Duncan,SAS,San Antonio,1610612759.0,Spurs,0,,,,,,0,,,,,,96 - 97,1,,2:34 PM
485,12,3,507,0020000576,MISS Duncan Free Throw 2 of 2,,4:11,5,4,0,0,1495,Tim Duncan,SAS,San Antonio,1610612759.0,Spurs,0,,,,,,0,,,,,,,,,2:34 PM
486,0,4,508,0020000576,,,4:10,5,5,0,0,1720,Michael Doleac,ORL,Orlando,1610612753.0,Magic,0,,,,,,0,,,,,,,,Doleac REBOUND (Off:0 Def:4),2:34 PM
487,1,1,509,0020000576,,,4:00,5,5,0,0,353,Darrell Armstrong,ORL,Orlando,1610612753.0,Magic,0,,,,,,0,,,,,,98 - 97,-1,Armstrong 17' Jump Shot (8 PTS),2:34 PM
488,1,6,510,0020000576,,,3:44,5,5,0,1,692,Andrew DeClercq,ORL,Orlando,1610612753.0,Magic,0,,,,,,0,,,,,,,,DeClercq P.FOUL (P4.T2),2:34 PM
489,1,2,511,0020000576,MISS Daniels 24' 3PT Jump Shot,,3:34,5,4,0,0,1498,Antonio Daniels,SAS,San Antonio,1610612759.0,Spurs,0,,,,,,0,,,,,,,,,2:35 PM
490,0,4,512,0020000576,Robinson REBOUND (Off:5 Def:10),,3:32,5,4,0,0,764,David Robinson,SAS,San Antonio,1610612759.0,Spurs,0,,,,,,0,,,,,,,,,2:35 PM
491,1,6,513,0020000576,,,3:27,5,5,0,1,692,Andrew DeClercq,ORL,Orlando,1610612753.0,Magic,0,,,,,,0,,,,,,,,DeClercq P.FOUL (P5.T3),2:35 PM
492,1,2,514,0020000576,MISS Daniels 7' Jump Shot,,3:15,5,4,0,0,1498,Antonio Daniels,SAS,San Antonio,1610612759.0,Spurs,0,,,,,,0,,,,,,,,,2:36 PM
493,0,4,515,0020000576,,,3:14,5,5,0,0,1503,Tracy McGrady,ORL,Orlando,1610612753.0,Magic,0,,,,,,0,,,,,,,,McGrady REBOUND (Off:2 Def:4),2:36 PM
494,1,1,516,0020000576,,,3:05,5,5,5,0,1720,Michael Doleac,ORL,Orlando,1610612753.0,Magic,2034,Mike Miller,ORL,Orlando,1610612753.0,Magic,0,,,,,,100 - 97,-3,Doleac 18' Jump Shot (12 PTS) (Miller 3 AST),2:36 PM
495,1,2,517,0020000576,MISS Daniels 25' 3PT Jump Shot,,2:46,5,4,0,0,1498,Antonio Daniels,SAS,San Antonio,1610612759.0,Spurs,0,,,,,,0,,,,,,,,,2:36 PM
496,0,4,518,0020000576,,,2:43,5,5,0,0,1503,Tracy McGrady,ORL,Orlando,1610612753.0,Magic,0,,,,,,0,,,,,,,,McGrady REBOUND (Off:2 Def:5),2:36 PM
497,47,2,519,0020000576,,,2:28,5,5,0,0,1503,Tracy McGrady,ORL,Orlando,1610612753.0,Magic,0,,,,,,0,,,,,,,,MISS McGrady 13' Turnaround Jump Shot,2:37 PM
498,0,4,521,0020000576,,,2:28,5,5,0,0,1720,Michael Doleac,ORL,Orlando,1610612753.0,Magic,0,,,,,,0,,,,,,,,Doleac REBOUND (Off:1 Def:4),2:37 PM
499,5,1,520,0020000576,,,2:28,5,5,0,0,1720,Michael Doleac,ORL,Orlando,1610612753.0,Magic,0,,,,,,0,,,,,,102 - 97,-5,Doleac 1' Layup (14 PTS),2:37 PM
500,2,6,522,0020000576,Robinson S.FOUL (P4.T1),,2:28,5,4,0,1,764,David Robinson,SAS,San Antonio,1610612759.0,Spurs,0,,,,,,0,,,,,,,,,2:37 PM
501,10,3,523,0020000576,,,2:28,5,5,0,0,1720,Michael Doleac,ORL,Orlando,1610612753.0,Magic,0,,,,,,0,,,,,,103 - 97,-6,Doleac Free Throw 1 of 1 (15 PTS),2:37 PM
502,1,1,524,0020000576,Daniels 24' 3PT Jump Shot (16 PTS) (Robinson 1 AST),,2:10,5,4,4,0,1498,Antonio Daniels,SAS,San Antonio,1610612759.0,Spurs,764,David Robinson,SAS,San Antonio,1610612759.0,Spurs,0,,,,,,103 - 100,-3,,2:37 PM
503,1,2,525,0020000576,,,1:44,5,5,0,0,1720,Michael Doleac,ORL,Orlando,1610612753.0,Magic,0,,,,,,0,,,,,,,,MISS Doleac 14' Jump Shot,2:38 PM
504,0,4,526,0020000576,Duncan REBOUND (Off:6 Def:10),,1:43,5,4,0,0,1495,Tim Duncan,SAS,San Antonio,1610612759.0,Spurs,0,,,,,,0,,,,,,,,,2:38 PM
505,1,2,527,0020000576,MISS Robinson 17' Jump Shot,,1:30,5,4,0,0,764,David Robinson,SAS,San Antonio,1610612759.0,Spurs,0,,,,,,0,,,,,,,,,2:38 PM
506,0,4,528,0020000576,,,1:28,5,5,0,0,1503,Tracy McGrady,ORL,Orlando,1610612753.0,Magic,0,,,,,,0,,,,,,,,McGrady REBOUND (Off:2 Def:6),2:38 PM
507,1,9,529,0020000576,,,1:25,5,3,0,0,1610612753,,,,,,0,,,,,,0,,,,,,,,Magic Timeout: Regular (Reg.7 Short 1),2:38 PM
508,1,2,530,0020000576,,,1:04,5,5,0,0,692,Andrew DeClercq,ORL,Orlando,1610612753.0,Magic,0,,,,,,0,,,,,,,,MISS DeClercq 8' Jump Shot,2:40 PM
509,0,4,531,0020000576,Robinson REBOUND (Off:5 Def:11),,1:02,5,4,0,0,764,David Robinson,SAS,San Antonio,1610612759.0,Spurs,0,,,,,,0,,,,,,,,,2:40 PM
510,1,1,532,0020000576,Duncan 7' Jump Shot (29 PTS),,0:51,5,4,0,0,1495,Tim Duncan,SAS,San Antonio,1610612759.0,Spurs,0,,,,,,0,,,,,,103 - 102,-1,,2:41 PM
511,1,1,533,0020000576,,,0:38,5,5,5,0,1503,Tracy McGrady,ORL,Orlando,1610612753.0,Magic,353,Darrell Armstrong,ORL,Orlando,1610612753.0,Magic,0,,,,,,105 - 102,-3,McGrady 15' Jump Shot (37 PTS) (Armstrong 14 AST),2:41 PM
512,2,6,534,0020000576,,,0:25,5,5,0,1,1720,Michael Doleac,ORL,Orlando,1610612753.0,Magic,0,,,,,,0,,,,,,,,Doleac S.FOUL (P6.PN),2:41 PM
513,0,8,535,0020000576,,,0:25,5,5,5,0,1720,Michael Doleac,ORL,Orlando,1610612753.0,Magic,1727,Pat Garrity,ORL,Orlando,1610612753.0,Magic,0,,,,,,,,SUB: Garrity FOR Doleac,2:41 PM
514,11,3,536,0020000576,MISS Duncan Free Throw 1 of 2,,0:25,5,4,0,0,1495,Tim Duncan,SAS,San Antonio,1610612759.0,Spurs,0,,,,,,0,,,,,,,,,2:42 PM
515,1,4,537,0020000576,SPURS Rebound,,0:25,5,2,0,0,1610612759,,,,,,0,,,,,,0,,,,,,,,,2:42 PM
516,12,3,538,0020000576,MISS Duncan Free Throw 2 of 2,,0:25,5,4,0,0,1495,Tim Duncan,SAS,San Antonio,1610612759.0,Spurs,0,,,,,,0,,,,,,,,,2:42 PM
517,0,4,540,0020000576,Duncan REBOUND (Off:7 Def:10),,0:22,5,4,0,0,1495,Tim Duncan,SAS,San Antonio,1610612759.0,Spurs,0,,,,,,0,,,,,,,,,2:42 PM
518,1,2,539,0020000576,MISS Duncan 5' Jump Shot,,0:22,5,4,0,0,1495,Tim Duncan,SAS,San Antonio,1610612759.0,Spurs,0,,,,,,0,,,,,,,,,2:42 PM
519,0,4,541,0020000576,Robinson REBOUND (Off:6 Def:11),,0:21,5,4,0,0,764,David Robinson,SAS,San Antonio,1610612759.0,Spurs,0,,,,,,0,,,,,,,,,2:42 PM
520,1,6,542,0020000576,,,0:21,5,5,0,1,692,Andrew DeClercq,ORL,Orlando,1610612753.0,Magic,0,,,,,,0,,,,,,,,DeClercq P.FOUL (P6.PN),2:42 PM
521,0,8,543,0020000576,,,0:21,5,5,5,0,692,Andrew DeClercq,ORL,Orlando,1610612753.0,Magic,690,Don Reid,ORL,Orlando,1610612753.0,Magic,0,,,,,,,,SUB: Reid FOR DeClercq,2:42 PM
522,11,3,544,0020000576,Robinson Free Throw 1 of 2 (26 PTS),,0:21,5,4,0,0,764,David Robinson,SAS,San Antonio,1610612759.0,Spurs,0,,,,,,0,,,,,,105 - 103,-2,,2:43 PM
523,0,8,545,0020000576,SUB: Newble FOR Anderson,,0:21,5,4,4,0,1507,Derek Anderson,SAS,San Antonio,1610612759.0,Spurs,1956,Ira Newble,SAS,San Antonio,1610612759.0,Spurs,0,,,,,,,,,2:43 PM
524,12,3,546,0020000576,Robinson Free Throw 2 of 2 (27 PTS),,0:21,5,4,0,0,764,David Robinson,SAS,San Antonio,1610612759.0,Spurs,0,,,,,,0,,,,,,105 - 104,-1,,2:43 PM
525,1,9,547,0020000576,,,0:21,5,3,0,0,1610612753,,,,,,0,,,,,,0,,,,,,,,Magic Timeout: Regular (Reg.8 Short 1),2:43 PM
526,0,8,549,0020000576,SUB: Anderson FOR Kerr,,0:21,5,4,4,0,70,Steve Kerr,SAS,San Antonio,1610612759.0,Spurs,1507,Derek Anderson,SAS,San Antonio,1610612759.0,Spurs,0,,,,,,,,,2:44 PM
527,0,8,550,0020000576,,,0:21,5,5,5,0,690,Don Reid,ORL,Orlando,1610612753.0,Magic,1607,Troy Hudson,ORL,Orlando,1610612753.0,Magic,0,,,,,,,,SUB: Hudson FOR Reid,2:45 PM
528,0,8,551,0020000576,SUB: Porter FOR Duncan,,0:21,5,4,4,0,1495,Tim Duncan,SAS,San Antonio,1610612759.0,Spurs,345,Terry Porter,SAS,San Antonio,1610612759.0,Spurs,0,,,,,,,,,2:45 PM
529,0,8,552,0020000576,SUB: Dial FOR Robinson,,0:21,5,4,4,0,764,David Robinson,SAS,San Antonio,1610612759.0,Spurs,1760,Derrick Dial,SAS,San Antonio,1610612759.0,Spurs,0,,,,,,,,,2:45 PM
530,2,9,553,0020000576,,,0:21,5,3,0,0,1610612753,,,,,,0,,,,,,0,,,,,,,,Magic Timeout: Short (Reg.8 Short 2),2:45 PM
531,1,6,555,0020000576,Daniels P.FOUL (P3.T2),,0:20,5,4,0,1,1498,Antonio Daniels,SAS,San Antonio,1610612759.0,Spurs,0,,,,,,0,,,,,,,,,2:46 PM
532,1,6,556,0020000576,Daniels P.FOUL (P4.PN),,0:19,5,4,0,1,1498,Antonio Daniels,SAS,San Antonio,1610612759.0,Spurs,0,,,,,,0,,,,,,,,,2:47 PM
533,0,8,557,0020000576,SUB: Duncan FOR Porter,,0:19,5,4,4,0,345,Terry Porter,SAS,San Antonio,1610612759.0,Spurs,1495,Tim Duncan,SAS,San Antonio,1610612759.0,Spurs,0,,,,,,,,,2:47 PM
534,0,8,558,0020000576,SUB: Robinson FOR Dial,,0:19,5,4,4,0,1760,Derrick Dial,SAS,San Antonio,1610612759.0,Spurs,764,David Robinson,SAS,San Antonio,1610612759.0,Spurs,0,,,,,,,,,2:47 PM
535,0,8,559,0020000576,,,0:19,5,5,5,0,1607,Troy Hudson,ORL,Orlando,1610612753.0,Magic,690,Don Reid,ORL,Orlando,1610612753.0,Magic,0,,,,,,,,SUB: Reid FOR Hudson,2:47 PM
536,11,3,560,0020000576,,,0:19,5,5,0,0,353,Darrell Armstrong,ORL,Orlando,1610612753.0,Magic,0,,,,,,0,,,,,,106 - 104,-2,Armstrong Free Throw 1 of 2 (9 PTS),2:47 PM
537,12,3,561,0020000576,,,0:19,5,5,0,0,353,Darrell Armstrong,ORL,Orlando,1610612753.0,Magic,0,,,,,,0,,,,,,107 - 104,-3,Armstrong Free Throw 2 of 2 (10 PTS),2:47 PM
538,1,9,562,0020000576,SPURS Timeout: Regular (Full 6 Short 1),,0:19,5,2,0,0,1610612759,,,,,,0,,,,,,0,,,,,,,,,2:48 PM
539,0,8,563,0020000576,SUB: Porter FOR Newble,,0:19,5,4,4,0,1956,Ira Newble,SAS,San Antonio,1610612759.0,Spurs,345,Terry Porter,SAS,San Antonio,1610612759.0,Spurs,0,,,,,,,,,2:49 PM
540,1,1,564,0020000576,Porter 20' Jump Shot (5 PTS) (Daniels 12 AST),,0:17,5,4,4,0,345,Terry Porter,SAS,San Antonio,1610612759.0,Spurs,1498,Antonio Daniels,SAS,San Antonio,1610612759.0,Spurs,0,,,,,,107 - 106,-1,,2:49 PM
541,1,6,565,0020000576,Porter P.FOUL (P1.PN),,0:14,5,4,0,1,345,Terry Porter,SAS,San Antonio,1610612759.0,Spurs,0,,,,,,0,,,,,,,,,2:50 PM
542,11,3,566,0020000576,,,0:14,5,5,0,0,353,Darrell Armstrong,ORL,Orlando,1610612753.0,Magic,0,,,,,,0,,,,,,108 - 106,-2,Armstrong Free Throw 1 of 2 (11 PTS),2:50 PM
543,12,3,567,0020000576,,,0:14,5,5,0,0,353,Darrell Armstrong,ORL,Orlando,1610612753.0,Magic,0,,,,,,0,,,,,,109 - 106,-3,Armstrong Free Throw 2 of 2 (12 PTS),2:50 PM
544,2,6,568,0020000576,,,0:09,5,5,0,1,353,Darrell Armstrong,ORL,Orlando,1610612753.0,Magic,0,,,,,,0,,,,,,,,Armstrong S.FOUL (P2.PN),2:51 PM
545,11,3,569,0020000576,Daniels Free Throw 1 of 2 (17 PTS),,0:09,5,4,0,0,1498,Antonio Daniels,SAS,San Antonio,1610612759.0,Spurs,0,,,,,,0,,,,,,109 - 107,-2,,2:51 PM
546,12,3,570,0020000576,Daniels Free Throw 2 of 2 (18 PTS),,0:09,5,4,0,0,1498,Antonio Daniels,SAS,San Antonio,1610612759.0,Spurs,0,,,,,,0,,,,,,109 - 108,-1,,2:52 PM
547,1,6,571,0020000576,Porter P.FOUL (P2.PN),,0:06,5,4,0,1,345,Terry Porter,SAS,San Antonio,1610612759.0,Spurs,0,,,,,,0,,,,,,,,,2:52 PM
548,11,3,573,0020000576,,,0:06,5,5,0,0,1503,Tracy McGrady,ORL,Orlando,1610612753.0,Magic,0,,,,,,0,,,,,,,,MISS McGrady Free Throw 1 of 2,2:52 PM
549,1,4,574,0020000576,,,0:06,5,3,0,0,1610612753,,,,,,0,,,,,,0,,,,,,,,Magic Rebound,2:52 PM
550,0,8,575,0020000576,,,0:06,5,5,5,0,2034,Mike Miller,ORL,Orlando,1610612753.0,Magic,1607,Troy Hudson,ORL,Orlando,1610612753.0,Magic,0,,,,,,,,SUB: Hudson FOR Miller,2:53 PM
551,0,8,577,0020000576,SUB: Newble FOR Anderson,,0:06,5,4,4,0,1507,Derek Anderson,SAS,San Antonio,1610612759.0,Spurs,1956,Ira Newble,SAS,San Antonio,1610612759.0,Spurs,0,,,,,,,,,2:53 PM
552,12,3,578,0020000576,,,0:06,5,5,0,0,1503,Tracy McGrady,ORL,Orlando,1610612753.0,Magic,0,,,,,,0,,,,,,110 - 108,-2,McGrady Free Throw 2 of 2 (38 PTS),2:54 PM
553,1,9,579,0020000576,SPURS Timeout: Regular (Full 7 Short 1),,0:06,5,2,0,0,1610612759,,,,,,0,,,,,,0,,,,,,,,,2:54 PM
554,0,8,580,0020000576,SUB: Ferry FOR Newble,,0:06,5,4,4,0,1956,Ira Newble,SAS,San Antonio,1610612759.0,Spurs,198,Danny Ferry,SAS,San Antonio,1610612759.0,Spurs,0,,,,,,,,,2:55 PM
555,0,8,581,0020000576,SUB: Anderson FOR Porter,,0:06,5,4,4,0,345,Terry Porter,SAS,San Antonio,1610612759.0,Spurs,1507,Derek Anderson,SAS,San Antonio,1610612759.0,Spurs,0,,,,,,,,,2:55 PM
556,0,8,582,0020000576,SUB: Porter FOR Duncan,,0:06,5,4,4,0,1495,Tim Duncan,SAS,San Antonio,1610612759.0,Spurs,345,Terry Porter,SAS,San Antonio,1610612759.0,Spurs,0,,,,,,,,,2:56 PM
557,1,6,583,0020000576,,,0:02,5,5,0,1,690,Don Reid,ORL,Orlando,1610612753.0,Magic,0,,,,,,0,,,,,,,,Reid P.FOUL (P5.PN),2:56 PM
558,11,3,584,0020000576,Robinson Free Throw 1 of 2 (28 PTS),,0:02,5,4,0,0,764,David Robinson,SAS,San Antonio,1610612759.0,Spurs,0,,,,,,0,,,,,,110 - 109,-1,,2:56 PM
559,0,8,585,0020000576,SUB: Duncan FOR Ferry,,0:02,5,4,4,0,198,Danny Ferry,SAS,San Antonio,1610612759.0,Spurs,1495,Tim Duncan,SAS,San Antonio,1610612759.0,Spurs,0,,,,,,,,,2:56 PM
560,12,3,586,0020000576,MISS Robinson Free Throw 2 of 2,,0:02,5,4,0,0,764,David Robinson,SAS,San Antonio,1610612759.0,Spurs,0,,,,,,0,,,,,,,,,2:56 PM
561,0,4,587,0020000576,,,0:01,5,5,0,0,353,Darrell Armstrong,ORL,Orlando,1610612753.0,Magic,0,,,,,,0,,,,,,,,Armstrong REBOUND (Off:1 Def:5),2:57 PM
562,1,6,588,0020000576,Anderson P.FOUL (P5.PN),,0:01,5,4,0,1,1507,Derek Anderson,SAS,San Antonio,1610612759.0,Spurs,0,,,,,,0,,,,,,,,,2:57 PM
563,11,3,589,0020000576,,,0:01,5,5,0,0,353,Darrell Armstrong,ORL,Orlando,1610612753.0,Magic,0,,,,,,0,,,,,,111 - 109,-2,Armstrong Free Throw 1 of 2 (13 PTS),2:57 PM
564,12,3,590,0020000576,,,0:01,5,5,0,0,353,Darrell Armstrong,ORL,Orlando,1610612753.0,Magic,0,,,,,,0,,,,,,112 - 109,-3,Armstrong Free Throw 2 of 2 (14 PTS),2:57 PM
565,2,9,591,0020000576,SPURS Timeout: Short (Full 7 Short 2),,0:01,5,2,0,0,1610612759,,,,,,0,,,,,,0,,,,,,,,,2:57 PM
566,1,2,592,0020000576,MISS Porter 25' 3PT Jump Shot,,0:00,5,4,0,0,345,Terry Porter,SAS,San Antonio,1610612759.0,Spurs,0,,,,,,0,,,,,,,,,2:58 PM
567,0,4,593,0020000576,SPURS Rebound,,0:00,5,2,0,0,1610612759,,,,,,0,,,,,,0,,,,,,,,,2:59 PM
568,0,13,594,0020000576,,,0:00,5,0,0,0,0,,,,,,0,,,,,,0,,,,,,112 - 109,-3,,2:59 PM
