,EVENTMSGACTIONTYPE,EVENTMSGTYPE,EVENTNUM,GAME_ID,HOMEDESCRIPTION,NEUTRALDESCRIPTION,PCTIMESTRING,PERIOD,PERSON1TYPE,PERSON2TYPE,PERSON3TYPE,PLAYER1_ID,PLAYER1_NAME,PLAYER1_TEAM_ABBREVIATION,PLAYER1_TEAM_CITY,PLAYER1_TEAM_ID,PLAYER1_TEAM_NICKNAME,PLAYER2_ID,PLAYER2_NAME,PLAYER2_TEAM_ABBREVIATION,PLAYER2_TEAM_CITY,PLAYER2_TEAM_ID,PLAYER2_TEAM_NICKNAME,PLAYER3_ID,PLAYER3_NAME,PLAYER3_TEAM_ABBREVIATION,PLAYER3_TEAM_CITY,PLAYER3_TEAM_ID,PLAYER3_TEAM_NICKNAME,SCORE,SCOREMARGIN,VISITORDESCRIPTION,WCTIMESTRING
0,0,12,0,0020600573,,,12:00,1,0,0,0,0,,,,,,0,,,,,,0,,,,,,,,,8:07 PM
1,0,10,1,0020600573,Jump Ball Gasol vs. Dalembert: Tip to Smith,,12:00,1,4,5,5,2200,Pau Gasol,MEM,Memphis,1610612763.0,Grizzlies,2223,Samuel Dalembert,PHI,Philadelphia,1610612755.0,76ers,693,Joe Smith,PHI,Philadelphia,1610612755.0,76ers,,,,8:09 PM
2,1,1,2,0020600573,,,11:42,1,5,5,0,2223,Samuel Dalembert,PHI,Philadelphia,1610612755.0,76ers,693,Joe Smith,PHI,Philadelphia,1610612755.0,76ers,0,,,,,,2 - 0,-2,Dalembert 9' Jump Shot (2 PTS) (Smith 1 AST),8:09 PM
3,5,2,3,0020600573,MISS Gasol  Layup,,11:22,1,4,0,5,2200,Pau Gasol,MEM,Memphis,1610612763.0,Grizzlies,0,,,,,,2223,Samuel Dalembert,PHI,Philadelphia,1610612755.0,76ers,,,Dalembert BLOCK (1 BLK),8:10 PM
4,0,4,4,0020600573,,,11:19,1,5,0,0,2223,Samuel Dalembert,PHI,Philadelphia,1610612755.0,76ers,0,,,,,,0,,,,,,,,Dalembert REBOUND (Off:0 Def:1),8:10 PM
5,7,1,5,0020600573,,,11:14,1,5,5,0,2223,Samuel Dalembert,PHI,Philadelphia,1610612755.0,76ers,2738,Andre Iguodala,PHI,Philadelphia,1610612755.0,76ers,0,,,,,,4 - 0,-4,Dalembert  Dunk (4 PTS) (Iguodala 1 AST),8:10 PM
6,42,1,6,0020600573,Stoudamire  Driving Layup (2 PTS),,10:44,1,4,0,0,757,Damon Stoudamire,MEM,Memphis,1610612763.0,Grizzlies,0,,,,,,0,,,,,,4 - 2,-2,,8:10 PM
7,1,1,7,0020600573,,,10:23,1,5,5,0,2223,Samuel Dalembert,PHI,Philadelphia,1610612755.0,76ers,693,Joe Smith,PHI,Philadelphia,1610612755.0,76ers,0,,,,,,6 - 2,-4,Dalembert 18' Jump Shot (6 PTS) (Smith 2 AST),8:11 PM
8,4,5,8,0020600573,Al. Johnson Traveling Turnover (P1.T1),,9:59,1,4,0,1,200792,Alexander Johnson,MEM,Memphis,1610612763.0,Grizzlies,0,,,,,,0,,,,,,,,,8:11 PM
9,1,2,9,0020600573,Al. Johnson BLOCK (1 BLK),,9:41,1,5,0,4,693,Joe Smith,PHI,Philadelphia,1610612755.0,76ers,0,,,,,,200792,Alexander Johnson,MEM,Memphis,1610612763.0,Grizzlies,,,MISS Smith 5' Jump Shot,8:12 PM
10,0,4,10,0020600573,Miller REBOUND (Off:0 Def:1),,9:39,1,4,0,0,2034,Mike Miller,MEM,Memphis,1610612763.0,Grizzlies,0,,,,,,0,,,,,,,,,8:12 PM
11,1,1,11,0020600573,Miller 19' Jump Shot (2 PTS),,9:31,1,4,0,0,2034,Mike Miller,MEM,Memphis,1610612763.0,Grizzlies,0,,,,,,0,,,,,,6 - 4,-2,,8:12 PM
12,5,1,12,0020600573,,,9:15,1,5,5,0,2223,Samuel Dalembert,PHI,Philadelphia,1610612755.0,76ers,2738,Andre Iguodala,PHI,Philadelphia,1610612755.0,76ers,0,,,,,,8 - 4,-4,Dalembert  Layup (8 PTS) (Iguodala 2 AST),8:12 PM
13,1,1,13,0020600573,Miller 28' 3PT Jump Shot (5 PTS),,9:04,1,4,0,0,2034,Mike Miller,MEM,Memphis,1610612763.0,Grizzlies,0,,,,,,0,,,,,,8 - 7,-1,,8:12 PM
14,4,5,14,0020600573,,,8:47,1,5,0,1,2223,Samuel Dalembert,PHI,Philadelphia,1610612755.0,76ers,0,,,,,,0,,,,,,,,Dalembert Traveling Turnover (P1.T1),8:13 PM
15,5,2,15,0020600573,MISS Gasol  Layup,,8:29,1,4,0,0,2200,Pau Gasol,MEM,Memphis,1610612763.0,Grizzlies,0,,,,,,0,,,,,,,,,8:13 PM
16,0,4,16,0020600573,Gasol REBOUND (Off:1 Def:0),,8:28,1,4,0,0,2200,Pau Gasol,MEM,Memphis,1610612763.0,Grizzlies,0,,,,,,0,,,,,,,,,8:13 PM
17,1,2,17,0020600573,MISS Miller 26' 3PT Jump Shot,,8:24,1,4,0,0,2034,Mike Miller,MEM,Memphis,1610612763.0,Grizzlies,0,,,,,,0,,,,,,,,,8:13 PM
18,0,4,18,0020600573,,,8:20,1,5,0,0,2223,Samuel Dalembert,PHI,Philadelphia,1610612755.0,76ers,0,,,,,,0,,,,,,,,Dalembert REBOUND (Off:0 Def:2),8:13 PM
19,1,6,19,0020600573,Jones P.FOUL (P1.T1),,8:13,1,4,5,1,224,Eddie Jones,MEM,Memphis,1610612763.0,Grizzlies,2584,Willie Green,PHI,Philadelphia,1610612755.0,76ers,0,,,,,,,,,8:14 PM
20,1,1,20,0020600573,,,8:04,1,5,0,0,2584,Willie Green,PHI,Philadelphia,1610612755.0,76ers,0,,,,,,0,,,,,,10 - 7,-3,Green 21' Jump Shot (2 PTS),8:14 PM
21,2,7,22,0020600573,,,7:57,1,5,0,1,2223,Samuel Dalembert,PHI,Philadelphia,1610612755.0,76ers,0,,,,,,0,,,,,,,,Dalembert Violation:Defensive Goaltending,8:14 PM
22,5,1,21,0020600573,Miller  Layup (7 PTS),,7:57,1,4,0,0,2034,Mike Miller,MEM,Memphis,1610612763.0,Grizzlies,0,,,,,,0,,,,,,10 - 9,-1,,8:14 PM
23,2,6,23,0020600573,,,7:57,1,5,4,1,693,Joe Smith,PHI,Philadelphia,1610612755.0,76ers,2034,Mike Miller,MEM,Memphis,1610612763.0,Grizzlies,0,,,,,,,,Smith S.FOUL (P1.T1),8:14 PM
24,10,3,24,0020600573,Miller Free Throw 1 of 1 (8 PTS),,7:57,1,4,0,0,2034,Mike Miller,MEM,Memphis,1610612763.0,Grizzlies,0,,,,,,0,,,,,,10 - 10,TIE,,8:15 PM
25,1,5,25,0020600573,,,7:41,1,5,0,0,2738,Andre Iguodala,PHI,Philadelphia,1610612755.0,76ers,0,,,,,,0,,,,,,,,Iguodala Bad Pass Turnover (P1.T2),8:15 PM
26,2,6,26,0020600573,,,7:33,1,5,4,1,2223,Samuel Dalembert,PHI,Philadelphia,1610612755.0,76ers,200792,Alexander Johnson,MEM,Memphis,1610612763.0,Grizzlies,0,,,,,,,,Dalembert S.FOUL (P1.T2),8:15 PM
27,11,3,27,0020600573,Al. Johnson Free Throw 1 of 2 (1 PTS),,7:33,1,4,0,0,200792,Alexander Johnson,MEM,Memphis,1610612763.0,Grizzlies,0,,,,,,0,,,,,,10 - 11,1,,8:16 PM
28,12,3,28,0020600573,MISS Al. Johnson Free Throw 2 of 2,,7:33,1,4,0,0,200792,Alexander Johnson,MEM,Memphis,1610612763.0,Grizzlies,0,,,,,,0,,,,,,,,,8:16 PM
29,0,4,29,0020600573,GRIZZLIES Rebound,,7:32,1,2,0,0,1610612763,,,,,,0,,,,,,0,,,,,,,,,8:16 PM
30,47,2,30,0020600573,MISS Al. Johnson 15' Turnaround Jump Shot,,7:24,1,4,0,0,200792,Alexander Johnson,MEM,Memphis,1610612763.0,Grizzlies,0,,,,,,0,,,,,,,,,8:16 PM
31,0,4,31,0020600573,,,7:23,1,5,0,0,693,Joe Smith,PHI,Philadelphia,1610612755.0,76ers,0,,,,,,0,,,,,,,,Smith REBOUND (Off:0 Def:1),8:16 PM
32,1,2,32,0020600573,,,7:16,1,5,0,0,693,Joe Smith,PHI,Philadelphia,1610612755.0,76ers,0,,,,,,0,,,,,,,,MISS Smith 21' Jump Shot,8:17 PM
33,0,4,33,0020600573,Gasol REBOUND (Off:1 Def:1),,7:15,1,4,0,0,2200,Pau Gasol,MEM,Memphis,1610612763.0,Grizzlies,0,,,,,,0,,,,,,,,,8:17 PM
34,1,1,34,0020600573,Al. Johnson 13' Jump Shot (3 PTS) (Miller 1 AST),,7:01,1,4,4,0,200792,Alexander Johnson,MEM,Memphis,1610612763.0,Grizzlies,2034,Mike Miller,MEM,Memphis,1610612763.0,Grizzlies,0,,,,,,10 - 13,3,,8:17 PM
35,1,1,35,0020600573,,,6:42,1,5,0,0,2738,Andre Iguodala,PHI,Philadelphia,1610612755.0,76ers,0,,,,,,0,,,,,,12 - 13,1,Iguodala 19' Jump Shot (2 PTS),8:17 PM
36,2,7,37,0020600573,,,6:31,1,5,0,1,2223,Samuel Dalembert,PHI,Philadelphia,1610612755.0,76ers,0,,,,,,0,,,,,,,,Dalembert Violation:Defensive Goaltending,8:17 PM
37,5,1,36,0020600573,Miller  Layup (10 PTS),,6:31,1,4,0,0,2034,Mike Miller,MEM,Memphis,1610612763.0,Grizzlies,0,,,,,,0,,,,,,12 - 15,3,,8:17 PM
38,5,2,38,0020600573,,,6:15,1,5,0,0,2738,Andre Iguodala,PHI,Philadelphia,1610612755.0,76ers,0,,,,,,0,,,,,,,,MISS Iguodala  Layup,8:18 PM
39,0,4,39,0020600573,Gasol REBOUND (Off:1 Def:2),,6:14,1,4,0,0,2200,Pau Gasol,MEM,Memphis,1610612763.0,Grizzlies,0,,,,,,0,,,,,,,,,8:18 PM
40,1,1,40,0020600573,Miller 25' 3PT Jump Shot (13 PTS) (Stoudamire 1 AST),,6:08,1,4,4,0,2034,Mike Miller,MEM,Memphis,1610612763.0,Grizzlies,757,Damon Stoudamire,MEM,Memphis,1610612763.0,Grizzlies,0,,,,,,12 - 18,6,,8:18 PM
41,1,9,41,0020600573,,,6:01,1,3,0,0,1610612755,,,,,,0,,,,,,0,,,,,,,,76ers Timeout: Regular (Reg.1 Short 0),8:18 PM
42,0,8,44,0020600573,SUB: Roberts FOR Al. Johnson,,6:01,1,4,4,0,200792,Alexander Johnson,MEM,Memphis,1610612763.0,Grizzlies,101160,Lawrence Roberts,MEM,Memphis,1610612763.0,Grizzlies,0,,,,,,,,,8:20 PM
43,0,8,45,0020600573,SUB: Kinsey FOR Jones,,6:01,1,4,4,0,224,Eddie Jones,MEM,Memphis,1610612763.0,Grizzlies,200814,Tarence Kinsey,MEM,Memphis,1610612763.0,Grizzlies,0,,,,,,,,,8:20 PM
44,1,2,46,0020600573,,,5:49,1,5,0,0,1889,Andre Miller,PHI,Philadelphia,1610612755.0,76ers,0,,,,,,0,,,,,,,,MISS Miller 21' Jump Shot,8:21 PM
45,0,4,47,0020600573,Miller REBOUND (Off:0 Def:2),,5:48,1,4,0,0,2034,Mike Miller,MEM,Memphis,1610612763.0,Grizzlies,0,,,,,,0,,,,,,,,,8:21 PM
46,5,1,48,0020600573,Gasol  Layup (2 PTS),,5:26,1,4,0,0,2200,Pau Gasol,MEM,Memphis,1610612763.0,Grizzlies,0,,,,,,0,,,,,,12 - 20,8,,8:21 PM
47,1,2,49,0020600573,,,5:12,1,5,0,0,2584,Willie Green,PHI,Philadelphia,1610612755.0,76ers,0,,,,,,0,,,,,,,,MISS Green 22' Jump Shot,8:21 PM
48,0,4,50,0020600573,GRIZZLIES Rebound,,5:12,1,2,0,0,1610612763,,,,,,0,,,,,,0,,,,,,,,,8:21 PM
49,0,8,51,0020600573,,,5:12,1,5,5,0,693,Joe Smith,PHI,Philadelphia,1610612755.0,76ers,2212,Steven Hunter,PHI,Philadelphia,1610612755.0,76ers,0,,,,,,,,SUB: Hunter FOR Smith,8:21 PM
50,0,8,52,0020600573,SUB: Atkins FOR Stoudamire,,5:12,1,4,4,0,757,Damon Stoudamire,MEM,Memphis,1610612763.0,Grizzlies,1088,Chucky Atkins,MEM,Memphis,1610612763.0,Grizzlies,0,,,,,,,,,8:22 PM
51,1,2,53,0020600573,MISS Gasol 7' Jump Shot,,4:56,1,4,0,0,2200,Pau Gasol,MEM,Memphis,1610612763.0,Grizzlies,0,,,,,,0,,,,,,,,,8:22 PM
52,0,4,54,0020600573,Roberts REBOUND (Off:1 Def:0),,4:54,1,4,0,0,101160,Lawrence Roberts,MEM,Memphis,1610612763.0,Grizzlies,0,,,,,,0,,,,,,,,,8:22 PM
53,5,1,55,0020600573,Roberts  Layup (2 PTS),,4:53,1,4,0,0,101160,Lawrence Roberts,MEM,Memphis,1610612763.0,Grizzlies,0,,,,,,0,,,,,,12 - 22,10,,8:22 PM
54,2,6,56,0020600573,Gasol S.FOUL (P1.T2),,4:36,1,4,5,1,2200,Pau Gasol,MEM,Memphis,1610612763.0,Grizzlies,2212,Steven Hunter,PHI,Philadelphia,1610612755.0,76ers,0,,,,,,,,,8:22 PM
55,11,3,57,0020600573,,,4:36,1,5,0,0,2212,Steven Hunter,PHI,Philadelphia,1610612755.0,76ers,0,,,,,,0,,,,,,,,MISS Hunter Free Throw 1 of 2,8:23 PM
56,1,4,58,0020600573,,,4:36,1,3,0,0,1610612755,,,,,,0,,,,,,0,,,,,,,,76ers Rebound,8:23 PM
57,0,8,59,0020600573,SUB: Warrick FOR Gasol,,4:36,1,4,4,0,2200,Pau Gasol,MEM,Memphis,1610612763.0,Grizzlies,101124,Hakim Warrick,MEM,Memphis,1610612763.0,Grizzlies,0,,,,,,,,,8:23 PM
58,12,3,60,0020600573,,,4:36,1,5,0,0,2212,Steven Hunter,PHI,Philadelphia,1610612755.0,76ers,0,,,,,,0,,,,,,13 - 22,9,Hunter Free Throw 2 of 2 (1 PTS),8:23 PM
59,1,2,61,0020600573,MISS Miller 26' 3PT Jump Shot,,4:14,1,4,0,0,2034,Mike Miller,MEM,Memphis,1610612763.0,Grizzlies,0,,,,,,0,,,,,,,,,8:24 PM
60,0,4,62,0020600573,Roberts REBOUND (Off:2 Def:0),,4:12,1,4,0,0,101160,Lawrence Roberts,MEM,Memphis,1610612763.0,Grizzlies,0,,,,,,0,,,,,,,,,8:24 PM
61,5,2,63,0020600573,MISS Miller  Layup,,4:09,1,4,0,0,2034,Mike Miller,MEM,Memphis,1610612763.0,Grizzlies,0,,,,,,0,,,,,,,,,8:24 PM
62,0,4,64,0020600573,,,4:08,1,5,0,0,2223,Samuel Dalembert,PHI,Philadelphia,1610612755.0,76ers,0,,,,,,0,,,,,,,,Dalembert REBOUND (Off:0 Def:3),8:24 PM
63,66,1,65,0020600573,,,3:56,1,5,0,0,1889,Andre Miller,PHI,Philadelphia,1610612755.0,76ers,0,,,,,,0,,,,,,15 - 22,7,Miller 5' Jump Bank Shot (2 PTS),8:24 PM
64,1,1,66,0020600573,Atkins 21' Jump Shot (2 PTS),,3:30,1,4,0,0,1088,Chucky Atkins,MEM,Memphis,1610612763.0,Grizzlies,0,,,,,,0,,,,,,15 - 24,9,,8:25 PM
65,1,1,67,0020600573,,,3:09,1,5,0,0,2584,Willie Green,PHI,Philadelphia,1610612755.0,76ers,0,,,,,,0,,,,,,17 - 24,7,Green 14' Jump Shot (4 PTS),8:25 PM
66,1,2,68,0020600573,MISS Warrick 21' Jump Shot,,2:55,1,4,0,0,101124,Hakim Warrick,MEM,Memphis,1610612763.0,Grizzlies,0,,,,,,0,,,,,,,,,8:25 PM
67,0,4,69,0020600573,,,2:54,1,5,0,0,2223,Samuel Dalembert,PHI,Philadelphia,1610612755.0,76ers,0,,,,,,0,,,,,,,,Dalembert REBOUND (Off:0 Def:4),8:25 PM
68,1,5,70,0020600573,Miller STEAL (1 STL),,2:44,1,5,4,0,2738,Andre Iguodala,PHI,Philadelphia,1610612755.0,76ers,2034,Mike Miller,MEM,Memphis,1610612763.0,Grizzlies,0,,,,,,,,Iguodala Bad Pass Turnover (P2.T3),8:25 PM
69,2,6,71,0020600573,,,2:36,1,5,4,1,2212,Steven Hunter,PHI,Philadelphia,1610612755.0,76ers,101124,Hakim Warrick,MEM,Memphis,1610612763.0,Grizzlies,0,,,,,,,,Hunter S.FOUL (P1.T3),8:26 PM
70,1,9,72,0020600573,GRIZZLIES Timeout: Regular (Full 1 Short 0),,2:36,1,2,0,0,1610612763,,,,,,0,,,,,,0,,,,,,,,,8:26 PM
71,0,8,74,0020600573,,,2:36,1,5,5,0,2223,Samuel Dalembert,PHI,Philadelphia,1610612755.0,76ers,2594,Kyle Korver,PHI,Philadelphia,1610612755.0,76ers,0,,,,,,,,SUB: Korver FOR Dalembert,8:28 PM
72,0,8,75,0020600573,SUB: Gay FOR Miller,,2:36,1,4,4,0,2034,Mike Miller,MEM,Memphis,1610612763.0,Grizzlies,200752,Rudy Gay,MEM,Memphis,1610612763.0,Grizzlies,0,,,,,,,,,8:28 PM
73,11,3,76,0020600573,Warrick Free Throw 1 of 2 (1 PTS),,2:36,1,4,0,0,101124,Hakim Warrick,MEM,Memphis,1610612763.0,Grizzlies,0,,,,,,0,,,,,,17 - 25,8,,8:28 PM
74,0,8,77,0020600573,SUB: Gasol FOR Roberts,,2:36,1,4,4,0,101160,Lawrence Roberts,MEM,Memphis,1610612763.0,Grizzlies,2200,Pau Gasol,MEM,Memphis,1610612763.0,Grizzlies,0,,,,,,,,,8:29 PM
75,12,3,78,0020600573,Warrick Free Throw 2 of 2 (2 PTS),,2:36,1,4,0,0,101124,Hakim Warrick,MEM,Memphis,1610612763.0,Grizzlies,0,,,,,,0,,,,,,17 - 26,9,,8:29 PM
76,42,2,79,0020600573,,,2:16,1,5,0,0,2584,Willie Green,PHI,Philadelphia,1610612755.0,76ers,0,,,,,,0,,,,,,,,MISS Green  Driving Layup,8:29 PM
77,0,4,80,0020600573,Gasol REBOUND (Off:1 Def:3),,2:14,1,4,0,0,2200,Pau Gasol,MEM,Memphis,1610612763.0,Grizzlies,0,,,,,,0,,,,,,,,,8:29 PM
78,1,6,81,0020600573,,,2:11,1,5,4,1,1889,Andre Miller,PHI,Philadelphia,1610612755.0,76ers,101124,Hakim Warrick,MEM,Memphis,1610612763.0,Grizzlies,0,,,,,,,,Miller P.FOUL (P1.T4),8:30 PM
79,1,2,82,0020600573,MISS Atkins 24' 3PT Jump Shot,,2:03,1,4,0,0,1088,Chucky Atkins,MEM,Memphis,1610612763.0,Grizzlies,0,,,,,,0,,,,,,,,,8:30 PM
80,0,4,83,0020600573,,,2:02,1,5,0,0,1889,Andre Miller,PHI,Philadelphia,1610612755.0,76ers,0,,,,,,0,,,,,,,,Miller REBOUND (Off:0 Def:1),8:30 PM
81,5,2,84,0020600573,Gay BLOCK (1 BLK),,1:57,1,5,0,4,1889,Andre Miller,PHI,Philadelphia,1610612755.0,76ers,0,,,,,,200752,Rudy Gay,MEM,Memphis,1610612763.0,Grizzlies,,,MISS Miller  Layup,8:30 PM
82,0,4,85,0020600573,Atkins REBOUND (Off:0 Def:1),,1:55,1,4,0,0,1088,Chucky Atkins,MEM,Memphis,1610612763.0,Grizzlies,0,,,,,,0,,,,,,,,,8:30 PM
83,5,1,86,0020600573,Warrick  Layup (4 PTS) (Atkins 1 AST),,1:52,1,4,4,0,101124,Hakim Warrick,MEM,Memphis,1610612763.0,Grizzlies,1088,Chucky Atkins,MEM,Memphis,1610612763.0,Grizzlies,0,,,,,,17 - 28,11,,8:30 PM
84,1,1,87,0020600573,,,1:33,1,5,0,0,2584,Willie Green,PHI,Philadelphia,1610612755.0,76ers,0,,,,,,0,,,,,,19 - 28,9,Green 17' Jump Shot (6 PTS),8:30 PM
85,1,6,88,0020600573,,,1:23,1,5,4,1,2738,Andre Iguodala,PHI,Philadelphia,1610612755.0,76ers,2200,Pau Gasol,MEM,Memphis,1610612763.0,Grizzlies,0,,,,,,,,Iguodala P.FOUL (P1.PN),8:31 PM
86,0,8,89,0020600573,,,1:23,1,5,5,0,1889,Andre Miller,PHI,Philadelphia,1610612755.0,76ers,1563,Kevin Ollie,PHI,Philadelphia,1610612755.0,76ers,0,,,,,,,,SUB: Ollie FOR Miller,8:31 PM
87,11,3,90,0020600573,Gasol Free Throw 1 of 2 (3 PTS),,1:23,1,4,0,0,2200,Pau Gasol,MEM,Memphis,1610612763.0,Grizzlies,0,,,,,,0,,,,,,19 - 29,10,,8:31 PM
88,0,8,91,0020600573,,,1:23,1,5,5,0,2738,Andre Iguodala,PHI,Philadelphia,1610612755.0,76ers,200760,Rodney Carney,PHI,Philadelphia,1610612755.0,76ers,0,,,,,,,,SUB: Carney FOR Iguodala,8:31 PM
89,12,3,92,0020600573,Gasol Free Throw 2 of 2 (4 PTS),,1:23,1,4,0,0,2200,Pau Gasol,MEM,Memphis,1610612763.0,Grizzlies,0,,,,,,0,,,,,,19 - 30,11,,8:31 PM
90,1,1,93,0020600573,,,1:11,1,5,5,0,2584,Willie Green,PHI,Philadelphia,1610612755.0,76ers,2594,Kyle Korver,PHI,Philadelphia,1610612755.0,76ers,0,,,,,,22 - 30,8,Green 27' 3PT Jump Shot (9 PTS) (Korver 1 AST),8:32 PM
91,42,1,94,0020600573,Gay  Driving Layup (2 PTS),,0:57,1,4,0,0,200752,Rudy Gay,MEM,Memphis,1610612763.0,Grizzlies,0,,,,,,0,,,,,,22 - 32,10,,8:32 PM
92,2,6,95,0020600573,,,0:57,1,5,4,1,2212,Steven Hunter,PHI,Philadelphia,1610612755.0,76ers,200752,Rudy Gay,MEM,Memphis,1610612763.0,Grizzlies,0,,,,,,,,Hunter S.FOUL (P2.PN),8:32 PM
93,10,3,96,0020600573,MISS Gay Free Throw 1 of 1,,0:57,1,4,0,0,200752,Rudy Gay,MEM,Memphis,1610612763.0,Grizzlies,0,,,,,,0,,,,,,,,,8:32 PM
94,0,4,97,0020600573,,,0:56,1,5,0,0,2212,Steven Hunter,PHI,Philadelphia,1610612755.0,76ers,0,,,,,,0,,,,,,,,Hunter REBOUND (Off:0 Def:1),8:32 PM
95,1,2,98,0020600573,,,0:41,1,5,0,0,2584,Willie Green,PHI,Philadelphia,1610612755.0,76ers,0,,,,,,0,,,,,,,,MISS Green 26' 3PT Jump Shot,8:33 PM
96,0,4,99,0020600573,Gay REBOUND (Off:0 Def:1),,0:39,1,4,0,0,200752,Rudy Gay,MEM,Memphis,1610612763.0,Grizzlies,0,,,,,,0,,,,,,,,,8:33 PM
97,2,6,100,0020600573,,,0:34,1,5,4,1,200760,Rodney Carney,PHI,Philadelphia,1610612755.0,76ers,200752,Rudy Gay,MEM,Memphis,1610612763.0,Grizzlies,0,,,,,,,,Carney S.FOUL (P1.PN),8:33 PM
98,11,3,101,0020600573,Gay Free Throw 1 of 2 (3 PTS),,0:34,1,4,0,0,200752,Rudy Gay,MEM,Memphis,1610612763.0,Grizzlies,0,,,,,,0,,,,,,22 - 33,11,,8:33 PM
99,12,3,102,0020600573,Gay Free Throw 2 of 2 (4 PTS),,0:34,1,4,0,0,200752,Rudy Gay,MEM,Memphis,1610612763.0,Grizzlies,0,,,,,,0,,,,,,22 - 34,12,,8:33 PM
100,2,6,103,0020600573,Kinsey S.FOUL (P1.T3),,0:16,1,4,5,1,200814,Tarence Kinsey,MEM,Memphis,1610612763.0,Grizzlies,2584,Willie Green,PHI,Philadelphia,1610612755.0,76ers,0,,,,,,,,,8:34 PM
101,11,3,104,0020600573,,,0:16,1,5,0,0,2584,Willie Green,PHI,Philadelphia,1610612755.0,76ers,0,,,,,,0,,,,,,23 - 34,11,Green Free Throw 1 of 2 (10 PTS),8:34 PM
102,12,3,105,0020600573,,,0:16,1,5,0,0,2584,Willie Green,PHI,Philadelphia,1610612755.0,76ers,0,,,,,,0,,,,,,24 - 34,10,Green Free Throw 2 of 2 (11 PTS),8:34 PM
103,1,1,106,0020600573,Atkins 25' 3PT Jump Shot (5 PTS) (Kinsey 1 AST),,0:02,1,4,4,0,1088,Chucky Atkins,MEM,Memphis,1610612763.0,Grizzlies,200814,Tarence Kinsey,MEM,Memphis,1610612763.0,Grizzlies,0,,,,,,24 - 37,13,,8:35 PM
104,0,18,107,0020600573,,,0:00,1,0,0,1,0,,,,,,0,,,,,,0,,,,,,24 - 37,13,,8:35 PM
105,0,13,108,0020600573,,,0:00,1,0,0,0,0,,,,,,0,,,,,,0,,,,,,24 - 37,13,,8:35 PM
106,0,12,110,0020600573,,,12:00,2,0,0,0,0,,,,,,0,,,,,,0,,,,,,24 - 37,13,,8:38 PM
107,1,2,111,0020600573,MISS Gasol 5' Jump Shot,,11:38,2,4,0,0,2200,Pau Gasol,MEM,Memphis,1610612763.0,Grizzlies,0,,,,,,0,,,,,,,,,8:38 PM
108,0,4,112,0020600573,,,11:36,2,5,0,0,2212,Steven Hunter,PHI,Philadelphia,1610612755.0,76ers,0,,,,,,0,,,,,,,,Hunter REBOUND (Off:0 Def:2),8:38 PM
109,1,1,113,0020600573,,,11:21,2,5,0,0,2584,Willie Green,PHI,Philadelphia,1610612755.0,76ers,0,,,,,,0,,,,,,26 - 37,11,Green 15' Jump Shot (13 PTS),8:39 PM
110,1,6,114,0020600573,,,11:10,2,5,4,1,2594,Kyle Korver,PHI,Philadelphia,1610612755.0,76ers,101124,Hakim Warrick,MEM,Memphis,1610612763.0,Grizzlies,0,,,,,,,,Korver P.FOUL (P1.T1),8:39 PM
111,0,8,115,0020600573,,,11:10,2,5,5,0,2212,Steven Hunter,PHI,Philadelphia,1610612755.0,76ers,2223,Samuel Dalembert,PHI,Philadelphia,1610612755.0,76ers,0,,,,,,,,SUB: Dalembert FOR Hunter,8:39 PM
112,0,8,116,0020600573,,,11:10,2,5,5,0,2584,Willie Green,PHI,Philadelphia,1610612755.0,76ers,2738,Andre Iguodala,PHI,Philadelphia,1610612755.0,76ers,0,,,,,,,,SUB: Iguodala FOR Green,8:39 PM
113,2,5,117,0020600573,Gay Lost Ball Turnover (P1.T2),,11:00,2,4,5,0,200752,Rudy Gay,MEM,Memphis,1610612763.0,Grizzlies,2738,Andre Iguodala,PHI,Philadelphia,1610612755.0,76ers,0,,,,,,,,Iguodala STEAL (1 STL),8:39 PM
114,42,2,118,0020600573,,,10:54,2,5,0,0,1563,Kevin Ollie,PHI,Philadelphia,1610612755.0,76ers,0,,,,,,0,,,,,,,,MISS Ollie  Driving Layup,8:40 PM
115,0,4,119,0020600573,GRIZZLIES Rebound,,10:54,2,2,0,0,1610612763,,,,,,0,,,,,,0,,,,,,,,,8:40 PM
116,2,6,120,0020600573,,,10:39,2,5,4,1,2594,Kyle Korver,PHI,Philadelphia,1610612755.0,76ers,101124,Hakim Warrick,MEM,Memphis,1610612763.0,Grizzlies,0,,,,,,,,Korver S.FOUL (P2.T2),8:40 PM
117,11,3,121,0020600573,Warrick Free Throw 1 of 2 (5 PTS),,10:39,2,4,0,0,101124,Hakim Warrick,MEM,Memphis,1610612763.0,Grizzlies,0,,,,,,0,,,,,,26 - 38,12,,8:40 PM
118,0,8,122,0020600573,SUB: Jones FOR Gay,,10:39,2,4,4,0,200752,Rudy Gay,MEM,Memphis,1610612763.0,Grizzlies,224,Eddie Jones,MEM,Memphis,1610612763.0,Grizzlies,0,,,,,,,,,8:41 PM
119,12,3,123,0020600573,Warrick Free Throw 2 of 2 (6 PTS),,10:39,2,4,0,0,101124,Hakim Warrick,MEM,Memphis,1610612763.0,Grizzlies,0,,,,,,0,,,,,,26 - 39,13,,8:41 PM
120,1,1,124,0020600573,,,10:26,2,5,5,0,2594,Kyle Korver,PHI,Philadelphia,1610612755.0,76ers,1563,Kevin Ollie,PHI,Philadelphia,1610612755.0,76ers,0,,,,,,29 - 39,10,Korver 25' 3PT Jump Shot (3 PTS) (Ollie 1 AST),8:41 PM
121,1,5,125,0020600573,Gasol Bad Pass Turnover (P1.T3),,10:08,2,4,5,0,2200,Pau Gasol,MEM,Memphis,1610612763.0,Grizzlies,2594,Kyle Korver,PHI,Philadelphia,1610612755.0,76ers,0,,,,,,,,Korver STEAL (1 STL),8:42 PM
122,2,6,126,0020600573,Gasol S.FOUL (P2.T1),,9:59,2,4,5,1,2200,Pau Gasol,MEM,Memphis,1610612763.0,Grizzlies,200760,Rodney Carney,PHI,Philadelphia,1610612755.0,76ers,0,,,,,,,,,8:42 PM
123,11,3,127,0020600573,,,9:59,2,5,0,0,200760,Rodney Carney,PHI,Philadelphia,1610612755.0,76ers,0,,,,,,0,,,,,,30 - 39,9,Carney Free Throw 1 of 2 (1 PTS),8:42 PM
124,0,8,128,0020600573,SUB: Al. Johnson FOR Warrick,,9:59,2,4,4,0,101124,Hakim Warrick,MEM,Memphis,1610612763.0,Grizzlies,200792,Alexander Johnson,MEM,Memphis,1610612763.0,Grizzlies,0,,,,,,,,,8:42 PM
125,12,3,129,0020600573,,,9:59,2,5,0,0,200760,Rodney Carney,PHI,Philadelphia,1610612755.0,76ers,0,,,,,,0,,,,,,31 - 39,8,Carney Free Throw 2 of 2 (2 PTS),8:42 PM
126,47,2,130,0020600573,MISS Gasol 6' Turnaround Jump Shot,,9:47,2,4,0,0,2200,Pau Gasol,MEM,Memphis,1610612763.0,Grizzlies,0,,,,,,0,,,,,,,,,8:43 PM
127,0,4,131,0020600573,GRIZZLIES Rebound,,9:44,2,2,0,0,1610612763,,,,,,0,,,,,,0,,,,,,,,,8:43 PM
128,1,5,132,0020600573,Gasol Bad Pass Turnover (P2.T4),,9:37,2,4,5,0,2200,Pau Gasol,MEM,Memphis,1610612763.0,Grizzlies,200760,Rodney Carney,PHI,Philadelphia,1610612755.0,76ers,0,,,,,,,,Carney STEAL (1 STL),8:43 PM
129,7,1,133,0020600573,,,9:33,2,5,5,0,2738,Andre Iguodala,PHI,Philadelphia,1610612755.0,76ers,200760,Rodney Carney,PHI,Philadelphia,1610612755.0,76ers,0,,,,,,33 - 39,6,Iguodala  Dunk (4 PTS) (Carney 1 AST),8:43 PM
130,1,9,134,0020600573,GRIZZLIES Timeout: Regular (Full 2 Short 0),,9:26,2,2,0,0,1610612763,,,,,,0,,,,,,0,,,,,,,,,8:44 PM
131,0,8,137,0020600573,SUB: Gay FOR Al. Johnson,,9:26,2,4,4,0,200792,Alexander Johnson,MEM,Memphis,1610612763.0,Grizzlies,200752,Rudy Gay,MEM,Memphis,1610612763.0,Grizzlies,0,,,,,,,,,8:46 PM
132,42,1,138,0020600573,Miller  Driving Layup (15 PTS) (Atkins 2 AST),,9:17,2,4,4,0,2034,Mike Miller,MEM,Memphis,1610612763.0,Grizzlies,1088,Chucky Atkins,MEM,Memphis,1610612763.0,Grizzlies,0,,,,,,33 - 41,8,,8:46 PM
133,0,8,139,0020600573,,,8:54,2,5,5,0,1563,Kevin Ollie,PHI,Philadelphia,1610612755.0,76ers,1889,Andre Miller,PHI,Philadelphia,1610612755.0,76ers,0,,,,,,,,SUB: Miller FOR Ollie,8:47 PM
134,0,8,140,0020600573,SUB: Stoudamire FOR Atkins,,8:54,2,4,4,0,1088,Chucky Atkins,MEM,Memphis,1610612763.0,Grizzlies,757,Damon Stoudamire,MEM,Memphis,1610612763.0,Grizzlies,0,,,,,,,,,8:47 PM
135,1,5,141,0020600573,Gay STEAL (1 STL),,8:49,2,5,4,0,2594,Kyle Korver,PHI,Philadelphia,1610612755.0,76ers,200752,Rudy Gay,MEM,Memphis,1610612763.0,Grizzlies,0,,,,,,,,Korver Bad Pass Turnover (P1.T4),8:47 PM
136,2,6,142,0020600573,,,8:48,2,5,4,1,2738,Andre Iguodala,PHI,Philadelphia,1610612755.0,76ers,200752,Rudy Gay,MEM,Memphis,1610612763.0,Grizzlies,0,,,,,,,,Iguodala S.FOUL (P2.T3),8:47 PM
137,11,3,143,0020600573,Gay Free Throw 1 of 2 (5 PTS),,8:48,2,4,0,0,200752,Rudy Gay,MEM,Memphis,1610612763.0,Grizzlies,0,,,,,,0,,,,,,33 - 42,9,,8:47 PM
138,12,3,144,0020600573,Gay Free Throw 2 of 2 (6 PTS),,8:48,2,4,0,0,200752,Rudy Gay,MEM,Memphis,1610612763.0,Grizzlies,0,,,,,,0,,,,,,33 - 43,10,,8:48 PM
139,1,5,145,0020600573,Gasol STEAL (1 STL),,8:34,2,5,4,0,2223,Samuel Dalembert,PHI,Philadelphia,1610612755.0,76ers,2200,Pau Gasol,MEM,Memphis,1610612763.0,Grizzlies,0,,,,,,,,Dalembert Bad Pass Turnover (P2.T5),8:48 PM
140,46,1,146,0020600573,Gasol 5' Running Jump Shot (6 PTS) (Gay 1 AST),,8:21,2,4,4,0,2200,Pau Gasol,MEM,Memphis,1610612763.0,Grizzlies,200752,Rudy Gay,MEM,Memphis,1610612763.0,Grizzlies,0,,,,,,33 - 45,12,,8:48 PM
141,5,2,147,0020600573,,,8:04,2,5,0,0,200760,Rodney Carney,PHI,Philadelphia,1610612755.0,76ers,0,,,,,,0,,,,,,,,MISS Carney  Layup,8:49 PM
142,0,4,148,0020600573,Jones REBOUND (Off:0 Def:1),,8:03,2,4,0,0,224,Eddie Jones,MEM,Memphis,1610612763.0,Grizzlies,0,,,,,,0,,,,,,,,,8:49 PM
143,7,1,149,0020600573,Gasol  Dunk (8 PTS) (Stoudamire 2 AST),,7:53,2,4,4,0,2200,Pau Gasol,MEM,Memphis,1610612763.0,Grizzlies,757,Damon Stoudamire,MEM,Memphis,1610612763.0,Grizzlies,0,,,,,,33 - 47,14,,8:49 PM
144,2,6,150,0020600573,,,7:53,2,5,4,1,200760,Rodney Carney,PHI,Philadelphia,1610612755.0,76ers,2200,Pau Gasol,MEM,Memphis,1610612763.0,Grizzlies,0,,,,,,,,Carney S.FOUL (P2.T4),8:49 PM
145,0,8,151,0020600573,,,7:53,2,5,5,0,200760,Rodney Carney,PHI,Philadelphia,1610612755.0,76ers,2584,Willie Green,PHI,Philadelphia,1610612755.0,76ers,0,,,,,,,,SUB: Green FOR Carney,8:49 PM
146,10,3,152,0020600573,Gasol Free Throw 1 of 1 (9 PTS),,7:53,2,4,0,0,2200,Pau Gasol,MEM,Memphis,1610612763.0,Grizzlies,0,,,,,,0,,,,,,33 - 48,15,,8:49 PM
147,1,9,153,0020600573,,,7:53,2,3,0,0,1610612755,,,,,,0,,,,,,0,,,,,,,,76ers Timeout: Regular (Reg.2 Short 0),8:49 PM
148,5,2,157,0020600573,,,7:35,2,5,0,0,2223,Samuel Dalembert,PHI,Philadelphia,1610612755.0,76ers,0,,,,,,0,,,,,,,,MISS Dalembert  Layup,8:53 PM
149,0,4,158,0020600573,Gay REBOUND (Off:0 Def:2),,7:34,2,4,0,0,200752,Rudy Gay,MEM,Memphis,1610612763.0,Grizzlies,0,,,,,,0,,,,,,,,,8:53 PM
150,8,1,159,0020600573,Gay  Slam Dunk (8 PTS) (Stoudamire 3 AST),,7:28,2,4,4,0,200752,Rudy Gay,MEM,Memphis,1610612763.0,Grizzlies,757,Damon Stoudamire,MEM,Memphis,1610612763.0,Grizzlies,0,,,,,,33 - 50,17,,8:53 PM
151,1,1,160,0020600573,,,7:08,2,5,5,0,2594,Kyle Korver,PHI,Philadelphia,1610612755.0,76ers,1889,Andre Miller,PHI,Philadelphia,1610612755.0,76ers,0,,,,,,35 - 50,15,Korver 16' Jump Shot (5 PTS) (Miller 1 AST),8:53 PM
152,1,1,161,0020600573,Gay 10' Jump Shot (10 PTS) (Gasol 1 AST),,6:51,2,4,4,0,200752,Rudy Gay,MEM,Memphis,1610612763.0,Grizzlies,2200,Pau Gasol,MEM,Memphis,1610612763.0,Grizzlies,0,,,,,,35 - 52,17,,8:54 PM
153,2,5,162,0020600573,Gay STEAL (2 STL),,6:37,2,5,4,0,2594,Kyle Korver,PHI,Philadelphia,1610612755.0,76ers,200752,Rudy Gay,MEM,Memphis,1610612763.0,Grizzlies,0,,,,,,,,Korver Lost Ball Turnover (P2.T6),8:54 PM
154,8,1,163,0020600573,Miller  Slam Dunk (17 PTS) (Gay 2 AST),,6:32,2,4,4,0,2034,Mike Miller,MEM,Memphis,1610612763.0,Grizzlies,200752,Rudy Gay,MEM,Memphis,1610612763.0,Grizzlies,0,,,,,,35 - 54,19,,8:54 PM
155,2,9,164,0020600573,,,6:31,2,3,0,0,1610612755,,,,,,0,,,,,,0,,,,,,,,76ers Timeout: Short (Reg.2 Short 1),8:54 PM
156,1,6,168,0020600573,Miller P.FOUL (P1.T2),,6:22,2,4,5,1,2034,Mike Miller,MEM,Memphis,1610612763.0,Grizzlies,2738,Andre Iguodala,PHI,Philadelphia,1610612755.0,76ers,0,,,,,,,,,8:55 PM
157,1,5,169,0020600573,Miller STEAL (2 STL),,6:12,2,5,4,0,2223,Samuel Dalembert,PHI,Philadelphia,1610612755.0,76ers,2034,Mike Miller,MEM,Memphis,1610612763.0,Grizzlies,0,,,,,,,,Dalembert Bad Pass Turnover (P3.T7),8:56 PM
158,1,2,170,0020600573,MISS Miller 26' 3PT Jump Shot,,5:55,2,4,0,0,2034,Mike Miller,MEM,Memphis,1610612763.0,Grizzlies,0,,,,,,0,,,,,,,,,8:56 PM
159,0,4,171,0020600573,,,5:55,2,3,0,0,1610612755,,,,,,0,,,,,,0,,,,,,,,76ers Rebound,8:56 PM
160,1,6,172,0020600573,Gay P.FOUL (P1.T3),,5:43,2,4,5,1,200752,Rudy Gay,MEM,Memphis,1610612763.0,Grizzlies,2594,Kyle Korver,PHI,Philadelphia,1610612755.0,76ers,0,,,,,,,,,8:56 PM
161,11,3,174,0020600573,,,5:43,2,5,0,0,2594,Kyle Korver,PHI,Philadelphia,1610612755.0,76ers,0,,,,,,0,,,,,,36 - 54,18,Korver Free Throw 1 of 2 (6 PTS),8:57 PM
162,0,8,175,0020600573,,,5:43,2,5,5,0,2738,Andre Iguodala,PHI,Philadelphia,1610612755.0,76ers,200784,Bobby Jones,PHI,Philadelphia,1610612755.0,76ers,0,,,,,,,,SUB: Jones FOR Iguodala,8:57 PM
163,12,3,176,0020600573,,,5:43,2,5,0,0,2594,Kyle Korver,PHI,Philadelphia,1610612755.0,76ers,0,,,,,,0,,,,,,37 - 54,17,Korver Free Throw 2 of 2 (7 PTS),8:57 PM
164,5,1,177,0020600573,Gay  Layup (12 PTS),,5:33,2,4,0,0,200752,Rudy Gay,MEM,Memphis,1610612763.0,Grizzlies,0,,,,,,0,,,,,,37 - 56,19,,8:57 PM
165,2,6,178,0020600573,,,5:33,2,5,4,1,2223,Samuel Dalembert,PHI,Philadelphia,1610612755.0,76ers,200752,Rudy Gay,MEM,Memphis,1610612763.0,Grizzlies,0,,,,,,,,Dalembert S.FOUL (P2.PN),8:57 PM
166,10,3,179,0020600573,Gay Free Throw 1 of 1 (13 PTS),,5:33,2,4,0,0,200752,Rudy Gay,MEM,Memphis,1610612763.0,Grizzlies,0,,,,,,0,,,,,,37 - 57,20,,8:58 PM
167,1,2,180,0020600573,,,5:23,2,5,0,0,2594,Kyle Korver,PHI,Philadelphia,1610612755.0,76ers,0,,,,,,0,,,,,,,,MISS Korver 26' 3PT Jump Shot,8:58 PM
168,0,4,181,0020600573,Miller REBOUND (Off:0 Def:3),,5:21,2,4,0,0,2034,Mike Miller,MEM,Memphis,1610612763.0,Grizzlies,0,,,,,,0,,,,,,,,,8:58 PM
169,5,2,182,0020600573,MISS Jones  Layup,,5:10,2,4,0,0,224,Eddie Jones,MEM,Memphis,1610612763.0,Grizzlies,0,,,,,,0,,,,,,,,,8:58 PM
170,0,4,183,0020600573,,,5:08,2,5,0,0,2223,Samuel Dalembert,PHI,Philadelphia,1610612755.0,76ers,0,,,,,,0,,,,,,,,Dalembert REBOUND (Off:0 Def:5),8:58 PM
171,1,2,184,0020600573,,,5:03,2,5,0,0,2584,Willie Green,PHI,Philadelphia,1610612755.0,76ers,0,,,,,,0,,,,,,,,MISS Green 6' Jump Shot,8:58 PM
172,0,4,185,0020600573,Miller REBOUND (Off:0 Def:4),,5:01,2,4,0,0,2034,Mike Miller,MEM,Memphis,1610612763.0,Grizzlies,0,,,,,,0,,,,,,,,,8:58 PM
173,5,2,186,0020600573,MISS Gay  Layup,,4:54,2,4,0,5,200752,Rudy Gay,MEM,Memphis,1610612763.0,Grizzlies,0,,,,,,2594,Kyle Korver,PHI,Philadelphia,1610612755.0,76ers,,,Korver BLOCK (1 BLK),8:59 PM
174,0,4,187,0020600573,GRIZZLIES Rebound,,4:54,2,2,0,0,1610612763,,,,,,0,,,,,,0,,,,,,,,,8:59 PM
175,0,8,188,0020600573,,,4:54,2,5,5,0,1889,Andre Miller,PHI,Philadelphia,1610612755.0,76ers,101150,Lou Williams,PHI,Philadelphia,1610612755.0,76ers,0,,,,,,,,SUB: Williams FOR Miller,8:59 PM
176,8,1,189,0020600573,Gay  Slam Dunk (15 PTS) (Stoudamire 4 AST),,4:52,2,4,4,0,200752,Rudy Gay,MEM,Memphis,1610612763.0,Grizzlies,757,Damon Stoudamire,MEM,Memphis,1610612763.0,Grizzlies,0,,,,,,37 - 59,22,,8:59 PM
177,2,5,190,0020600573,Gay STEAL (3 STL),,4:31,2,5,4,0,2223,Samuel Dalembert,PHI,Philadelphia,1610612755.0,76ers,200752,Rudy Gay,MEM,Memphis,1610612763.0,Grizzlies,0,,,,,,,,Dalembert Lost Ball Turnover (P4.T8),8:59 PM
178,2,5,191,0020600573,Gay Lost Ball Turnover (P2.T5),,4:25,2,4,5,0,200752,Rudy Gay,MEM,Memphis,1610612763.0,Grizzlies,101150,Lou Williams,PHI,Philadelphia,1610612755.0,76ers,0,,,,,,,,Williams STEAL (1 STL),8:59 PM
179,1,1,192,0020600573,,,4:19,2,5,0,0,101150,Lou Williams,PHI,Philadelphia,1610612755.0,76ers,0,,,,,,0,,,,,,39 - 59,20,Williams 16' Jump Shot (2 PTS),8:59 PM
180,5,2,193,0020600573,MISS Stoudamire  Layup,,4:07,2,4,0,0,757,Damon Stoudamire,MEM,Memphis,1610612763.0,Grizzlies,0,,,,,,0,,,,,,,,,9:00 PM
181,0,4,194,0020600573,,,4:06,2,5,0,0,101150,Lou Williams,PHI,Philadelphia,1610612755.0,76ers,0,,,,,,0,,,,,,,,Williams REBOUND (Off:0 Def:1),9:00 PM
182,40,5,195,0020600573,,,4:03,2,5,0,0,200784,Bobby Jones,PHI,Philadelphia,1610612755.0,76ers,0,,,,,,0,,,,,,,,Jones Out of Bounds Lost Ball Turnover (P1.T9),9:00 PM
183,2,6,196,0020600573,,,3:43,2,5,4,1,200784,Bobby Jones,PHI,Philadelphia,1610612755.0,76ers,200752,Rudy Gay,MEM,Memphis,1610612763.0,Grizzlies,0,,,,,,,,Jones S.FOUL (P1.PN),9:00 PM
184,11,3,197,0020600573,MISS Gay Free Throw 1 of 2,,3:43,2,4,0,0,200752,Rudy Gay,MEM,Memphis,1610612763.0,Grizzlies,0,,,,,,0,,,,,,,,,9:01 PM
185,1,4,198,0020600573,GRIZZLIES Rebound,,3:43,2,2,0,0,1610612763,,,,,,0,,,,,,0,,,,,,,,,9:01 PM
186,0,8,199,0020600573,,,3:43,2,5,5,0,2594,Kyle Korver,PHI,Philadelphia,1610612755.0,76ers,200760,Rodney Carney,PHI,Philadelphia,1610612755.0,76ers,0,,,,,,,,SUB: Carney FOR Korver,9:01 PM
187,0,8,201,0020600573,,,3:43,2,5,5,0,2223,Samuel Dalembert,PHI,Philadelphia,1610612755.0,76ers,2212,Steven Hunter,PHI,Philadelphia,1610612755.0,76ers,0,,,,,,,,SUB: Hunter FOR Dalembert,9:01 PM
188,12,3,202,0020600573,Gay Free Throw 2 of 2 (16 PTS),,3:43,2,4,0,0,200752,Rudy Gay,MEM,Memphis,1610612763.0,Grizzlies,0,,,,,,0,,,,,,39 - 60,21,,9:01 PM
189,1,2,203,0020600573,,,3:29,2,5,0,0,200760,Rodney Carney,PHI,Philadelphia,1610612755.0,76ers,0,,,,,,0,,,,,,,,MISS Carney 24' 3PT Jump Shot,9:02 PM
190,0,4,204,0020600573,Jones REBOUND (Off:0 Def:2),,3:28,2,4,0,0,224,Eddie Jones,MEM,Memphis,1610612763.0,Grizzlies,0,,,,,,0,,,,,,,,,9:02 PM
191,1,1,205,0020600573,Jones  3PT Jump Shot (3 PTS) (Miller 2 AST),,3:12,2,4,4,0,224,Eddie Jones,MEM,Memphis,1610612763.0,Grizzlies,2034,Mike Miller,MEM,Memphis,1610612763.0,Grizzlies,0,,,,,,39 - 63,24,,9:02 PM
192,2,6,206,0020600573,Jones S.FOUL (P2.T4),,2:51,2,4,5,1,224,Eddie Jones,MEM,Memphis,1610612763.0,Grizzlies,200784,Bobby Jones,PHI,Philadelphia,1610612755.0,76ers,0,,,,,,,,,9:02 PM
193,4,9,207,0020600573,,,2:51,2,1,0,0,0,,,,,,0,,,,,,0,,,,,,,,,9:03 PM
194,0,8,209,0020600573,SUB: Warrick FOR Gay,,2:51,2,4,4,0,200752,Rudy Gay,MEM,Memphis,1610612763.0,Grizzlies,101124,Hakim Warrick,MEM,Memphis,1610612763.0,Grizzlies,0,,,,,,,,,9:04 PM
195,11,3,211,0020600573,,,2:51,2,5,0,0,200784,Bobby Jones,PHI,Philadelphia,1610612755.0,76ers,0,,,,,,0,,,,,,40 - 63,23,Jones Free Throw 1 of 2 (1 PTS),9:05 PM
196,12,3,212,0020600573,,,2:51,2,5,0,0,200784,Bobby Jones,PHI,Philadelphia,1610612755.0,76ers,0,,,,,,0,,,,,,41 - 63,22,Jones Free Throw 2 of 2 (2 PTS),9:05 PM
197,1,6,213,0020600573,,,2:43,2,5,4,1,101150,Lou Williams,PHI,Philadelphia,1610612755.0,76ers,2034,Mike Miller,MEM,Memphis,1610612763.0,Grizzlies,0,,,,,,,,Williams P.FOUL (P1.PN),9:06 PM
198,0,8,214,0020600573,,,2:43,2,5,5,0,200784,Bobby Jones,PHI,Philadelphia,1610612755.0,76ers,693,Joe Smith,PHI,Philadelphia,1610612755.0,76ers,0,,,,,,,,SUB: Smith FOR Jones,9:06 PM
199,11,3,215,0020600573,MISS Miller Free Throw 1 of 2,,2:43,2,4,0,0,2034,Mike Miller,MEM,Memphis,1610612763.0,Grizzlies,0,,,,,,0,,,,,,,,,9:06 PM
200,1,4,216,0020600573,GRIZZLIES Rebound,,2:43,2,2,0,0,1610612763,,,,,,0,,,,,,0,,,,,,,,,9:06 PM
201,12,3,217,0020600573,Miller Free Throw 2 of 2 (18 PTS),,2:43,2,4,0,0,2034,Mike Miller,MEM,Memphis,1610612763.0,Grizzlies,0,,,,,,0,,,,,,41 - 64,23,,9:06 PM
202,2,5,218,0020600573,Miller STEAL (3 STL),,2:24,2,5,4,0,200760,Rodney Carney,PHI,Philadelphia,1610612755.0,76ers,2034,Mike Miller,MEM,Memphis,1610612763.0,Grizzlies,0,,,,,,,,Carney Lost Ball Turnover (P1.T10),9:06 PM
203,39,5,219,0020600573,Jones Step Out of Bounds Turnover (P1.T6),,2:15,2,4,0,1,224,Eddie Jones,MEM,Memphis,1610612763.0,Grizzlies,0,,,,,,0,,,,,,,,,9:07 PM
204,1,2,220,0020600573,,,2:07,2,5,0,0,2584,Willie Green,PHI,Philadelphia,1610612755.0,76ers,0,,,,,,0,,,,,,,,MISS Green 12' Jump Shot,9:07 PM
205,0,4,221,0020600573,GRIZZLIES Rebound,,2:06,2,2,0,0,1610612763,,,,,,0,,,,,,0,,,,,,,,,9:07 PM
206,48,1,222,0020600573,Warrick  Dunk (8 PTS) (Stoudamire 5 AST),,1:56,2,4,4,0,101124,Hakim Warrick,MEM,Memphis,1610612763.0,Grizzlies,757,Damon Stoudamire,MEM,Memphis,1610612763.0,Grizzlies,0,,,,,,41 - 66,25,,9:07 PM
207,5,1,223,0020600573,,,1:41,2,5,5,0,101150,Lou Williams,PHI,Philadelphia,1610612755.0,76ers,2212,Steven Hunter,PHI,Philadelphia,1610612755.0,76ers,0,,,,,,43 - 66,23,Williams  Layup (4 PTS) (Hunter 1 AST),9:07 PM
208,4,5,224,0020600573,Gasol Traveling Turnover (P3.T7),,1:31,2,4,0,1,2200,Pau Gasol,MEM,Memphis,1610612763.0,Grizzlies,0,,,,,,0,,,,,,,,,9:08 PM
209,47,2,225,0020600573,,,1:21,2,5,0,0,2212,Steven Hunter,PHI,Philadelphia,1610612755.0,76ers,0,,,,,,0,,,,,,,,MISS Hunter 11' Turnaround Jump Shot,9:08 PM
210,0,4,226,0020600573,,,1:18,2,5,0,0,693,Joe Smith,PHI,Philadelphia,1610612755.0,76ers,0,,,,,,0,,,,,,,,Smith REBOUND (Off:1 Def:1),9:08 PM
211,7,1,227,0020600573,,,1:17,2,5,5,0,2212,Steven Hunter,PHI,Philadelphia,1610612755.0,76ers,693,Joe Smith,PHI,Philadelphia,1610612755.0,76ers,0,,,,,,45 - 66,21,Hunter  Dunk (3 PTS) (Smith 3 AST),9:08 PM
212,43,1,228,0020600573,Warrick  Alley Oop Layup (10 PTS) (Stoudamire 6 AST),,1:08,2,4,4,0,101124,Hakim Warrick,MEM,Memphis,1610612763.0,Grizzlies,757,Damon Stoudamire,MEM,Memphis,1610612763.0,Grizzlies,0,,,,,,45 - 68,23,,9:08 PM
213,1,2,229,0020600573,,,0:46,2,5,0,0,200760,Rodney Carney,PHI,Philadelphia,1610612755.0,76ers,0,,,,,,0,,,,,,,,MISS Carney 25' 3PT Jump Shot,9:09 PM
214,0,4,230,0020600573,,,0:44,2,5,0,0,200760,Rodney Carney,PHI,Philadelphia,1610612755.0,76ers,0,,,,,,0,,,,,,,,Carney REBOUND (Off:1 Def:0),9:09 PM
215,5,2,231,0020600573,,,0:37,2,5,0,0,693,Joe Smith,PHI,Philadelphia,1610612755.0,76ers,0,,,,,,0,,,,,,,,MISS Smith  Layup,9:09 PM
216,0,4,233,0020600573,,,0:37,2,5,0,0,200760,Rodney Carney,PHI,Philadelphia,1610612755.0,76ers,0,,,,,,0,,,,,,,,Carney REBOUND (Off:2 Def:0),9:09 PM
217,4,1,232,0020600573,,,0:37,2,5,0,0,200760,Rodney Carney,PHI,Philadelphia,1610612755.0,76ers,0,,,,,,0,,,,,,47 - 68,21,Carney  Tip Shot (4 PTS),9:09 PM
218,1,1,234,0020600573,Miller 6' Jump Shot (20 PTS) (Stoudamire 7 AST),,0:28,2,4,4,0,2034,Mike Miller,MEM,Memphis,1610612763.0,Grizzlies,757,Damon Stoudamire,MEM,Memphis,1610612763.0,Grizzlies,0,,,,,,47 - 70,23,,9:09 PM
219,1,1,235,0020600573,,,0:18,2,5,5,0,200760,Rodney Carney,PHI,Philadelphia,1610612755.0,76ers,101150,Lou Williams,PHI,Philadelphia,1610612755.0,76ers,0,,,,,,49 - 70,21,Carney 17' Jump Shot (6 PTS) (Williams 1 AST),9:09 PM
220,1,2,236,0020600573,MISS Stoudamire 25' 3PT Jump Shot,,0:02,2,4,0,0,757,Damon Stoudamire,MEM,Memphis,1610612763.0,Grizzlies,0,,,,,,0,,,,,,,,,9:10 PM
221,0,4,237,0020600573,,,0:01,2,3,0,0,1610612755,,,,,,0,,,,,,0,,,,,,,,76ers Rebound,9:10 PM
222,0,8,238,0020600573,SUB: Kinsey FOR Jones,,0:01,2,4,4,0,224,Eddie Jones,MEM,Memphis,1610612763.0,Grizzlies,200814,Tarence Kinsey,MEM,Memphis,1610612763.0,Grizzlies,0,,,,,,,,,9:10 PM
223,0,8,239,0020600573,SUB: Al. Johnson FOR Gasol,,0:01,2,4,4,0,2200,Pau Gasol,MEM,Memphis,1610612763.0,Grizzlies,200792,Alexander Johnson,MEM,Memphis,1610612763.0,Grizzlies,0,,,,,,,,,9:10 PM
224,1,2,240,0020600573,,,0:01,2,5,0,0,2584,Willie Green,PHI,Philadelphia,1610612755.0,76ers,0,,,,,,0,,,,,,,,MISS Green 50' 3PT Jump Shot,9:10 PM
225,0,4,242,0020600573,,,0:00,2,3,0,0,1610612755,,,,,,0,,,,,,0,,,,,,,,76ers Rebound,9:10 PM
226,0,13,241,0020600573,,,0:00,2,0,0,0,0,,,,,,0,,,,,,0,,,,,,49 - 70,21,,9:10 PM
227,0,12,244,0020600573,,,12:00,3,0,0,0,0,,,,,,0,,,,,,0,,,,,,49 - 70,21,,9:26 PM
228,47,2,245,0020600573,MISS Al. Johnson 10' Turnaround Jump Shot,,11:34,3,4,0,0,200792,Alexander Johnson,MEM,Memphis,1610612763.0,Grizzlies,0,,,,,,0,,,,,,,,,9:27 PM
229,0,4,246,0020600573,,,11:31,3,5,0,0,2223,Samuel Dalembert,PHI,Philadelphia,1610612755.0,76ers,0,,,,,,0,,,,,,,,Dalembert REBOUND (Off:0 Def:6),9:27 PM
230,1,1,247,0020600573,,,11:20,3,5,5,0,2594,Kyle Korver,PHI,Philadelphia,1610612755.0,76ers,1563,Kevin Ollie,PHI,Philadelphia,1610612755.0,76ers,0,,,,,,51 - 70,19,Korver 20' Jump Shot (9 PTS) (Ollie 2 AST),9:27 PM
231,4,6,248,0020600573,Miller OFF.Foul (P2),,11:06,3,4,5,1,2034,Mike Miller,MEM,Memphis,1610612763.0,Grizzlies,2584,Willie Green,PHI,Philadelphia,1610612755.0,76ers,0,,,,,,,,,9:27 PM
232,5,5,249,0020600573,Miller Foul Turnover (P1.T8),,11:06,3,4,0,1,2034,Mike Miller,MEM,Memphis,1610612763.0,Grizzlies,0,,,,,,0,,,,,,,,,9:27 PM
233,1,2,250,0020600573,,,10:45,3,5,0,0,2584,Willie Green,PHI,Philadelphia,1610612755.0,76ers,0,,,,,,0,,,,,,,,MISS Green 22' Jump Shot,9:28 PM
234,0,4,251,0020600573,Stoudamire REBOUND (Off:0 Def:1),,10:44,3,4,0,0,757,Damon Stoudamire,MEM,Memphis,1610612763.0,Grizzlies,0,,,,,,0,,,,,,,,,9:28 PM
235,1,2,252,0020600573,MISS Al. Johnson 13' Jump Shot,,10:28,3,4,0,0,200792,Alexander Johnson,MEM,Memphis,1610612763.0,Grizzlies,0,,,,,,0,,,,,,,,,9:28 PM
236,0,4,253,0020600573,Gasol REBOUND (Off:2 Def:3),,10:27,3,4,0,0,2200,Pau Gasol,MEM,Memphis,1610612763.0,Grizzlies,0,,,,,,0,,,,,,,,,9:28 PM
237,1,1,254,0020600573,Jones 27' 3PT Jump Shot (6 PTS) (Stoudamire 8 AST),,10:11,3,4,4,0,224,Eddie Jones,MEM,Memphis,1610612763.0,Grizzlies,757,Damon Stoudamire,MEM,Memphis,1610612763.0,Grizzlies,0,,,,,,51 - 73,22,,9:28 PM
238,1,2,255,0020600573,,,9:54,3,5,0,0,2594,Kyle Korver,PHI,Philadelphia,1610612755.0,76ers,0,,,,,,0,,,,,,,,MISS Korver 19' Jump Shot,9:29 PM
239,0,4,256,0020600573,Al. Johnson REBOUND (Off:0 Def:1),,9:52,3,4,0,0,200792,Alexander Johnson,MEM,Memphis,1610612763.0,Grizzlies,0,,,,,,0,,,,,,,,,9:29 PM
240,1,2,257,0020600573,MISS Al. Johnson 13' Jump Shot,,9:42,3,4,0,0,200792,Alexander Johnson,MEM,Memphis,1610612763.0,Grizzlies,0,,,,,,0,,,,,,,,,9:29 PM
241,0,4,258,0020600573,,,9:40,3,5,0,0,2212,Steven Hunter,PHI,Philadelphia,1610612755.0,76ers,0,,,,,,0,,,,,,,,Hunter REBOUND (Off:0 Def:3),9:29 PM
242,1,2,259,0020600573,,,9:32,3,5,0,0,2584,Willie Green,PHI,Philadelphia,1610612755.0,76ers,0,,,,,,0,,,,,,,,MISS Green 25' 3PT Jump Shot,9:29 PM
243,0,4,260,0020600573,Jones REBOUND (Off:0 Def:3),,9:32,3,4,0,0,224,Eddie Jones,MEM,Memphis,1610612763.0,Grizzlies,0,,,,,,0,,,,,,,,,9:29 PM
244,1,2,261,0020600573,MISS Miller 25' 3PT Jump Shot,,9:12,3,4,0,0,2034,Mike Miller,MEM,Memphis,1610612763.0,Grizzlies,0,,,,,,0,,,,,,,,,9:30 PM
245,0,4,262,0020600573,,,9:11,3,5,0,0,1563,Kevin Ollie,PHI,Philadelphia,1610612755.0,76ers,0,,,,,,0,,,,,,,,Ollie REBOUND (Off:0 Def:1),9:30 PM
246,42,1,263,0020600573,,,8:59,3,5,0,0,2584,Willie Green,PHI,Philadelphia,1610612755.0,76ers,0,,,,,,0,,,,,,53 - 73,20,Green  Driving Layup (15 PTS),9:30 PM
247,4,6,264,0020600573,Al. Johnson OFF.Foul (P1),,8:47,3,4,5,1,200792,Alexander Johnson,MEM,Memphis,1610612763.0,Grizzlies,1563,Kevin Ollie,PHI,Philadelphia,1610612755.0,76ers,0,,,,,,,,,9:30 PM
248,5,5,265,0020600573,Al. Johnson Foul Turnover (P2.T9),,8:47,3,4,0,1,200792,Alexander Johnson,MEM,Memphis,1610612763.0,Grizzlies,0,,,,,,0,,,,,,,,,9:30 PM
249,2,6,266,0020600573,Gasol S.FOUL (P3.T1),,8:29,3,4,5,1,2200,Pau Gasol,MEM,Memphis,1610612763.0,Grizzlies,2223,Samuel Dalembert,PHI,Philadelphia,1610612755.0,76ers,0,,,,,,,,,9:31 PM
250,11,3,267,0020600573,,,8:29,3,5,0,0,2223,Samuel Dalembert,PHI,Philadelphia,1610612755.0,76ers,0,,,,,,0,,,,,,54 - 73,19,Dalembert Free Throw 1 of 2 (9 PTS),9:31 PM
251,0,8,268,0020600573,SUB: Warrick FOR Al. Johnson,,8:29,3,4,4,0,200792,Alexander Johnson,MEM,Memphis,1610612763.0,Grizzlies,101124,Hakim Warrick,MEM,Memphis,1610612763.0,Grizzlies,0,,,,,,,,,9:31 PM
252,12,3,269,0020600573,,,8:29,3,5,0,0,2223,Samuel Dalembert,PHI,Philadelphia,1610612755.0,76ers,0,,,,,,0,,,,,,55 - 73,18,Dalembert Free Throw 2 of 2 (10 PTS),9:31 PM
253,4,6,270,0020600573,Warrick OFF.Foul (P1),,8:23,3,4,5,1,101124,Hakim Warrick,MEM,Memphis,1610612763.0,Grizzlies,2594,Kyle Korver,PHI,Philadelphia,1610612755.0,76ers,0,,,,,,,,,9:32 PM
254,5,5,271,0020600573,Warrick Foul Turnover (P1.T10),,8:23,3,4,0,1,101124,Hakim Warrick,MEM,Memphis,1610612763.0,Grizzlies,0,,,,,,0,,,,,,,,,9:32 PM
255,1,5,272,0020600573,Warrick STEAL (1 STL),,8:02,3,5,4,0,2584,Willie Green,PHI,Philadelphia,1610612755.0,76ers,101124,Hakim Warrick,MEM,Memphis,1610612763.0,Grizzlies,0,,,,,,,,Green Bad Pass Turnover (P1.T11),9:32 PM
256,47,2,273,0020600573,MISS Gasol 7' Turnaround Jump Shot,,7:51,3,4,0,0,2200,Pau Gasol,MEM,Memphis,1610612763.0,Grizzlies,0,,,,,,0,,,,,,,,,9:32 PM
257,0,4,274,0020600573,,,7:47,3,5,0,0,2212,Steven Hunter,PHI,Philadelphia,1610612755.0,76ers,0,,,,,,0,,,,,,,,Hunter REBOUND (Off:0 Def:4),9:32 PM
258,1,2,275,0020600573,,,7:41,3,5,0,0,2594,Kyle Korver,PHI,Philadelphia,1610612755.0,76ers,0,,,,,,0,,,,,,,,MISS Korver 25' 3PT Jump Shot,9:32 PM
259,0,4,276,0020600573,,,7:40,3,5,0,0,2223,Samuel Dalembert,PHI,Philadelphia,1610612755.0,76ers,0,,,,,,0,,,,,,,,Dalembert REBOUND (Off:1 Def:6),9:32 PM
260,1,2,277,0020600573,,,7:24,3,5,0,0,2594,Kyle Korver,PHI,Philadelphia,1610612755.0,76ers,0,,,,,,0,,,,,,,,MISS Korver 20' Jump Shot,9:33 PM
261,0,4,278,0020600573,Warrick REBOUND (Off:0 Def:1),,7:23,3,4,0,0,101124,Hakim Warrick,MEM,Memphis,1610612763.0,Grizzlies,0,,,,,,0,,,,,,,,,9:33 PM
262,1,5,279,0020600573,Stoudamire Bad Pass Turnover (P1.T11),,7:10,3,4,0,0,757,Damon Stoudamire,MEM,Memphis,1610612763.0,Grizzlies,0,,,,,,0,,,,,,,,,9:33 PM
263,1,6,280,0020600573,Warrick P.FOUL (P2.T2),,7:01,3,4,5,1,101124,Hakim Warrick,MEM,Memphis,1610612763.0,Grizzlies,2223,Samuel Dalembert,PHI,Philadelphia,1610612755.0,76ers,0,,,,,,,,,9:33 PM
264,1,1,281,0020600573,,,6:53,3,5,0,0,2584,Willie Green,PHI,Philadelphia,1610612755.0,76ers,0,,,,,,0,,,,,,57 - 73,16,Green 7' Jump Shot (17 PTS),9:34 PM
265,1,9,282,0020600573,GRIZZLIES Timeout: Regular (Full 3 Short 0),,6:53,3,2,0,0,1610612763,,,,,,0,,,,,,0,,,,,,,,,9:34 PM
266,0,8,284,0020600573,SUB: Roberts FOR Warrick,,6:53,3,4,4,0,101124,Hakim Warrick,MEM,Memphis,1610612763.0,Grizzlies,101160,Lawrence Roberts,MEM,Memphis,1610612763.0,Grizzlies,0,,,,,,,,,9:36 PM
267,8,5,286,0020600573,Miller 3 Second Violation Turnover (P2.T12),,6:38,3,4,0,1,2034,Mike Miller,MEM,Memphis,1610612763.0,Grizzlies,0,,,,,,0,,,,,,,,,9:37 PM
268,46,2,287,0020600573,,,6:21,3,5,0,0,1563,Kevin Ollie,PHI,Philadelphia,1610612755.0,76ers,0,,,,,,0,,,,,,,,MISS Ollie 5' Running Jump Shot,9:37 PM
269,0,4,288,0020600573,Roberts REBOUND (Off:2 Def:1),,6:19,3,4,0,0,101160,Lawrence Roberts,MEM,Memphis,1610612763.0,Grizzlies,0,,,,,,0,,,,,,,,,9:37 PM
270,1,1,289,0020600573,Jones  3PT Jump Shot (9 PTS) (Miller 3 AST),,5:54,3,4,4,0,224,Eddie Jones,MEM,Memphis,1610612763.0,Grizzlies,2034,Mike Miller,MEM,Memphis,1610612763.0,Grizzlies,0,,,,,,57 - 76,19,,9:37 PM
271,47,1,290,0020600573,,,5:35,3,5,5,0,2223,Samuel Dalembert,PHI,Philadelphia,1610612755.0,76ers,2594,Kyle Korver,PHI,Philadelphia,1610612755.0,76ers,0,,,,,,59 - 76,17,Dalembert 12' Turnaround Jump Shot (12 PTS) (Korver 2 AST),9:38 PM
272,5,1,291,0020600573,Jones  Layup (11 PTS) (Stoudamire 9 AST),,5:29,3,4,4,0,224,Eddie Jones,MEM,Memphis,1610612763.0,Grizzlies,757,Damon Stoudamire,MEM,Memphis,1610612763.0,Grizzlies,0,,,,,,59 - 78,19,,9:38 PM
273,1,1,292,0020600573,,,5:16,3,5,5,0,2584,Willie Green,PHI,Philadelphia,1610612755.0,76ers,1563,Kevin Ollie,PHI,Philadelphia,1610612755.0,76ers,0,,,,,,61 - 78,17,Green 18' Jump Shot (19 PTS) (Ollie 3 AST),9:38 PM
274,7,1,293,0020600573,Gasol  Dunk (11 PTS) (Miller 4 AST),,5:04,3,4,4,0,2200,Pau Gasol,MEM,Memphis,1610612763.0,Grizzlies,2034,Mike Miller,MEM,Memphis,1610612763.0,Grizzlies,0,,,,,,61 - 80,19,,9:38 PM
275,2,6,294,0020600573,,,5:04,3,5,4,1,2223,Samuel Dalembert,PHI,Philadelphia,1610612755.0,76ers,2200,Pau Gasol,MEM,Memphis,1610612763.0,Grizzlies,0,,,,,,,,Dalembert S.FOUL (P3.T1),9:38 PM
276,0,8,295,0020600573,SUB: Gay FOR Jones,,5:04,3,4,4,0,224,Eddie Jones,MEM,Memphis,1610612763.0,Grizzlies,200752,Rudy Gay,MEM,Memphis,1610612763.0,Grizzlies,0,,,,,,,,,9:39 PM
277,0,8,296,0020600573,SUB: Atkins FOR Stoudamire,,5:04,3,4,4,0,757,Damon Stoudamire,MEM,Memphis,1610612763.0,Grizzlies,1088,Chucky Atkins,MEM,Memphis,1610612763.0,Grizzlies,0,,,,,,,,,9:39 PM
278,1,7,297,0020600573,GRIZZLIES Violation: Delay of game Violation,,5:04,3,2,0,1,1610612763,,,,,,0,,,,,,0,,,,,,,,,9:39 PM
279,10,3,298,0020600573,Gasol Free Throw 1 of 1 (12 PTS),,5:04,3,4,0,0,2200,Pau Gasol,MEM,Memphis,1610612763.0,Grizzlies,0,,,,,,0,,,,,,61 - 81,20,,9:39 PM
280,1,9,299,0020600573,,,5:04,3,3,0,0,1610612755,,,,,,0,,,,,,0,,,,,,,,76ers Timeout: Regular (Reg.3 Short 1),9:39 PM
281,42,1,303,0020600573,,,4:51,3,5,0,0,2584,Willie Green,PHI,Philadelphia,1610612755.0,76ers,0,,,,,,0,,,,,,63 - 81,18,Green  Driving Layup (21 PTS),9:42 PM
282,39,5,304,0020600573,Miller Step Out of Bounds Turnover (P3.T13),,4:46,3,4,0,0,2034,Mike Miller,MEM,Memphis,1610612763.0,Grizzlies,0,,,,,,0,,,,,,,,,9:42 PM
283,2,6,305,0020600573,Roberts S.FOUL (P1.T3),,4:39,3,4,5,1,101160,Lawrence Roberts,MEM,Memphis,1610612763.0,Grizzlies,2223,Samuel Dalembert,PHI,Philadelphia,1610612755.0,76ers,0,,,,,,,,,9:43 PM
284,11,3,306,0020600573,,,4:39,3,5,0,0,2223,Samuel Dalembert,PHI,Philadelphia,1610612755.0,76ers,0,,,,,,0,,,,,,64 - 81,17,Dalembert Free Throw 1 of 2 (13 PTS),9:43 PM
285,12,3,307,0020600573,,,4:39,3,5,0,0,2223,Samuel Dalembert,PHI,Philadelphia,1610612755.0,76ers,0,,,,,,0,,,,,,65 - 81,16,Dalembert Free Throw 2 of 2 (14 PTS),9:43 PM
286,49,1,308,0020600573,Miller  Driving Dunk (22 PTS),,4:20,3,4,0,0,2034,Mike Miller,MEM,Memphis,1610612763.0,Grizzlies,0,,,,,,0,,,,,,65 - 83,18,,9:44 PM
287,1,1,309,0020600573,,,3:54,3,5,5,0,2594,Kyle Korver,PHI,Philadelphia,1610612755.0,76ers,2584,Willie Green,PHI,Philadelphia,1610612755.0,76ers,0,,,,,,68 - 83,15,Korver 26' 3PT Jump Shot (12 PTS) (Green 1 AST),9:44 PM
288,45,2,312,0020600573,MISS Atkins 25' 3PT Jump Shot,,3:29,3,4,0,0,1088,Chucky Atkins,MEM,Memphis,1610612763.0,Grizzlies,0,,,,,,0,,,,,,,,,9:44 PM
289,0,4,310,0020600573,Roberts REBOUND (Off:3 Def:1),,3:29,3,4,0,0,101160,Lawrence Roberts,MEM,Memphis,1610612763.0,Grizzlies,0,,,,,,0,,,,,,,,,9:44 PM
290,1,2,311,0020600573,MISS Gasol 13' Jump Shot,,3:22,3,4,0,0,2200,Pau Gasol,MEM,Memphis,1610612763.0,Grizzlies,0,,,,,,0,,,,,,,,,9:45 PM
291,0,4,313,0020600573,,,3:19,3,3,0,0,1610612755,,,,,,0,,,,,,0,,,,,,,,76ers Rebound,9:45 PM
292,0,8,314,0020600573,,,3:19,3,5,5,0,2223,Samuel Dalembert,PHI,Philadelphia,1610612755.0,76ers,673,Alan Henderson,PHI,Philadelphia,1610612755.0,76ers,0,,,,,,,,SUB: Henderson FOR Dalembert,9:45 PM
293,2,5,316,0020600573,Atkins STEAL (1 STL),,3:04,3,5,4,0,2584,Willie Green,PHI,Philadelphia,1610612755.0,76ers,1088,Chucky Atkins,MEM,Memphis,1610612763.0,Grizzlies,0,,,,,,,,Green Lost Ball Turnover (P2.T12),9:45 PM
294,5,1,317,0020600573,Atkins  Layup (7 PTS),,2:59,3,4,0,0,1088,Chucky Atkins,MEM,Memphis,1610612763.0,Grizzlies,0,,,,,,0,,,,,,68 - 85,17,,9:45 PM
295,5,2,318,0020600573,Gay BLOCK (2 BLK),,2:43,3,5,0,4,2584,Willie Green,PHI,Philadelphia,1610612755.0,76ers,0,,,,,,200752,Rudy Gay,MEM,Memphis,1610612763.0,Grizzlies,,,MISS Green  Layup,9:45 PM
296,0,4,319,0020600573,,,2:41,3,5,0,0,1563,Kevin Ollie,PHI,Philadelphia,1610612755.0,76ers,0,,,,,,0,,,,,,,,Ollie REBOUND (Off:1 Def:1),9:45 PM
297,5,2,320,0020600573,,,2:39,3,5,0,0,1563,Kevin Ollie,PHI,Philadelphia,1610612755.0,76ers,0,,,,,,0,,,,,,,,MISS Ollie  Layup,9:46 PM
298,0,4,321,0020600573,Gasol REBOUND (Off:2 Def:4),,2:37,3,4,0,0,2200,Pau Gasol,MEM,Memphis,1610612763.0,Grizzlies,0,,,,,,0,,,,,,,,,9:46 PM
299,1,2,322,0020600573,MISS Gasol 22' Jump Shot,,2:28,3,4,0,0,2200,Pau Gasol,MEM,Memphis,1610612763.0,Grizzlies,0,,,,,,0,,,,,,,,,9:46 PM
300,0,4,323,0020600573,Gay REBOUND (Off:1 Def:2),,2:27,3,4,0,0,200752,Rudy Gay,MEM,Memphis,1610612763.0,Grizzlies,0,,,,,,0,,,,,,,,,9:46 PM
301,5,2,324,0020600573,MISS Gay  Layup,,2:26,3,4,0,5,200752,Rudy Gay,MEM,Memphis,1610612763.0,Grizzlies,0,,,,,,2212,Steven Hunter,PHI,Philadelphia,1610612755.0,76ers,,,Hunter BLOCK (1 BLK),9:46 PM
302,0,4,325,0020600573,,,2:24,3,5,0,0,673,Alan Henderson,PHI,Philadelphia,1610612755.0,76ers,0,,,,,,0,,,,,,,,Henderson REBOUND (Off:0 Def:1),9:46 PM
303,1,6,326,0020600573,Roberts P.FOUL (P2.T4),,2:20,3,4,5,1,101160,Lawrence Roberts,MEM,Memphis,1610612763.0,Grizzlies,673,Alan Henderson,PHI,Philadelphia,1610612755.0,76ers,0,,,,,,,,,9:46 PM
304,0,8,327,0020600573,,,2:20,3,5,5,0,2584,Willie Green,PHI,Philadelphia,1610612755.0,76ers,2738,Andre Iguodala,PHI,Philadelphia,1610612755.0,76ers,0,,,,,,,,SUB: Iguodala FOR Green,9:46 PM
305,0,8,328,0020600573,,,2:20,3,5,5,0,1563,Kevin Ollie,PHI,Philadelphia,1610612755.0,76ers,1889,Andre Miller,PHI,Philadelphia,1610612755.0,76ers,0,,,,,,,,SUB: Miller FOR Ollie,9:46 PM
306,1,2,329,0020600573,,,2:04,3,5,0,0,2594,Kyle Korver,PHI,Philadelphia,1610612755.0,76ers,0,,,,,,0,,,,,,,,MISS Korver 24' 3PT Jump Shot,9:47 PM
307,0,4,330,0020600573,,,2:02,3,5,0,0,673,Alan Henderson,PHI,Philadelphia,1610612755.0,76ers,0,,,,,,0,,,,,,,,Henderson REBOUND (Off:1 Def:1),9:47 PM
308,1,1,331,0020600573,,,1:50,3,5,5,0,2594,Kyle Korver,PHI,Philadelphia,1610612755.0,76ers,2738,Andre Iguodala,PHI,Philadelphia,1610612755.0,76ers,0,,,,,,71 - 85,14,Korver  3PT Jump Shot (15 PTS) (Iguodala 3 AST),9:47 PM
309,1,1,332,0020600573,Gay 14' Jump Shot (18 PTS) (Miller 5 AST),,1:28,3,4,4,0,200752,Rudy Gay,MEM,Memphis,1610612763.0,Grizzlies,2034,Mike Miller,MEM,Memphis,1610612763.0,Grizzlies,0,,,,,,71 - 87,16,,9:48 PM
310,58,1,333,0020600573,,,1:07,3,5,0,0,673,Alan Henderson,PHI,Philadelphia,1610612755.0,76ers,0,,,,,,0,,,,,,73 - 87,14,Henderson 8' Turnaround Hook Shot (2 PTS),9:48 PM
311,2,6,334,0020600573,,,0:57,3,5,4,1,2738,Andre Iguodala,PHI,Philadelphia,1610612755.0,76ers,200752,Rudy Gay,MEM,Memphis,1610612763.0,Grizzlies,0,,,,,,,,Iguodala S.FOUL (P3.T2),9:48 PM
312,11,3,335,0020600573,Gay Free Throw 1 of 2 (19 PTS),,0:57,3,4,0,0,200752,Rudy Gay,MEM,Memphis,1610612763.0,Grizzlies,0,,,,,,0,,,,,,73 - 88,15,,9:48 PM
313,12,3,336,0020600573,MISS Gay Free Throw 2 of 2,,0:57,3,4,0,0,200752,Rudy Gay,MEM,Memphis,1610612763.0,Grizzlies,0,,,,,,0,,,,,,,,,9:49 PM
314,0,4,337,0020600573,Roberts REBOUND (Off:4 Def:1),,0:55,3,4,0,0,101160,Lawrence Roberts,MEM,Memphis,1610612763.0,Grizzlies,0,,,,,,0,,,,,,,,,9:49 PM
315,1,5,338,0020600573,Roberts Bad Pass Turnover (P1.T14),,0:52,3,4,5,0,101160,Lawrence Roberts,MEM,Memphis,1610612763.0,Grizzlies,2594,Kyle Korver,PHI,Philadelphia,1610612755.0,76ers,0,,,,,,,,Korver STEAL (2 STL),9:49 PM
316,44,1,339,0020600573,,,0:44,3,5,5,0,2594,Kyle Korver,PHI,Philadelphia,1610612755.0,76ers,1889,Andre Miller,PHI,Philadelphia,1610612755.0,76ers,0,,,,,,75 - 88,13,Korver  Reverse Layup (17 PTS) (Miller 2 AST),9:49 PM
317,1,1,340,0020600573,Gay 25' 3PT Jump Shot (22 PTS) (Miller 6 AST),,0:30,3,4,4,0,200752,Rudy Gay,MEM,Memphis,1610612763.0,Grizzlies,2034,Mike Miller,MEM,Memphis,1610612763.0,Grizzlies,0,,,,,,75 - 91,16,,9:49 PM
318,1,1,341,0020600573,,,0:10,3,5,5,0,2594,Kyle Korver,PHI,Philadelphia,1610612755.0,76ers,1889,Andre Miller,PHI,Philadelphia,1610612755.0,76ers,0,,,,,,78 - 91,13,Korver 25' 3PT Jump Shot (20 PTS) (Miller 3 AST),9:50 PM
319,43,1,342,0020600573,Roberts  Alley Oop Layup (4 PTS) (Atkins 3 AST),,0:01,3,4,4,0,101160,Lawrence Roberts,MEM,Memphis,1610612763.0,Grizzlies,1088,Chucky Atkins,MEM,Memphis,1610612763.0,Grizzlies,0,,,,,,78 - 93,15,,9:50 PM
320,4,5,343,0020600573,,,0:00,3,5,0,1,673,Alan Henderson,PHI,Philadelphia,1610612755.0,76ers,0,,,,,,0,,,,,,,,Henderson Traveling Turnover (P1.T13),9:50 PM
321,1,2,344,0020600573,MISS Miller 38' 3PT Jump Shot,,0:00,3,4,0,0,2034,Mike Miller,MEM,Memphis,1610612763.0,Grizzlies,0,,,,,,0,,,,,,,,,9:51 PM
322,0,4,346,0020600573,GRIZZLIES Rebound,,0:00,3,2,0,0,1610612763,,,,,,0,,,,,,0,,,,,,,,,9:51 PM
323,0,13,345,0020600573,,,0:00,3,0,0,0,0,,,,,,0,,,,,,0,,,,,,78 - 93,15,,9:51 PM
324,0,12,348,0020600573,,,12:00,4,0,0,0,0,,,,,,0,,,,,,0,,,,,,78 - 93,15,,9:53 PM
325,1,2,349,0020600573,,,11:45,4,5,0,0,1889,Andre Miller,PHI,Philadelphia,1610612755.0,76ers,0,,,,,,0,,,,,,,,MISS Miller 19' Jump Shot,9:53 PM
326,0,4,350,0020600573,Gay REBOUND (Off:1 Def:3),,11:43,4,4,0,0,200752,Rudy Gay,MEM,Memphis,1610612763.0,Grizzlies,0,,,,,,0,,,,,,,,,9:53 PM
327,1,6,351,0020600573,,,11:34,4,5,4,1,1889,Andre Miller,PHI,Philadelphia,1610612755.0,76ers,2200,Pau Gasol,MEM,Memphis,1610612763.0,Grizzlies,0,,,,,,,,Miller P.FOUL (P2.T1),9:53 PM
328,1,1,352,0020600573,Atkins 27' 3PT Jump Shot (10 PTS) (Gasol 2 AST),,11:21,4,4,4,0,1088,Chucky Atkins,MEM,Memphis,1610612763.0,Grizzlies,2200,Pau Gasol,MEM,Memphis,1610612763.0,Grizzlies,0,,,,,,78 - 96,18,,9:54 PM
329,44,1,353,0020600573,,,11:06,4,5,5,0,2594,Kyle Korver,PHI,Philadelphia,1610612755.0,76ers,1889,Andre Miller,PHI,Philadelphia,1610612755.0,76ers,0,,,,,,80 - 96,16,Korver  Reverse Layup (22 PTS) (Miller 4 AST),9:54 PM
330,1,6,354,0020600573,,,11:00,4,5,4,1,1889,Andre Miller,PHI,Philadelphia,1610612755.0,76ers,1088,Chucky Atkins,MEM,Memphis,1610612763.0,Grizzlies,0,,,,,,,,Miller P.FOUL (P3.T2),9:54 PM
331,0,8,355,0020600573,,,11:00,4,5,5,0,2212,Steven Hunter,PHI,Philadelphia,1610612755.0,76ers,2223,Samuel Dalembert,PHI,Philadelphia,1610612755.0,76ers,0,,,,,,,,SUB: Dalembert FOR Hunter,9:54 PM
332,1,2,356,0020600573,MISS Kinsey 18' Jump Shot,,10:47,4,4,0,0,200814,Tarence Kinsey,MEM,Memphis,1610612763.0,Grizzlies,0,,,,,,0,,,,,,,,,9:55 PM
333,0,4,357,0020600573,Gasol REBOUND (Off:3 Def:4),,10:46,4,4,0,0,2200,Pau Gasol,MEM,Memphis,1610612763.0,Grizzlies,0,,,,,,0,,,,,,,,,9:55 PM
334,1,2,358,0020600573,MISS Atkins 4' Jump Shot,,10:36,4,4,0,0,1088,Chucky Atkins,MEM,Memphis,1610612763.0,Grizzlies,0,,,,,,0,,,,,,,,,9:55 PM
335,0,4,359,0020600573,,,10:34,4,5,0,0,673,Alan Henderson,PHI,Philadelphia,1610612755.0,76ers,0,,,,,,0,,,,,,,,Henderson REBOUND (Off:1 Def:2),9:55 PM
336,2,6,360,0020600573,Atkins S.FOUL (P1.T1),,10:30,4,4,5,1,1088,Chucky Atkins,MEM,Memphis,1610612763.0,Grizzlies,1889,Andre Miller,PHI,Philadelphia,1610612755.0,76ers,0,,,,,,,,,9:55 PM
337,11,3,361,0020600573,,,10:30,4,5,0,0,1889,Andre Miller,PHI,Philadelphia,1610612755.0,76ers,0,,,,,,0,,,,,,,,MISS Miller Free Throw 1 of 2,9:55 PM
338,1,4,362,0020600573,,,10:30,4,3,0,0,1610612755,,,,,,0,,,,,,0,,,,,,,,76ers Rebound,9:55 PM
339,12,3,363,0020600573,,,10:30,4,5,0,0,1889,Andre Miller,PHI,Philadelphia,1610612755.0,76ers,0,,,,,,0,,,,,,81 - 96,15,Miller Free Throw 2 of 2 (3 PTS),9:56 PM
340,5,2,364,0020600573,MISS Gasol  Layup,,10:10,4,4,0,5,2200,Pau Gasol,MEM,Memphis,1610612763.0,Grizzlies,0,,,,,,2223,Samuel Dalembert,PHI,Philadelphia,1610612755.0,76ers,,,Dalembert BLOCK (2 BLK),9:56 PM
341,0,4,365,0020600573,,,10:08,4,5,0,0,2738,Andre Iguodala,PHI,Philadelphia,1610612755.0,76ers,0,,,,,,0,,,,,,,,Iguodala REBOUND (Off:0 Def:1),9:56 PM
342,1,2,366,0020600573,,,10:02,4,5,0,0,2594,Kyle Korver,PHI,Philadelphia,1610612755.0,76ers,0,,,,,,0,,,,,,,,MISS Korver 27' 3PT Jump Shot,9:56 PM
343,0,4,367,0020600573,Roberts REBOUND (Off:4 Def:2),,9:59,4,4,0,0,101160,Lawrence Roberts,MEM,Memphis,1610612763.0,Grizzlies,0,,,,,,0,,,,,,,,,9:56 PM
344,2,6,368,0020600573,,,9:51,4,5,4,1,2223,Samuel Dalembert,PHI,Philadelphia,1610612755.0,76ers,200814,Tarence Kinsey,MEM,Memphis,1610612763.0,Grizzlies,0,,,,,,,,Dalembert S.FOUL (P4.T3),9:56 PM
345,0,8,369,0020600573,SUB: Warrick FOR Gasol,,9:51,4,4,4,0,2200,Pau Gasol,MEM,Memphis,1610612763.0,Grizzlies,101124,Hakim Warrick,MEM,Memphis,1610612763.0,Grizzlies,0,,,,,,,,,9:57 PM
346,11,3,370,0020600573,Kinsey Free Throw 1 of 2 (1 PTS),,9:51,4,4,0,0,200814,Tarence Kinsey,MEM,Memphis,1610612763.0,Grizzlies,0,,,,,,0,,,,,,81 - 97,16,,9:57 PM
347,0,8,371,0020600573,,,9:51,4,5,5,0,2594,Kyle Korver,PHI,Philadelphia,1610612755.0,76ers,2584,Willie Green,PHI,Philadelphia,1610612755.0,76ers,0,,,,,,,,SUB: Green FOR Korver,9:57 PM
348,12,3,372,0020600573,MISS Kinsey Free Throw 2 of 2,,9:51,4,4,0,0,200814,Tarence Kinsey,MEM,Memphis,1610612763.0,Grizzlies,0,,,,,,0,,,,,,,,,9:57 PM
349,0,4,373,0020600573,,,9:50,4,5,0,0,1889,Andre Miller,PHI,Philadelphia,1610612755.0,76ers,0,,,,,,0,,,,,,,,Miller REBOUND (Off:0 Def:2),9:57 PM
350,47,1,374,0020600573,,,9:37,4,5,5,0,2223,Samuel Dalembert,PHI,Philadelphia,1610612755.0,76ers,2738,Andre Iguodala,PHI,Philadelphia,1610612755.0,76ers,0,,,,,,83 - 97,14,Dalembert 11' Turnaround Jump Shot (16 PTS) (Iguodala 4 AST),9:57 PM
351,2,6,375,0020600573,Warrick S.FOUL (P3.T2),,9:37,4,4,5,1,101124,Hakim Warrick,MEM,Memphis,1610612763.0,Grizzlies,2223,Samuel Dalembert,PHI,Philadelphia,1610612755.0,76ers,0,,,,,,,,,9:57 PM
352,10,3,376,0020600573,,,9:37,4,5,0,0,2223,Samuel Dalembert,PHI,Philadelphia,1610612755.0,76ers,0,,,,,,0,,,,,,84 - 97,13,Dalembert Free Throw 1 of 1 (17 PTS),9:58 PM
353,2,5,377,0020600573,Warrick Lost Ball Turnover (P2.T15),,9:26,4,4,5,0,101124,Hakim Warrick,MEM,Memphis,1610612763.0,Grizzlies,1889,Andre Miller,PHI,Philadelphia,1610612755.0,76ers,0,,,,,,,,Miller STEAL (1 STL),9:58 PM
354,5,1,378,0020600573,,,9:20,4,5,5,0,1889,Andre Miller,PHI,Philadelphia,1610612755.0,76ers,2738,Andre Iguodala,PHI,Philadelphia,1610612755.0,76ers,0,,,,,,86 - 97,11,Miller  Layup (5 PTS) (Iguodala 5 AST),9:58 PM
355,1,9,379,0020600573,GRIZZLIES Timeout: Regular (Full 4 Short 0),,9:20,4,2,0,0,1610612763,,,,,,0,,,,,,0,,,,,,,,,9:58 PM
356,0,8,382,0020600573,SUB: Miller FOR Kinsey,,9:20,4,4,4,0,200814,Tarence Kinsey,MEM,Memphis,1610612763.0,Grizzlies,2034,Mike Miller,MEM,Memphis,1610612763.0,Grizzlies,0,,,,,,,,,10:01 PM
357,0,8,383,0020600573,SUB: Gasol FOR Warrick,,9:20,4,4,4,0,101124,Hakim Warrick,MEM,Memphis,1610612763.0,Grizzlies,2200,Pau Gasol,MEM,Memphis,1610612763.0,Grizzlies,0,,,,,,,,,10:01 PM
358,0,8,384,0020600573,,,9:20,4,5,5,0,673,Alan Henderson,PHI,Philadelphia,1610612755.0,76ers,200760,Rodney Carney,PHI,Philadelphia,1610612755.0,76ers,0,,,,,,,,SUB: Carney FOR Henderson,10:02 PM
359,1,1,385,0020600573,Atkins 26' 3PT Jump Shot (13 PTS) (Miller 7 AST),,8:59,4,4,4,0,1088,Chucky Atkins,MEM,Memphis,1610612763.0,Grizzlies,2034,Mike Miller,MEM,Memphis,1610612763.0,Grizzlies,0,,,,,,86 - 100,14,,10:03 PM
360,1,2,386,0020600573,,,8:34,4,5,0,0,200760,Rodney Carney,PHI,Philadelphia,1610612755.0,76ers,0,,,,,,0,,,,,,,,MISS Carney 21' Jump Shot,10:03 PM
361,0,4,387,0020600573,Atkins REBOUND (Off:0 Def:2),,8:33,4,4,0,0,1088,Chucky Atkins,MEM,Memphis,1610612763.0,Grizzlies,0,,,,,,0,,,,,,,,,10:03 PM
362,2,6,388,0020600573,,,8:30,4,5,4,1,2738,Andre Iguodala,PHI,Philadelphia,1610612755.0,76ers,2034,Mike Miller,MEM,Memphis,1610612763.0,Grizzlies,0,,,,,,,,Iguodala S.FOUL (P4.T4),10:04 PM
363,11,3,389,0020600573,Miller Free Throw 1 of 2 (23 PTS),,8:30,4,4,0,0,2034,Mike Miller,MEM,Memphis,1610612763.0,Grizzlies,0,,,,,,0,,,,,,86 - 101,15,,10:04 PM
364,12,3,390,0020600573,MISS Miller Free Throw 2 of 2,,8:30,4,4,0,0,2034,Mike Miller,MEM,Memphis,1610612763.0,Grizzlies,0,,,,,,0,,,,,,,,,10:04 PM
365,0,4,391,0020600573,Roberts REBOUND (Off:5 Def:2),,8:29,4,4,0,0,101160,Lawrence Roberts,MEM,Memphis,1610612763.0,Grizzlies,0,,,,,,0,,,,,,,,,10:04 PM
366,8,1,392,0020600573,Roberts  Slam Dunk (6 PTS) (Gasol 3 AST),,8:19,4,4,4,0,101160,Lawrence Roberts,MEM,Memphis,1610612763.0,Grizzlies,2200,Pau Gasol,MEM,Memphis,1610612763.0,Grizzlies,0,,,,,,86 - 103,17,,10:04 PM
367,1,9,393,0020600573,,,8:18,4,3,0,0,1610612755,,,,,,0,,,,,,0,,,,,,,,76ers Timeout: Regular (Reg.4 Short 1),10:05 PM
368,0,8,395,0020600573,,,8:18,4,5,5,0,200760,Rodney Carney,PHI,Philadelphia,1610612755.0,76ers,2594,Kyle Korver,PHI,Philadelphia,1610612755.0,76ers,0,,,,,,,,SUB: Korver FOR Carney,10:06 PM
369,1,2,397,0020600573,,,8:03,4,5,0,0,2738,Andre Iguodala,PHI,Philadelphia,1610612755.0,76ers,0,,,,,,0,,,,,,,,MISS Iguodala 18' Jump Shot,10:07 PM
370,0,4,398,0020600573,Roberts REBOUND (Off:5 Def:3),,8:01,4,4,0,0,101160,Lawrence Roberts,MEM,Memphis,1610612763.0,Grizzlies,0,,,,,,0,,,,,,,,,10:07 PM
371,2,6,399,0020600573,,,7:49,4,5,4,1,2738,Andre Iguodala,PHI,Philadelphia,1610612755.0,76ers,101160,Lawrence Roberts,MEM,Memphis,1610612763.0,Grizzlies,0,,,,,,,,Iguodala S.FOUL (P5.PN),10:07 PM
372,11,3,400,0020600573,Roberts Free Throw 1 of 2 (7 PTS),,7:49,4,4,0,0,101160,Lawrence Roberts,MEM,Memphis,1610612763.0,Grizzlies,0,,,,,,0,,,,,,86 - 104,18,,10:08 PM
373,0,8,401,0020600573,,,7:49,4,5,5,0,2738,Andre Iguodala,PHI,Philadelphia,1610612755.0,76ers,2212,Steven Hunter,PHI,Philadelphia,1610612755.0,76ers,0,,,,,,,,SUB: Hunter FOR Iguodala,10:08 PM
374,12,3,402,0020600573,MISS Roberts Free Throw 2 of 2,,7:49,4,4,0,0,101160,Lawrence Roberts,MEM,Memphis,1610612763.0,Grizzlies,0,,,,,,0,,,,,,,,,10:08 PM
375,0,4,403,0020600573,,,7:45,4,5,0,0,2584,Willie Green,PHI,Philadelphia,1610612755.0,76ers,0,,,,,,0,,,,,,,,Green REBOUND (Off:0 Def:1),10:08 PM
376,2,5,404,0020600573,Roberts STEAL (1 STL),,7:31,4,5,4,0,2584,Willie Green,PHI,Philadelphia,1610612755.0,76ers,101160,Lawrence Roberts,MEM,Memphis,1610612763.0,Grizzlies,0,,,,,,,,Green Lost Ball Turnover (P3.T14),10:09 PM
377,5,1,405,0020600573,Roberts  Layup (9 PTS),,7:28,4,4,0,0,101160,Lawrence Roberts,MEM,Memphis,1610612763.0,Grizzlies,0,,,,,,0,,,,,,86 - 106,20,,10:09 PM
378,1,2,406,0020600573,,,7:07,4,5,0,0,2584,Willie Green,PHI,Philadelphia,1610612755.0,76ers,0,,,,,,0,,,,,,,,MISS Green 25' 3PT Jump Shot,10:09 PM
379,0,4,407,0020600573,,,7:05,4,5,0,0,2223,Samuel Dalembert,PHI,Philadelphia,1610612755.0,76ers,0,,,,,,0,,,,,,,,Dalembert REBOUND (Off:2 Def:6),10:09 PM
380,2,6,408,0020600573,Roberts S.FOUL (P3.T3),,7:02,4,4,5,1,101160,Lawrence Roberts,MEM,Memphis,1610612763.0,Grizzlies,2212,Steven Hunter,PHI,Philadelphia,1610612755.0,76ers,0,,,,,,,,,10:09 PM
381,11,3,409,0020600573,,,7:02,4,5,0,0,2212,Steven Hunter,PHI,Philadelphia,1610612755.0,76ers,0,,,,,,0,,,,,,,,MISS Hunter Free Throw 1 of 2,10:09 PM
382,1,4,410,0020600573,,,7:02,4,3,0,0,1610612755,,,,,,0,,,,,,0,,,,,,,,76ers Rebound,10:09 PM
383,12,3,411,0020600573,,,7:02,4,5,0,0,2212,Steven Hunter,PHI,Philadelphia,1610612755.0,76ers,0,,,,,,0,,,,,,87 - 106,19,Hunter Free Throw 2 of 2 (4 PTS),10:10 PM
384,2,6,412,0020600573,,,6:46,4,5,4,1,2594,Kyle Korver,PHI,Philadelphia,1610612755.0,76ers,200752,Rudy Gay,MEM,Memphis,1610612763.0,Grizzlies,0,,,,,,,,Korver S.FOUL (P3.PN),10:10 PM
385,11,3,413,0020600573,MISS Gay Free Throw 1 of 2,,6:46,4,4,0,0,200752,Rudy Gay,MEM,Memphis,1610612763.0,Grizzlies,0,,,,,,0,,,,,,,,,10:10 PM
386,1,4,414,0020600573,GRIZZLIES Rebound,,6:46,4,2,0,0,1610612763,,,,,,0,,,,,,0,,,,,,,,,10:10 PM
387,12,3,415,0020600573,Gay Free Throw 2 of 2 (23 PTS),,6:46,4,4,0,0,200752,Rudy Gay,MEM,Memphis,1610612763.0,Grizzlies,0,,,,,,0,,,,,,87 - 107,20,,10:11 PM
388,1,1,416,0020600573,,,6:32,4,5,0,0,2594,Kyle Korver,PHI,Philadelphia,1610612755.0,76ers,0,,,,,,0,,,,,,89 - 107,18,Korver 22' Jump Shot (24 PTS),10:11 PM
389,1,2,417,0020600573,MISS Miller 26' 3PT Jump Shot,,6:18,4,4,0,0,2034,Mike Miller,MEM,Memphis,1610612763.0,Grizzlies,0,,,,,,0,,,,,,,,,10:11 PM
390,0,4,418,0020600573,,,6:16,4,5,0,0,2584,Willie Green,PHI,Philadelphia,1610612755.0,76ers,0,,,,,,0,,,,,,,,Green REBOUND (Off:0 Def:2),10:11 PM
391,42,1,419,0020600573,,,6:12,4,5,0,0,2584,Willie Green,PHI,Philadelphia,1610612755.0,76ers,0,,,,,,0,,,,,,91 - 107,16,Green  Driving Layup (23 PTS),10:11 PM
392,5,2,420,0020600573,MISS Miller  Layup,,6:00,4,4,0,5,2034,Mike Miller,MEM,Memphis,1610612763.0,Grizzlies,0,,,,,,2212,Steven Hunter,PHI,Philadelphia,1610612755.0,76ers,,,Hunter BLOCK (2 BLK),10:12 PM
393,0,4,421,0020600573,,,5:59,4,5,0,0,1889,Andre Miller,PHI,Philadelphia,1610612755.0,76ers,0,,,,,,0,,,,,,,,Miller REBOUND (Off:0 Def:3),10:12 PM
394,1,1,422,0020600573,,,5:54,4,5,5,0,2594,Kyle Korver,PHI,Philadelphia,1610612755.0,76ers,2584,Willie Green,PHI,Philadelphia,1610612755.0,76ers,0,,,,,,94 - 107,13,Korver 26' 3PT Jump Shot (27 PTS) (Green 2 AST),10:12 PM
395,1,6,423,0020600573,,,5:42,4,5,4,1,2594,Kyle Korver,PHI,Philadelphia,1610612755.0,76ers,2034,Mike Miller,MEM,Memphis,1610612763.0,Grizzlies,0,,,,,,,,Korver P.FOUL (P4.PN),10:12 PM
396,11,3,424,0020600573,Miller Free Throw 1 of 2 (24 PTS),,5:42,4,4,0,0,2034,Mike Miller,MEM,Memphis,1610612763.0,Grizzlies,0,,,,,,0,,,,,,94 - 108,14,,10:12 PM
397,0,8,425,0020600573,SUB: Stoudamire FOR Atkins,,5:42,4,4,4,0,1088,Chucky Atkins,MEM,Memphis,1610612763.0,Grizzlies,757,Damon Stoudamire,MEM,Memphis,1610612763.0,Grizzlies,0,,,,,,,,,10:13 PM
398,1,7,426,0020600573,GRIZZLIES Violation: Delay of game Violation,,5:42,4,2,0,1,1610612763,,,,,,0,,,,,,0,,,,,,,,,10:13 PM
399,18,6,427,0020600573,GRIZZLIES Foul,,5:42,4,2,0,1,1610612763,,,,,,0,,,,,,0,,,,,,,,,10:13 PM
400,16,3,428,0020600573,,,5:42,4,5,0,0,2594,Kyle Korver,PHI,Philadelphia,1610612755.0,76ers,0,,,,,,0,,,,,,95 - 108,13,Korver Free Throw Technical (28 PTS),10:13 PM
401,12,3,429,0020600573,Miller Free Throw 2 of 2 (25 PTS),,5:42,4,4,0,0,2034,Mike Miller,MEM,Memphis,1610612763.0,Grizzlies,0,,,,,,0,,,,,,95 - 109,14,,10:13 PM
402,2,6,430,0020600573,Roberts S.FOUL (P4.T4),,5:35,4,4,5,1,101160,Lawrence Roberts,MEM,Memphis,1610612763.0,Grizzlies,2212,Steven Hunter,PHI,Philadelphia,1610612755.0,76ers,0,,,,,,,,,10:14 PM
403,11,3,431,0020600573,,,5:35,4,5,0,0,2212,Steven Hunter,PHI,Philadelphia,1610612755.0,76ers,0,,,,,,0,,,,,,,,MISS Hunter Free Throw 1 of 2,10:14 PM
404,1,4,432,0020600573,,,5:35,4,3,0,0,1610612755,,,,,,0,,,,,,0,,,,,,,,76ers Rebound,10:14 PM
405,12,3,433,0020600573,,,5:35,4,5,0,0,2212,Steven Hunter,PHI,Philadelphia,1610612755.0,76ers,0,,,,,,0,,,,,,96 - 109,13,Hunter Free Throw 2 of 2 (5 PTS),10:14 PM
406,1,1,434,0020600573,Miller 27' 3PT Jump Shot (28 PTS) (Gay 3 AST),,5:18,4,4,4,0,2034,Mike Miller,MEM,Memphis,1610612763.0,Grizzlies,200752,Rudy Gay,MEM,Memphis,1610612763.0,Grizzlies,0,,,,,,96 - 112,16,,10:15 PM
407,1,2,435,0020600573,,,4:59,4,5,0,0,2584,Willie Green,PHI,Philadelphia,1610612755.0,76ers,0,,,,,,0,,,,,,,,MISS Green 19' Jump Shot,10:15 PM
408,0,4,436,0020600573,Gasol REBOUND (Off:3 Def:5),,4:58,4,4,0,0,2200,Pau Gasol,MEM,Memphis,1610612763.0,Grizzlies,0,,,,,,0,,,,,,,,,10:15 PM
409,4,6,437,0020600573,Gay OFF.Foul (P2),,4:53,4,4,5,1,200752,Rudy Gay,MEM,Memphis,1610612763.0,Grizzlies,2584,Willie Green,PHI,Philadelphia,1610612755.0,76ers,0,,,,,,,,,10:15 PM
410,5,5,438,0020600573,Gay Foul Turnover (P3.T16),,4:53,4,4,0,1,200752,Rudy Gay,MEM,Memphis,1610612763.0,Grizzlies,0,,,,,,0,,,,,,,,,10:15 PM
411,46,1,439,0020600573,,,4:31,4,5,0,0,1889,Andre Miller,PHI,Philadelphia,1610612755.0,76ers,0,,,,,,0,,,,,,98 - 112,14,Miller 6' Running Jump Shot (7 PTS),10:16 PM
412,7,1,440,0020600573,Roberts  Dunk (11 PTS) (Gasol 4 AST),,4:19,4,4,4,0,101160,Lawrence Roberts,MEM,Memphis,1610612763.0,Grizzlies,2200,Pau Gasol,MEM,Memphis,1610612763.0,Grizzlies,0,,,,,,98 - 114,16,,10:16 PM
413,1,9,441,0020600573,,,4:09,4,3,0,0,1610612755,,,,,,0,,,,,,0,,,,,,,,76ers Timeout: Regular (Reg.5 Short 1),10:16 PM
414,1,1,445,0020600573,,,3:55,4,5,5,0,2594,Kyle Korver,PHI,Philadelphia,1610612755.0,76ers,1889,Andre Miller,PHI,Philadelphia,1610612755.0,76ers,0,,,,,,100 - 114,14,Korver 16' Jump Shot (30 PTS) (Miller 5 AST),10:19 PM
415,8,2,446,0020600573,MISS Gay 1' Slam Dunk,,3:38,4,4,0,0,200752,Rudy Gay,MEM,Memphis,1610612763.0,Grizzlies,0,,,,,,0,,,,,,,,,10:19 PM
416,0,4,447,0020600573,,,3:37,4,3,0,0,1610612755,,,,,,0,,,,,,0,,,,,,,,76ers Rebound,10:19 PM
417,2,6,448,0020600573,Gay S.FOUL (P3.PN),,3:21,4,4,5,1,200752,Rudy Gay,MEM,Memphis,1610612763.0,Grizzlies,2212,Steven Hunter,PHI,Philadelphia,1610612755.0,76ers,0,,,,,,,,,10:20 PM
418,11,3,449,0020600573,,,3:21,4,5,0,0,2212,Steven Hunter,PHI,Philadelphia,1610612755.0,76ers,0,,,,,,0,,,,,,,,MISS Hunter Free Throw 1 of 2,10:20 PM
419,1,4,450,0020600573,,,3:21,4,3,0,0,1610612755,,,,,,0,,,,,,0,,,,,,,,76ers Rebound,10:20 PM
420,12,3,451,0020600573,,,3:21,4,5,0,0,2212,Steven Hunter,PHI,Philadelphia,1610612755.0,76ers,0,,,,,,0,,,,,,,,MISS Hunter Free Throw 2 of 2,10:20 PM
421,0,4,452,0020600573,Gasol REBOUND (Off:3 Def:6),,3:20,4,4,0,0,2200,Pau Gasol,MEM,Memphis,1610612763.0,Grizzlies,0,,,,,,0,,,,,,,,,10:20 PM
422,5,2,453,0020600573,MISS Gasol  Layup,,3:05,4,4,0,0,2200,Pau Gasol,MEM,Memphis,1610612763.0,Grizzlies,0,,,,,,0,,,,,,,,,10:21 PM
423,0,4,454,0020600573,,,3:02,4,5,0,0,2223,Samuel Dalembert,PHI,Philadelphia,1610612755.0,76ers,0,,,,,,0,,,,,,,,Dalembert REBOUND (Off:2 Def:7),10:21 PM
424,1,2,455,0020600573,,,2:49,4,5,0,0,2584,Willie Green,PHI,Philadelphia,1610612755.0,76ers,0,,,,,,0,,,,,,,,MISS Green 12' Jump Shot,10:21 PM
425,0,4,456,0020600573,Miller REBOUND (Off:0 Def:5),,2:48,4,4,0,0,2034,Mike Miller,MEM,Memphis,1610612763.0,Grizzlies,0,,,,,,0,,,,,,,,,10:21 PM
426,1,2,457,0020600573,MISS Gay 28' 3PT Jump Shot,,2:31,4,4,0,0,200752,Rudy Gay,MEM,Memphis,1610612763.0,Grizzlies,0,,,,,,0,,,,,,,,,10:21 PM
427,0,4,458,0020600573,,,2:31,4,3,0,0,1610612755,,,,,,0,,,,,,0,,,,,,,,76ers Rebound,10:21 PM
428,1,2,459,0020600573,,,2:17,4,5,0,0,2584,Willie Green,PHI,Philadelphia,1610612755.0,76ers,0,,,,,,0,,,,,,,,MISS Green 22' Jump Shot,10:22 PM
429,0,4,460,0020600573,Gasol REBOUND (Off:3 Def:7),,2:15,4,4,0,0,2200,Pau Gasol,MEM,Memphis,1610612763.0,Grizzlies,0,,,,,,0,,,,,,,,,10:22 PM
430,1,2,461,0020600573,MISS Stoudamire 22' Jump Shot,,1:53,4,4,0,0,757,Damon Stoudamire,MEM,Memphis,1610612763.0,Grizzlies,0,,,,,,0,,,,,,,,,10:22 PM
431,0,4,462,0020600573,,,1:52,4,5,0,0,2223,Samuel Dalembert,PHI,Philadelphia,1610612755.0,76ers,0,,,,,,0,,,,,,,,Dalembert REBOUND (Off:2 Def:8),10:23 PM
432,2,5,463,0020600573,Gay STEAL (4 STL),,1:45,4,5,4,0,2584,Willie Green,PHI,Philadelphia,1610612755.0,76ers,200752,Rudy Gay,MEM,Memphis,1610612763.0,Grizzlies,0,,,,,,,,Green Lost Ball Turnover (P4.T15),10:23 PM
433,5,1,464,0020600573,Miller  Layup (30 PTS) (Gay 4 AST),,1:42,4,4,4,0,2034,Mike Miller,MEM,Memphis,1610612763.0,Grizzlies,200752,Rudy Gay,MEM,Memphis,1610612763.0,Grizzlies,0,,,,,,100 - 116,16,,10:23 PM
434,2,9,465,0020600573,,,1:42,4,3,0,0,1610612755,,,,,,0,,,,,,0,,,,,,,,76ers Timeout: Short (Reg.5 Short 2),10:23 PM
435,0,8,467,0020600573,,,1:42,4,5,5,0,2584,Willie Green,PHI,Philadelphia,1610612755.0,76ers,101150,Lou Williams,PHI,Philadelphia,1610612755.0,76ers,0,,,,,,,,SUB: Williams FOR Green,10:24 PM
436,0,8,468,0020600573,,,1:42,4,5,5,0,1889,Andre Miller,PHI,Philadelphia,1610612755.0,76ers,200760,Rodney Carney,PHI,Philadelphia,1610612755.0,76ers,0,,,,,,,,SUB: Carney FOR Miller,10:24 PM
437,1,2,470,0020600573,,,1:28,4,5,0,0,200760,Rodney Carney,PHI,Philadelphia,1610612755.0,76ers,0,,,,,,0,,,,,,,,MISS Carney 20' Jump Shot,10:24 PM
438,0,4,471,0020600573,Gay REBOUND (Off:1 Def:4),,1:26,4,4,0,0,200752,Rudy Gay,MEM,Memphis,1610612763.0,Grizzlies,0,,,,,,0,,,,,,,,,10:24 PM
439,2,5,472,0020600573,Gay Lost Ball Turnover (P4.T17),,1:22,4,4,5,0,200752,Rudy Gay,MEM,Memphis,1610612763.0,Grizzlies,200760,Rodney Carney,PHI,Philadelphia,1610612755.0,76ers,0,,,,,,,,Carney STEAL (2 STL),10:25 PM
440,4,5,473,0020600573,,,1:22,4,5,0,1,200760,Rodney Carney,PHI,Philadelphia,1610612755.0,76ers,0,,,,,,0,,,,,,,,Carney Traveling Turnover (P2.T16),10:25 PM
441,5,1,474,0020600573,Roberts  Layup (13 PTS) (Stoudamire 10 AST),,1:04,4,4,4,0,101160,Lawrence Roberts,MEM,Memphis,1610612763.0,Grizzlies,757,Damon Stoudamire,MEM,Memphis,1610612763.0,Grizzlies,0,,,,,,100 - 118,18,,10:25 PM
442,1,2,475,0020600573,,,0:52,4,5,0,0,2223,Samuel Dalembert,PHI,Philadelphia,1610612755.0,76ers,0,,,,,,0,,,,,,,,MISS Dalembert 9' Jump Shot,10:26 PM
443,0,4,477,0020600573,,,0:50,4,5,0,0,200760,Rodney Carney,PHI,Philadelphia,1610612755.0,76ers,0,,,,,,0,,,,,,,,Carney REBOUND (Off:3 Def:0),10:26 PM
444,64,1,476,0020600573,,,0:50,4,5,0,0,200760,Rodney Carney,PHI,Philadelphia,1610612755.0,76ers,0,,,,,,0,,,,,,102 - 118,16,Carney  Follow Up Dunk (8 PTS),10:26 PM
445,5,2,478,0020600573,MISS Roberts  Layup,,0:29,4,4,0,0,101160,Lawrence Roberts,MEM,Memphis,1610612763.0,Grizzlies,0,,,,,,0,,,,,,,,,10:26 PM
446,0,4,479,0020600573,Gasol REBOUND (Off:4 Def:7),,0:28,4,4,0,0,2200,Pau Gasol,MEM,Memphis,1610612763.0,Grizzlies,0,,,,,,0,,,,,,,,,10:26 PM
447,11,5,480,0020600573,GRIZZLIES Turnover: Shot Clock (T#18),,0:05,4,2,0,1,1610612763,,,,,,0,,,,,,0,,,,,,,,,10:26 PM
448,0,8,481,0020600573,SUB: Kinsey FOR Miller,,0:05,4,4,4,0,2034,Mike Miller,MEM,Memphis,1610612763.0,Grizzlies,200814,Tarence Kinsey,MEM,Memphis,1610612763.0,Grizzlies,0,,,,,,,,,10:27 PM
449,0,8,482,0020600573,SUB: Warrick FOR Roberts,,0:05,4,4,4,0,101160,Lawrence Roberts,MEM,Memphis,1610612763.0,Grizzlies,101124,Hakim Warrick,MEM,Memphis,1610612763.0,Grizzlies,0,,,,,,,,,10:27 PM
450,1,2,483,0020600573,,,0:02,4,5,0,0,200760,Rodney Carney,PHI,Philadelphia,1610612755.0,76ers,0,,,,,,0,,,,,,,,MISS Carney 26' 3PT Jump Shot,10:27 PM
451,0,4,484,0020600573,Gasol REBOUND (Off:4 Def:8),,0:00,4,4,0,0,2200,Pau Gasol,MEM,Memphis,1610612763.0,Grizzlies,0,,,,,,0,,,,,,,,,10:27 PM
452,0,13,485,0020600573,,,0:00,4,0,0,0,0,,,,,,0,,,,,,0,,,,,,102 - 118,16,,10:27 PM
