,EVENTMSGACTIONTYPE,EVENTMSGTYPE,EVENTNUM,GAME_ID,HOMEDESCRIPTION,NEUTRALDESCRIPTION,PCTIMESTRING,PERIOD,PERSON1TYPE,PERSON2TYPE,PERSON3TYPE,PLAYER1_ID,PLAYER1_NAME,PLAYER1_TEAM_ABBREVIATION,PLAYER1_TEAM_CITY,PLAYER1_TEAM_ID,PLAYER1_TEAM_NICKNAME,PLAYER2_ID,PLAYER2_NAME,PLAYER2_TEAM_ABBREVIATION,PLAYER2_TEAM_CITY,PLAYER2_TEAM_ID,PLAYER2_TEAM_NICKNAME,PLAYER3_ID,PLAYER3_NAME,PLAYER3_TEAM_ABBREVIATION,PLAYER3_TEAM_CITY,PLAYER3_TEAM_ID,PLAYER3_TEAM_NICKNAME,SCORE,SCOREMARGIN,VISITORDESCRIPTION,WCTIMESTRING
0,0,12,0,0020000179,,,12:00,1,0,0,0,0,,,,,,0,,,,,,0,,,,,,,,,2:09 PM
1,0,10,1,0020000179,Jump Ball Blount vs. Dampier: Tip to Sura,,12:00,1,4,5,5,916,Corie Blount,PHX,Phoenix,1610612756.0,Suns,956,Erick Dampier,GSW,Golden State,1610612744.0,Warriors,682,Bob Sura,GSW,Golden State,1610612744.0,Warriors,,,,2:09 PM
2,2,6,2,0020000179,Robinson S.FOUL (P1.T1),,11:44,1,4,0,1,361,Clifford Robinson,PHX,Phoenix,1610612756.0,Suns,0,,,,,,0,,,,,,,,,2:10 PM
3,11,3,3,0020000179,,,11:44,1,5,0,0,956,Erick Dampier,GSW,Golden State,1610612744.0,Warriors,0,,,,,,0,,,,,,1 - 0,-1,Dampier Free Throw 1 of 2 (1 PTS),2:10 PM
4,12,3,4,0020000179,,,11:44,1,5,0,0,956,Erick Dampier,GSW,Golden State,1610612744.0,Warriors,0,,,,,,0,,,,,,,,MISS Dampier Free Throw 2 of 2,2:10 PM
5,0,4,5,0020000179,Marion REBOUND (Off:0 Def:1),,11:44,1,4,0,0,1890,Shawn Marion,PHX,Phoenix,1610612756.0,Suns,0,,,,,,0,,,,,,,,,2:10 PM
6,1,2,6,0020000179,MISS Marion 17' Jump Shot,,11:26,1,4,0,0,1890,Shawn Marion,PHX,Phoenix,1610612756.0,Suns,0,,,,,,0,,,,,,,,,2:11 PM
7,0,4,7,0020000179,Blount REBOUND (Off:1 Def:0),,11:24,1,4,0,0,916,Corie Blount,PHX,Phoenix,1610612756.0,Suns,0,,,,,,0,,,,,,,,,2:11 PM
8,42,1,8,0020000179,Robinson  Driving Layup (2 PTS),,11:21,1,4,0,0,361,Clifford Robinson,PHX,Phoenix,1610612756.0,Suns,0,,,,,,0,,,,,,1 - 2,1,,2:11 PM
9,1,1,9,0020000179,,,11:02,1,5,5,0,168,Chris Mills,GSW,Golden State,1610612744.0,Warriors,956,Erick Dampier,GSW,Golden State,1610612744.0,Warriors,0,,,,,,3 - 2,-1,Mills 20' Jump Shot (2 PTS) (Dampier 1 AST),2:11 PM
10,1,2,10,0020000179,MISS Robinson 15' Jump Shot,,10:44,1,4,0,0,361,Clifford Robinson,PHX,Phoenix,1610612756.0,Suns,0,,,,,,0,,,,,,,,,2:11 PM
11,0,4,11,0020000179,,,10:42,1,5,0,0,168,Chris Mills,GSW,Golden State,1610612744.0,Warriors,0,,,,,,0,,,,,,,,Mills REBOUND (Off:0 Def:1),2:11 PM
12,1,5,12,0020000179,Robinson STEAL (1 STL),,10:31,1,5,4,0,168,Chris Mills,GSW,Golden State,1610612744.0,Warriors,361,Clifford Robinson,PHX,Phoenix,1610612756.0,Suns,0,,,,,,,,Mills Bad Pass Turnover (P1.T1),2:12 PM
13,5,2,13,0020000179,MISS Marion  Layup,,10:24,1,4,0,0,1890,Shawn Marion,PHX,Phoenix,1610612756.0,Suns,0,,,,,,0,,,,,,,,,2:12 PM
14,0,4,14,0020000179,,,10:22,1,5,0,0,1716,Larry Hughes,GSW,Golden State,1610612744.0,Warriors,0,,,,,,0,,,,,,,,Hughes REBOUND (Off:0 Def:1),2:12 PM
15,5,2,15,0020000179,,,10:19,1,5,0,0,1712,Antawn Jamison,GSW,Golden State,1610612744.0,Warriors,0,,,,,,0,,,,,,,,MISS Jamison  Layup,2:12 PM
16,0,4,16,0020000179,Blount REBOUND (Off:1 Def:1),,10:17,1,4,0,0,916,Corie Blount,PHX,Phoenix,1610612756.0,Suns,0,,,,,,0,,,,,,,,,2:12 PM
17,1,5,17,0020000179,Marion Bad Pass Turnover (P1.T1),,10:12,1,4,5,0,1890,Shawn Marion,PHX,Phoenix,1610612756.0,Suns,1712,Antawn Jamison,GSW,Golden State,1610612744.0,Warriors,0,,,,,,,,Jamison STEAL (1 STL),2:12 PM
18,6,7,18,0020000179,Elie Violation:Double Lane,,10:08,1,4,0,1,53,Mario Elie,PHX,Phoenix,1610612756.0,Suns,0,,,,,,0,,,,,,,,,2:12 PM
19,1,2,19,0020000179,,,10:00,1,5,0,0,1712,Antawn Jamison,GSW,Golden State,1610612744.0,Warriors,0,,,,,,0,,,,,,,,MISS Jamison 8' Jump Shot,2:12 PM
20,0,4,20,0020000179,Marion REBOUND (Off:0 Def:2),,9:58,1,4,0,0,1890,Shawn Marion,PHX,Phoenix,1610612756.0,Suns,0,,,,,,0,,,,,,,,,2:12 PM
21,1,2,21,0020000179,MISS Kidd 9' Jump Shot,,9:51,1,4,0,0,467,Jason Kidd,PHX,Phoenix,1610612756.0,Suns,0,,,,,,0,,,,,,,,,2:12 PM
22,0,4,22,0020000179,,,9:49,1,5,0,0,1716,Larry Hughes,GSW,Golden State,1610612744.0,Warriors,0,,,,,,0,,,,,,,,Hughes REBOUND (Off:0 Def:2),2:12 PM
23,2,6,23,0020000179,Blount S.FOUL (P1.T2),,9:39,1,4,0,1,916,Corie Blount,PHX,Phoenix,1610612756.0,Suns,0,,,,,,0,,,,,,,,,2:13 PM
24,11,3,24,0020000179,,,9:39,1,5,0,0,682,Bob Sura,GSW,Golden State,1610612744.0,Warriors,0,,,,,,0,,,,,,,,MISS Sura Free Throw 1 of 2,2:13 PM
25,1,4,25,0020000179,,,9:39,1,3,0,0,1610612744,,,,,,0,,,,,,0,,,,,,,,Warriors Rebound,2:13 PM
26,12,3,26,0020000179,,,9:39,1,5,0,0,682,Bob Sura,GSW,Golden State,1610612744.0,Warriors,0,,,,,,0,,,,,,4 - 2,-2,Sura Free Throw 2 of 2 (1 PTS),2:13 PM
27,1,2,27,0020000179,MISS Marion 10' Jump Shot,,9:20,1,4,0,0,1890,Shawn Marion,PHX,Phoenix,1610612756.0,Suns,0,,,,,,0,,,,,,,,,2:14 PM
28,0,4,28,0020000179,Blount REBOUND (Off:2 Def:1),,9:18,1,4,0,0,916,Corie Blount,PHX,Phoenix,1610612756.0,Suns,0,,,,,,0,,,,,,,,,2:14 PM
29,1,2,29,0020000179,MISS Elie 25' 3PT Jump Shot,,9:15,1,4,0,0,53,Mario Elie,PHX,Phoenix,1610612756.0,Suns,0,,,,,,0,,,,,,,,,2:14 PM
30,0,4,30,0020000179,,,9:13,1,5,0,0,682,Bob Sura,GSW,Golden State,1610612744.0,Warriors,0,,,,,,0,,,,,,,,Sura REBOUND (Off:0 Def:1),2:14 PM
31,5,2,31,0020000179,,,9:07,1,5,0,0,682,Bob Sura,GSW,Golden State,1610612744.0,Warriors,0,,,,,,0,,,,,,,,MISS Sura  Layup,2:14 PM
32,0,4,33,0020000179,,,9:05,1,5,0,0,1712,Antawn Jamison,GSW,Golden State,1610612744.0,Warriors,0,,,,,,0,,,,,,,,Jamison REBOUND (Off:1 Def:0),2:14 PM
33,5,1,32,0020000179,,,9:05,1,5,0,0,1712,Antawn Jamison,GSW,Golden State,1610612744.0,Warriors,0,,,,,,0,,,,,,6 - 2,-4,Jamison  Layup (2 PTS),2:14 PM
34,1,1,34,0020000179,Marion 17' Jump Shot (2 PTS) (Kidd 1 AST),,8:49,1,4,4,0,1890,Shawn Marion,PHX,Phoenix,1610612756.0,Suns,467,Jason Kidd,PHX,Phoenix,1610612756.0,Suns,0,,,,,,6 - 4,-2,,2:14 PM
35,1,2,35,0020000179,,,8:36,1,5,0,0,682,Bob Sura,GSW,Golden State,1610612744.0,Warriors,0,,,,,,0,,,,,,,,MISS Sura 17' Jump Shot,2:14 PM
36,0,4,36,0020000179,Kidd REBOUND (Off:0 Def:1),,8:34,1,4,0,0,467,Jason Kidd,PHX,Phoenix,1610612756.0,Suns,0,,,,,,0,,,,,,,,,2:14 PM
37,5,2,37,0020000179,MISS Elie  Layup,,8:30,1,4,0,0,53,Mario Elie,PHX,Phoenix,1610612756.0,Suns,0,,,,,,0,,,,,,,,,2:14 PM
38,0,4,38,0020000179,,,8:27,1,5,0,0,1712,Antawn Jamison,GSW,Golden State,1610612744.0,Warriors,0,,,,,,0,,,,,,,,Jamison REBOUND (Off:1 Def:1),2:14 PM
39,5,2,39,0020000179,,,8:21,1,5,0,0,1712,Antawn Jamison,GSW,Golden State,1610612744.0,Warriors,0,,,,,,0,,,,,,,,MISS Jamison  Layup,2:15 PM
40,0,4,40,0020000179,Elie REBOUND (Off:0 Def:1),,8:20,1,4,0,0,53,Mario Elie,PHX,Phoenix,1610612756.0,Suns,0,,,,,,0,,,,,,,,,2:15 PM
41,1,1,41,0020000179,Robinson 8' Jump Shot (4 PTS),,8:16,1,4,0,0,361,Clifford Robinson,PHX,Phoenix,1610612756.0,Suns,0,,,,,,0,,,,,,6 - 6,TIE,,2:15 PM
42,47,1,42,0020000179,,,7:53,1,5,0,0,956,Erick Dampier,GSW,Golden State,1610612744.0,Warriors,0,,,,,,0,,,,,,8 - 6,-2,Dampier 10' Turnaround Jump Shot (3 PTS),2:15 PM
43,1,2,43,0020000179,MISS Marion  3PT Jump Shot,,7:38,1,4,0,0,1890,Shawn Marion,PHX,Phoenix,1610612756.0,Suns,0,,,,,,0,,,,,,,,,2:15 PM
44,0,4,44,0020000179,,,7:35,1,5,0,0,1716,Larry Hughes,GSW,Golden State,1610612744.0,Warriors,0,,,,,,0,,,,,,,,Hughes REBOUND (Off:0 Def:3),2:15 PM
45,5,2,45,0020000179,Marion BLOCK (1 BLK),,7:32,1,5,0,4,1716,Larry Hughes,GSW,Golden State,1610612744.0,Warriors,0,,,,,,1890,Shawn Marion,PHX,Phoenix,1610612756.0,Suns,,,MISS Hughes  Layup,2:15 PM
46,0,4,46,0020000179,Kidd REBOUND (Off:0 Def:2),,7:28,1,4,0,0,467,Jason Kidd,PHX,Phoenix,1610612756.0,Suns,0,,,,,,0,,,,,,,,,2:15 PM
47,1,2,47,0020000179,MISS Blount 15' Jump Shot,,7:21,1,4,0,0,916,Corie Blount,PHX,Phoenix,1610612756.0,Suns,0,,,,,,0,,,,,,,,,2:16 PM
48,0,4,48,0020000179,,,7:19,1,5,0,0,1712,Antawn Jamison,GSW,Golden State,1610612744.0,Warriors,0,,,,,,0,,,,,,,,Jamison REBOUND (Off:1 Def:2),2:16 PM
49,1,2,49,0020000179,,,7:01,1,5,0,0,1712,Antawn Jamison,GSW,Golden State,1610612744.0,Warriors,0,,,,,,0,,,,,,,,MISS Jamison 20' Jump Shot,2:16 PM
50,0,4,50,0020000179,Blount REBOUND (Off:2 Def:2),,6:59,1,4,0,0,916,Corie Blount,PHX,Phoenix,1610612756.0,Suns,0,,,,,,0,,,,,,,,,2:16 PM
51,1,2,51,0020000179,MISS Robinson 18' Jump Shot,,6:45,1,4,0,0,361,Clifford Robinson,PHX,Phoenix,1610612756.0,Suns,0,,,,,,0,,,,,,,,,2:16 PM
52,0,4,52,0020000179,Elie REBOUND (Off:1 Def:1),,6:43,1,4,0,0,53,Mario Elie,PHX,Phoenix,1610612756.0,Suns,0,,,,,,0,,,,,,,,,2:16 PM
53,1,6,53,0020000179,,,6:43,1,5,0,1,682,Bob Sura,GSW,Golden State,1610612744.0,Warriors,0,,,,,,0,,,,,,,,Sura P.FOUL (P1.T1),2:16 PM
54,44,1,54,0020000179,Elie  Reverse Layup (2 PTS) (Kidd 2 AST),,6:39,1,4,4,0,53,Mario Elie,PHX,Phoenix,1610612756.0,Suns,467,Jason Kidd,PHX,Phoenix,1610612756.0,Suns,0,,,,,,8 - 8,TIE,,2:16 PM
55,1,9,55,0020000179,,,6:28,1,3,0,0,1610612744,,,,,,0,,,,,,0,,,,,,,,Warriors Timeout: Regular (Reg.1 Short 0),2:17 PM
56,0,8,57,0020000179,,,6:28,1,5,5,0,956,Erick Dampier,GSW,Golden State,1610612744.0,Warriors,1502,Adonal Foyle,GSW,Golden State,1610612744.0,Warriors,0,,,,,,,,SUB: Foyle FOR Dampier,2:19 PM
57,1,2,58,0020000179,,,6:13,1,5,0,0,1716,Larry Hughes,GSW,Golden State,1610612744.0,Warriors,0,,,,,,0,,,,,,,,MISS Hughes 17' Jump Shot,2:19 PM
58,0,4,60,0020000179,,,6:11,1,5,0,0,1502,Adonal Foyle,GSW,Golden State,1610612744.0,Warriors,0,,,,,,0,,,,,,,,Foyle REBOUND (Off:1 Def:0),2:19 PM
59,5,1,59,0020000179,,,6:11,1,5,0,0,1502,Adonal Foyle,GSW,Golden State,1610612744.0,Warriors,0,,,,,,0,,,,,,10 - 8,-2,Foyle  Layup (2 PTS),2:19 PM
60,1,2,61,0020000179,MISS Robinson 11' Jump Shot,,5:53,1,4,0,0,361,Clifford Robinson,PHX,Phoenix,1610612756.0,Suns,0,,,,,,0,,,,,,,,,2:20 PM
61,0,4,62,0020000179,,,5:51,1,3,0,0,1610612744,,,,,,0,,,,,,0,,,,,,,,Warriors Rebound,2:20 PM
62,1,1,63,0020000179,,,5:39,1,5,5,0,1716,Larry Hughes,GSW,Golden State,1610612744.0,Warriors,168,Chris Mills,GSW,Golden State,1610612744.0,Warriors,0,,,,,,12 - 8,-4,Hughes 17' Jump Shot (2 PTS) (Mills 1 AST),2:20 PM
63,3,2,64,0020000179,MISS Blount 6' Hook Shot,,5:18,1,4,0,0,916,Corie Blount,PHX,Phoenix,1610612756.0,Suns,0,,,,,,0,,,,,,,,,2:20 PM
64,0,4,65,0020000179,,,5:16,1,5,0,0,1716,Larry Hughes,GSW,Golden State,1610612744.0,Warriors,0,,,,,,0,,,,,,,,Hughes REBOUND (Off:0 Def:4),2:20 PM
65,3,1,66,0020000179,,,4:59,1,5,0,0,1502,Adonal Foyle,GSW,Golden State,1610612744.0,Warriors,0,,,,,,0,,,,,,14 - 8,-6,Foyle 6' Hook Shot (4 PTS),2:21 PM
66,1,1,67,0020000179,Marion 18' Jump Shot (4 PTS) (Robinson 1 AST),,4:43,1,4,4,0,1890,Shawn Marion,PHX,Phoenix,1610612756.0,Suns,361,Clifford Robinson,PHX,Phoenix,1610612756.0,Suns,0,,,,,,14 - 10,-4,,2:21 PM
67,42,1,68,0020000179,,,4:24,1,5,0,0,682,Bob Sura,GSW,Golden State,1610612744.0,Warriors,0,,,,,,0,,,,,,16 - 10,-6,Sura  Driving Layup (3 PTS),2:21 PM
68,1,1,69,0020000179,Robinson 7' Jump Shot (6 PTS),,4:05,1,4,0,0,361,Clifford Robinson,PHX,Phoenix,1610612756.0,Suns,0,,,,,,0,,,,,,16 - 12,-4,,2:22 PM
69,1,6,70,0020000179,Robinson P.FOUL (P2.T3),,3:54,1,4,0,1,361,Clifford Robinson,PHX,Phoenix,1610612756.0,Suns,0,,,,,,0,,,,,,,,,2:22 PM
70,0,8,71,0020000179,SUB: Santiago FOR Blount,,3:54,1,4,4,0,916,Corie Blount,PHX,Phoenix,1610612756.0,Suns,2091,Daniel Santiago,PHX,Phoenix,1610612756.0,Suns,0,,,,,,,,,2:22 PM
71,0,8,72,0020000179,SUB: Rogers FOR Robinson,,3:54,1,4,4,0,361,Clifford Robinson,PHX,Phoenix,1610612756.0,Suns,915,Rodney Rogers,PHX,Phoenix,1610612756.0,Suns,0,,,,,,,,,2:22 PM
72,0,8,78,0020000179,,,3:54,1,5,5,0,682,Bob Sura,GSW,Golden State,1610612744.0,Warriors,302,Mookie Blaylock,GSW,Golden State,1610612744.0,Warriors,0,,,,,,,,SUB: Blaylock FOR Sura,2:22 PM
73,1,2,73,0020000179,,,3:40,1,5,0,0,302,Mookie Blaylock,GSW,Golden State,1610612744.0,Warriors,0,,,,,,0,,,,,,,,MISS Blaylock 18' Jump Shot,2:22 PM
74,0,4,74,0020000179,Marion REBOUND (Off:0 Def:3),,3:38,1,4,0,0,1890,Shawn Marion,PHX,Phoenix,1610612756.0,Suns,0,,,,,,0,,,,,,,,,2:22 PM
75,1,2,75,0020000179,MISS Santiago 17' Jump Shot,,3:29,1,4,0,0,2091,Daniel Santiago,PHX,Phoenix,1610612756.0,Suns,0,,,,,,0,,,,,,,,,2:23 PM
76,0,4,76,0020000179,,,3:26,1,5,0,0,168,Chris Mills,GSW,Golden State,1610612744.0,Warriors,0,,,,,,0,,,,,,,,Mills REBOUND (Off:0 Def:2),2:23 PM
77,7,1,77,0020000179,,,3:21,1,5,5,0,1712,Antawn Jamison,GSW,Golden State,1610612744.0,Warriors,168,Chris Mills,GSW,Golden State,1610612744.0,Warriors,0,,,,,,18 - 12,-6,Jamison  Dunk (4 PTS) (Mills 2 AST),2:23 PM
78,1,1,79,0020000179,Marion 12' Jump Shot (6 PTS) (Kidd 3 AST),,3:05,1,4,4,0,1890,Shawn Marion,PHX,Phoenix,1610612756.0,Suns,467,Jason Kidd,PHX,Phoenix,1610612756.0,Suns,0,,,,,,18 - 14,-4,,2:23 PM
79,4,6,80,0020000179,,,2:42,1,5,0,1,1502,Adonal Foyle,GSW,Golden State,1610612744.0,Warriors,0,,,,,,0,,,,,,,,Foyle OFF.Foul (P1),2:23 PM
80,5,5,81,0020000179,,,2:42,1,5,0,0,1502,Adonal Foyle,GSW,Golden State,1610612744.0,Warriors,0,,,,,,0,,,,,,,,Foyle Foul Turnover (P1.T2),2:23 PM
81,1,9,82,0020000179,SUNS Timeout: Regular (Full 1 Short 0),,2:42,1,2,0,0,1610612756,,,,,,0,,,,,,0,,,,,,,,,2:23 PM
82,1,1,86,0020000179,Rogers 16' Jump Shot (2 PTS) (Marion 1 AST),,2:29,1,4,4,0,915,Rodney Rogers,PHX,Phoenix,1610612756.0,Suns,1890,Shawn Marion,PHX,Phoenix,1610612756.0,Suns,0,,,,,,18 - 16,-2,,2:26 PM
83,1,1,87,0020000179,,,2:11,1,5,0,0,1712,Antawn Jamison,GSW,Golden State,1610612744.0,Warriors,0,,,,,,0,,,,,,20 - 16,-4,Jamison 11' Jump Shot (6 PTS),2:26 PM
84,1,2,88,0020000179,MISS Marion 19' Jump Shot,,1:51,1,4,0,0,1890,Shawn Marion,PHX,Phoenix,1610612756.0,Suns,0,,,,,,0,,,,,,,,,2:26 PM
85,0,4,89,0020000179,,,1:48,1,5,0,0,302,Mookie Blaylock,GSW,Golden State,1610612744.0,Warriors,0,,,,,,0,,,,,,,,Blaylock REBOUND (Off:0 Def:1),2:27 PM
86,1,1,90,0020000179,,,1:41,1,5,5,0,1712,Antawn Jamison,GSW,Golden State,1610612744.0,Warriors,302,Mookie Blaylock,GSW,Golden State,1610612744.0,Warriors,0,,,,,,23 - 16,-7,Jamison 24' 3PT Jump Shot (9 PTS) (Blaylock 1 AST),2:27 PM
87,2,6,91,0020000179,,,1:18,1,5,0,1,1502,Adonal Foyle,GSW,Golden State,1610612744.0,Warriors,0,,,,,,0,,,,,,,,Foyle S.FOUL (P2.T2),2:27 PM
88,11,3,92,0020000179,MISS Elie Free Throw 1 of 2,,1:18,1,4,0,0,53,Mario Elie,PHX,Phoenix,1610612756.0,Suns,0,,,,,,0,,,,,,,,,2:27 PM
89,1,4,93,0020000179,SUNS Rebound,,1:18,1,2,0,0,1610612756,,,,,,0,,,,,,0,,,,,,,,,2:27 PM
90,0,8,94,0020000179,,,1:18,1,5,5,0,1502,Adonal Foyle,GSW,Golden State,1610612744.0,Warriors,956,Erick Dampier,GSW,Golden State,1610612744.0,Warriors,0,,,,,,,,SUB: Dampier FOR Foyle,2:28 PM
91,0,8,95,0020000179,SUB: Gugliotta FOR Marion,,1:18,1,4,4,0,1890,Shawn Marion,PHX,Phoenix,1610612756.0,Suns,339,Tom Gugliotta,PHX,Phoenix,1610612756.0,Suns,0,,,,,,,,,2:28 PM
92,0,8,96,0020000179,,,1:18,1,5,5,0,168,Chris Mills,GSW,Golden State,1610612744.0,Warriors,904,Chris Mullin,GSW,Golden State,1610612744.0,Warriors,0,,,,,,,,SUB: Mullin FOR Mills,2:28 PM
93,12,3,97,0020000179,MISS Elie Free Throw 2 of 2,,1:18,1,4,0,0,53,Mario Elie,PHX,Phoenix,1610612756.0,Suns,0,,,,,,0,,,,,,,,,2:28 PM
94,0,4,98,0020000179,,,1:17,1,5,0,0,904,Chris Mullin,GSW,Golden State,1610612744.0,Warriors,0,,,,,,0,,,,,,,,Mullin REBOUND (Off:0 Def:1),2:28 PM
95,2,5,99,0020000179,Elie STEAL (1 STL),,1:03,1,5,4,0,1716,Larry Hughes,GSW,Golden State,1610612744.0,Warriors,53,Mario Elie,PHX,Phoenix,1610612756.0,Suns,0,,,,,,,,Hughes Lost Ball Turnover (P1.T3),2:28 PM
96,5,1,100,0020000179,Kidd  Layup (2 PTS) (Rogers 1 AST),,1:00,1,4,4,0,467,Jason Kidd,PHX,Phoenix,1610612756.0,Suns,915,Rodney Rogers,PHX,Phoenix,1610612756.0,Suns,0,,,,,,23 - 18,-5,,2:28 PM
97,1,2,101,0020000179,,,0:48,1,5,0,0,1716,Larry Hughes,GSW,Golden State,1610612744.0,Warriors,0,,,,,,0,,,,,,,,MISS Hughes 11' Jump Shot,2:29 PM
98,0,4,102,0020000179,,,0:44,1,3,0,0,1610612744,,,,,,0,,,,,,0,,,,,,,,Warriors Rebound,2:29 PM
99,0,8,103,0020000179,SUB: Delk FOR Elie,,0:44,1,4,4,0,53,Mario Elie,PHX,Phoenix,1610612756.0,Suns,960,Tony Delk,PHX,Phoenix,1610612756.0,Suns,0,,,,,,,,,2:29 PM
100,1,2,104,0020000179,,,0:36,1,5,0,0,904,Chris Mullin,GSW,Golden State,1610612744.0,Warriors,0,,,,,,0,,,,,,,,MISS Mullin 14' Jump Shot,2:29 PM
101,0,4,105,0020000179,Rogers REBOUND (Off:0 Def:1),,0:34,1,4,0,0,915,Rodney Rogers,PHX,Phoenix,1610612756.0,Suns,0,,,,,,0,,,,,,,,,2:29 PM
102,1,2,106,0020000179,MISS Gugliotta 12' Jump Shot,,0:26,1,4,0,5,339,Tom Gugliotta,PHX,Phoenix,1610612756.0,Suns,0,,,,,,904,Chris Mullin,GSW,Golden State,1610612744.0,Warriors,,,Mullin BLOCK (1 BLK),2:30 PM
103,0,4,107,0020000179,,,0:21,1,5,0,0,904,Chris Mullin,GSW,Golden State,1610612744.0,Warriors,0,,,,,,0,,,,,,,,Mullin REBOUND (Off:0 Def:2),2:30 PM
104,1,2,108,0020000179,,,0:03,1,5,0,0,1712,Antawn Jamison,GSW,Golden State,1610612744.0,Warriors,0,,,,,,0,,,,,,,,MISS Jamison 10' Jump Shot,2:30 PM
105,0,4,109,0020000179,Gugliotta REBOUND (Off:0 Def:1),,0:00,1,4,0,0,339,Tom Gugliotta,PHX,Phoenix,1610612756.0,Suns,0,,,,,,0,,,,,,,,,2:30 PM
106,1,2,110,0020000179,MISS Gugliotta 73' 3PT Jump Shot,,0:00,1,4,0,0,339,Tom Gugliotta,PHX,Phoenix,1610612756.0,Suns,0,,,,,,0,,,,,,,,,2:30 PM
107,0,4,112,0020000179,SUNS Rebound,,0:00,1,2,0,0,1610612756,,,,,,0,,,,,,0,,,,,,,,,2:30 PM
108,0,13,111,0020000179,,,0:00,1,0,0,0,0,,,,,,0,,,,,,0,,,,,,23 - 18,-5,,2:30 PM
109,0,12,113,0020000179,,,12:00,2,0,0,0,0,,,,,,0,,,,,,0,,,,,,23 - 18,-5,,2:32 PM
110,5,2,114,0020000179,MISS Delk  Layup,,11:46,2,4,0,5,960,Tony Delk,PHX,Phoenix,1610612756.0,Suns,0,,,,,,904,Chris Mullin,GSW,Golden State,1610612744.0,Warriors,,,Mullin BLOCK (2 BLK),2:33 PM
111,0,4,115,0020000179,SUNS Rebound,,11:46,2,2,0,0,1610612756,,,,,,0,,,,,,0,,,,,,,,,2:33 PM
112,1,2,116,0020000179,MISS Santiago 16' Jump Shot,,11:44,2,4,0,0,2091,Daniel Santiago,PHX,Phoenix,1610612756.0,Suns,0,,,,,,0,,,,,,,,,2:33 PM
113,0,4,117,0020000179,Santiago REBOUND (Off:1 Def:0),,11:42,2,4,0,0,2091,Daniel Santiago,PHX,Phoenix,1610612756.0,Suns,0,,,,,,0,,,,,,,,,2:33 PM
114,1,1,118,0020000179,Marion 13' Jump Shot (8 PTS),,11:36,2,4,0,0,1890,Shawn Marion,PHX,Phoenix,1610612756.0,Suns,0,,,,,,0,,,,,,23 - 20,-3,,2:33 PM
115,1,2,119,0020000179,,,11:17,2,5,0,0,904,Chris Mullin,GSW,Golden State,1610612744.0,Warriors,0,,,,,,0,,,,,,,,MISS Mullin 5' Jump Shot,2:34 PM
116,0,4,120,0020000179,Santiago REBOUND (Off:1 Def:1),,11:16,2,4,0,0,2091,Daniel Santiago,PHX,Phoenix,1610612756.0,Suns,0,,,,,,0,,,,,,,,,2:34 PM
117,2,5,121,0020000179,Delk Lost Ball Turnover (P1.T2),,11:10,2,4,5,0,960,Tony Delk,PHX,Phoenix,1610612756.0,Suns,302,Mookie Blaylock,GSW,Golden State,1610612744.0,Warriors,0,,,,,,,,Blaylock STEAL (1 STL),2:34 PM
118,5,1,122,0020000179,,,11:04,2,5,5,0,1716,Larry Hughes,GSW,Golden State,1610612744.0,Warriors,302,Mookie Blaylock,GSW,Golden State,1610612744.0,Warriors,0,,,,,,25 - 20,-5,Hughes  Layup (4 PTS) (Blaylock 2 AST),2:34 PM
119,1,6,123,0020000179,,,10:45,2,5,0,1,1716,Larry Hughes,GSW,Golden State,1610612744.0,Warriors,0,,,,,,0,,,,,,,,Hughes P.FOUL (P1.T1),2:34 PM
120,0,8,124,0020000179,,,10:45,2,5,5,0,1716,Larry Hughes,GSW,Golden State,1610612744.0,Warriors,682,Bob Sura,GSW,Golden State,1610612744.0,Warriors,0,,,,,,,,SUB: Sura FOR Hughes,2:34 PM
121,1,2,125,0020000179,MISS Delk 20' Jump Shot,,10:39,2,4,0,0,960,Tony Delk,PHX,Phoenix,1610612756.0,Suns,0,,,,,,0,,,,,,,,,2:35 PM
122,0,4,126,0020000179,,,10:38,2,5,0,0,1712,Antawn Jamison,GSW,Golden State,1610612744.0,Warriors,0,,,,,,0,,,,,,,,Jamison REBOUND (Off:1 Def:3),2:35 PM
123,1,1,127,0020000179,,,10:28,2,5,5,0,682,Bob Sura,GSW,Golden State,1610612744.0,Warriors,302,Mookie Blaylock,GSW,Golden State,1610612744.0,Warriors,0,,,,,,28 - 20,-8,Sura 25' 3PT Jump Shot (6 PTS) (Blaylock 3 AST),2:35 PM
124,1,1,128,0020000179,Gugliotta 20' Jump Shot (2 PTS),,10:07,2,4,0,0,339,Tom Gugliotta,PHX,Phoenix,1610612756.0,Suns,0,,,,,,0,,,,,,28 - 22,-6,,2:35 PM
125,1,6,129,0020000179,Santiago P.FOUL (P1.T1),,9:53,2,4,0,1,2091,Daniel Santiago,PHX,Phoenix,1610612756.0,Suns,0,,,,,,0,,,,,,,,,2:36 PM
126,0,8,130,0020000179,SUB: McPherson FOR Santiago,,9:53,2,4,4,0,2091,Daniel Santiago,PHX,Phoenix,1610612756.0,Suns,2101,Paul McPherson,PHX,Phoenix,1610612756.0,Suns,0,,,,,,,,,2:36 PM
127,0,8,131,0020000179,SUB: Tsakalidis FOR Rogers,,9:53,2,4,4,0,915,Rodney Rogers,PHX,Phoenix,1610612756.0,Suns,2054,Jake Tsakalidis,PHX,Phoenix,1610612756.0,Suns,0,,,,,,,,,2:36 PM
128,0,8,132,0020000179,SUB: Blount FOR Delk,,9:53,2,4,4,0,960,Tony Delk,PHX,Phoenix,1610612756.0,Suns,916,Corie Blount,PHX,Phoenix,1610612756.0,Suns,0,,,,,,,,,2:36 PM
129,1,2,133,0020000179,,,9:45,2,5,0,0,1712,Antawn Jamison,GSW,Golden State,1610612744.0,Warriors,0,,,,,,0,,,,,,,,MISS Jamison 10' Jump Shot,2:36 PM
130,0,4,134,0020000179,McPherson REBOUND (Off:0 Def:1),,9:43,2,4,0,0,2101,Paul McPherson,PHX,Phoenix,1610612756.0,Suns,0,,,,,,0,,,,,,,,,2:36 PM
131,1,2,135,0020000179,MISS Marion 11' Jump Shot,,9:26,2,4,0,0,1890,Shawn Marion,PHX,Phoenix,1610612756.0,Suns,0,,,,,,0,,,,,,,,,2:36 PM
132,0,4,136,0020000179,,,9:24,2,5,0,0,904,Chris Mullin,GSW,Golden State,1610612744.0,Warriors,0,,,,,,0,,,,,,,,Mullin REBOUND (Off:0 Def:3),2:36 PM
133,5,1,137,0020000179,,,9:17,2,5,5,0,1712,Antawn Jamison,GSW,Golden State,1610612744.0,Warriors,682,Bob Sura,GSW,Golden State,1610612744.0,Warriors,0,,,,,,30 - 22,-8,Jamison  Layup (11 PTS) (Sura 1 AST),2:37 PM
134,56,1,138,0020000179,Gugliotta 8' Running Hook Shot (4 PTS) (Marion 2 AST),,8:58,2,4,4,0,339,Tom Gugliotta,PHX,Phoenix,1610612756.0,Suns,1890,Shawn Marion,PHX,Phoenix,1610612756.0,Suns,0,,,,,,30 - 24,-6,,2:37 PM
135,1,2,139,0020000179,,,8:36,2,5,0,0,956,Erick Dampier,GSW,Golden State,1610612744.0,Warriors,0,,,,,,0,,,,,,,,MISS Dampier 12' Jump Shot,2:37 PM
136,0,4,141,0020000179,,,8:34,2,5,0,0,1712,Antawn Jamison,GSW,Golden State,1610612744.0,Warriors,0,,,,,,0,,,,,,,,Jamison REBOUND (Off:2 Def:3),2:37 PM
137,1,2,140,0020000179,,,8:34,2,5,0,0,1712,Antawn Jamison,GSW,Golden State,1610612744.0,Warriors,0,,,,,,0,,,,,,,,MISS Jamison 6' Jump Shot,2:37 PM
138,0,4,142,0020000179,Blount REBOUND (Off:2 Def:3),,8:32,2,4,0,0,916,Corie Blount,PHX,Phoenix,1610612756.0,Suns,0,,,,,,0,,,,,,,,,2:37 PM
139,5,2,143,0020000179,MISS Gugliotta  Layup,,8:20,2,4,0,0,339,Tom Gugliotta,PHX,Phoenix,1610612756.0,Suns,0,,,,,,0,,,,,,,,,2:38 PM
140,0,4,145,0020000179,Gugliotta REBOUND (Off:1 Def:1),,8:19,2,4,0,0,339,Tom Gugliotta,PHX,Phoenix,1610612756.0,Suns,0,,,,,,0,,,,,,,,,2:38 PM
141,4,1,144,0020000179,Gugliotta  Tip Shot (6 PTS),,8:19,2,4,0,0,339,Tom Gugliotta,PHX,Phoenix,1610612756.0,Suns,0,,,,,,0,,,,,,30 - 26,-4,,2:38 PM
142,15,5,146,0020000179,,,7:56,2,5,0,1,956,Erick Dampier,GSW,Golden State,1610612744.0,Warriors,0,,,,,,0,,,,,,,,Dampier Offensive Goaltending Turnover (P1.T4),2:38 PM
143,4,9,147,0020000179,,,7:56,2,1,0,0,0,,,,,,0,,,,,,0,,,,,,,,,2:38 PM
144,0,8,149,0020000179,,,7:56,2,5,5,0,1712,Antawn Jamison,GSW,Golden State,1610612744.0,Warriors,168,Chris Mills,GSW,Golden State,1610612744.0,Warriors,0,,,,,,,,SUB: Mills FOR Jamison,2:40 PM
145,0,8,150,0020000179,,,7:56,2,5,5,0,904,Chris Mullin,GSW,Golden State,1610612744.0,Warriors,228,Adam Keefe,GSW,Golden State,1610612744.0,Warriors,0,,,,,,,,SUB: Keefe FOR Mullin,2:40 PM
146,1,6,151,0020000179,,,7:49,2,5,0,1,302,Mookie Blaylock,GSW,Golden State,1610612744.0,Warriors,0,,,,,,0,,,,,,,,Blaylock P.FOUL (P1.T2),2:40 PM
147,2,5,152,0020000179,McPherson Lost Ball Turnover (P1.T3),,7:44,2,4,5,0,2101,Paul McPherson,PHX,Phoenix,1610612756.0,Suns,302,Mookie Blaylock,GSW,Golden State,1610612744.0,Warriors,0,,,,,,,,Blaylock STEAL (2 STL),2:41 PM
148,1,5,153,0020000179,,,7:32,2,5,0,0,302,Mookie Blaylock,GSW,Golden State,1610612744.0,Warriors,0,,,,,,0,,,,,,,,Blaylock Bad Pass Turnover (P1.T5),2:41 PM
149,0,8,154,0020000179,,,7:32,2,5,5,0,302,Mookie Blaylock,GSW,Golden State,1610612744.0,Warriors,1716,Larry Hughes,GSW,Golden State,1610612744.0,Warriors,0,,,,,,,,SUB: Hughes FOR Blaylock,2:41 PM
150,40,2,155,0020000179,MISS Marion  Layup,,7:18,2,4,0,0,1890,Shawn Marion,PHX,Phoenix,1610612756.0,Suns,0,,,,,,0,,,,,,,,,2:41 PM
151,0,4,157,0020000179,Tsakalidis REBOUND (Off:1 Def:0),,7:15,2,4,0,0,2054,Jake Tsakalidis,PHX,Phoenix,1610612756.0,Suns,0,,,,,,0,,,,,,,,,2:41 PM
152,1,2,156,0020000179,MISS Tsakalidis 5' Jump Shot,,7:15,2,4,0,5,2054,Jake Tsakalidis,PHX,Phoenix,1610612756.0,Suns,0,,,,,,168,Chris Mills,GSW,Golden State,1610612744.0,Warriors,,,Mills BLOCK (1 BLK),2:41 PM
153,0,4,158,0020000179,,,7:10,2,5,0,0,228,Adam Keefe,GSW,Golden State,1610612744.0,Warriors,0,,,,,,0,,,,,,,,Keefe REBOUND (Off:0 Def:1),2:42 PM
154,1,2,159,0020000179,,,7:02,2,5,0,0,956,Erick Dampier,GSW,Golden State,1610612744.0,Warriors,0,,,,,,0,,,,,,,,MISS Dampier 10' Jump Shot,2:42 PM
155,0,4,160,0020000179,Blount REBOUND (Off:2 Def:4),,6:54,2,4,0,0,916,Corie Blount,PHX,Phoenix,1610612756.0,Suns,0,,,,,,0,,,,,,,,,2:42 PM
156,1,2,161,0020000179,MISS McPherson 8' Jump Shot,,6:41,2,4,0,0,2101,Paul McPherson,PHX,Phoenix,1610612756.0,Suns,0,,,,,,0,,,,,,,,,2:42 PM
157,0,4,162,0020000179,Gugliotta REBOUND (Off:2 Def:1),,6:39,2,4,0,0,339,Tom Gugliotta,PHX,Phoenix,1610612756.0,Suns,0,,,,,,0,,,,,,,,,2:42 PM
158,1,2,163,0020000179,MISS Marion 24' 3PT Jump Shot,,6:25,2,4,0,0,1890,Shawn Marion,PHX,Phoenix,1610612756.0,Suns,0,,,,,,0,,,,,,,,,2:42 PM
159,0,4,164,0020000179,,,6:22,2,5,0,0,682,Bob Sura,GSW,Golden State,1610612744.0,Warriors,0,,,,,,0,,,,,,,,Sura REBOUND (Off:0 Def:2),2:42 PM
160,21,5,165,0020000179,,,6:18,2,5,0,1,1716,Larry Hughes,GSW,Golden State,1610612744.0,Warriors,0,,,,,,0,,,,,,,,Hughes Palming Turnover (P2.T6),2:42 PM
161,0,8,166,0020000179,,,6:18,2,5,5,0,956,Erick Dampier,GSW,Golden State,1610612744.0,Warriors,1502,Adonal Foyle,GSW,Golden State,1610612744.0,Warriors,0,,,,,,,,SUB: Foyle FOR Dampier,2:42 PM
162,1,6,167,0020000179,,,6:03,2,5,0,1,682,Bob Sura,GSW,Golden State,1610612744.0,Warriors,0,,,,,,0,,,,,,,,Sura P.FOUL (P2.T3),2:43 PM
163,0,8,168,0020000179,SUB: Kidd FOR McPherson,,6:03,2,4,4,0,2101,Paul McPherson,PHX,Phoenix,1610612756.0,Suns,467,Jason Kidd,PHX,Phoenix,1610612756.0,Suns,0,,,,,,,,,2:43 PM
164,0,8,169,0020000179,SUB: Robinson FOR Blount,,6:03,2,4,4,0,916,Corie Blount,PHX,Phoenix,1610612756.0,Suns,361,Clifford Robinson,PHX,Phoenix,1610612756.0,Suns,0,,,,,,,,,2:43 PM
165,1,2,170,0020000179,MISS Kidd 24' 3PT Jump Shot,,5:55,2,4,0,0,467,Jason Kidd,PHX,Phoenix,1610612756.0,Suns,0,,,,,,0,,,,,,,,,2:44 PM
166,0,4,171,0020000179,,,5:52,2,3,0,0,1610612744,,,,,,0,,,,,,0,,,,,,,,Warriors Rebound,2:44 PM
167,1,9,172,0020000179,SUNS Timeout: Regular (Full 2 Short 0),,5:52,2,2,0,0,1610612756,,,,,,0,,,,,,0,,,,,,,,,2:44 PM
168,1,2,176,0020000179,,,5:35,2,5,0,0,228,Adam Keefe,GSW,Golden State,1610612744.0,Warriors,0,,,,,,0,,,,,,,,MISS Keefe 12' Jump Shot,2:46 PM
169,0,4,177,0020000179,Kidd REBOUND (Off:0 Def:3),,5:34,2,4,0,0,467,Jason Kidd,PHX,Phoenix,1610612756.0,Suns,0,,,,,,0,,,,,,,,,2:46 PM
170,7,1,178,0020000179,Tsakalidis  Dunk (2 PTS) (Robinson 2 AST),,5:21,2,4,4,0,2054,Jake Tsakalidis,PHX,Phoenix,1610612756.0,Suns,361,Clifford Robinson,PHX,Phoenix,1610612756.0,Suns,0,,,,,,30 - 28,-2,,2:46 PM
171,2,9,179,0020000179,,,5:08,2,3,0,0,1610612744,,,,,,0,,,,,,0,,,,,,,,Warriors Timeout: Short (Reg.1 Short 1),2:47 PM
172,42,1,181,0020000179,,,5:03,2,5,0,0,682,Bob Sura,GSW,Golden State,1610612744.0,Warriors,0,,,,,,0,,,,,,32 - 28,-4,Sura  Driving Layup (8 PTS),2:48 PM
173,5,2,182,0020000179,MISS Tsakalidis  Layup,,4:49,2,4,0,5,2054,Jake Tsakalidis,PHX,Phoenix,1610612756.0,Suns,0,,,,,,228,Adam Keefe,GSW,Golden State,1610612744.0,Warriors,,,Keefe BLOCK (1 BLK),2:48 PM
174,0,4,183,0020000179,,,4:47,2,5,0,0,228,Adam Keefe,GSW,Golden State,1610612744.0,Warriors,0,,,,,,0,,,,,,,,Keefe REBOUND (Off:0 Def:2),2:48 PM
175,1,6,184,0020000179,Tsakalidis P.FOUL (P1.T2),,4:47,2,4,0,1,2054,Jake Tsakalidis,PHX,Phoenix,1610612756.0,Suns,0,,,,,,0,,,,,,,,,2:48 PM
176,1,2,185,0020000179,Gugliotta BLOCK (1 BLK),,4:34,2,5,0,4,228,Adam Keefe,GSW,Golden State,1610612744.0,Warriors,0,,,,,,339,Tom Gugliotta,PHX,Phoenix,1610612756.0,Suns,,,MISS Keefe 8' Jump Shot,2:48 PM
177,0,4,186,0020000179,Tsakalidis REBOUND (Off:1 Def:1),,4:32,2,4,0,0,2054,Jake Tsakalidis,PHX,Phoenix,1610612756.0,Suns,0,,,,,,0,,,,,,,,,2:48 PM
178,1,6,187,0020000179,,,4:32,2,5,0,1,682,Bob Sura,GSW,Golden State,1610612744.0,Warriors,0,,,,,,0,,,,,,,,Sura P.FOUL (P3.T4),2:48 PM
179,0,8,188,0020000179,,,4:32,2,5,5,0,228,Adam Keefe,GSW,Golden State,1610612744.0,Warriors,1712,Antawn Jamison,GSW,Golden State,1610612744.0,Warriors,0,,,,,,,,SUB: Jamison FOR Keefe,2:49 PM
180,0,8,189,0020000179,,,4:32,2,5,5,0,682,Bob Sura,GSW,Golden State,1610612744.0,Warriors,302,Mookie Blaylock,GSW,Golden State,1610612744.0,Warriors,0,,,,,,,,SUB: Blaylock FOR Sura,2:49 PM
181,1,2,190,0020000179,MISS Kidd 19' Jump Shot,,4:20,2,4,0,0,467,Jason Kidd,PHX,Phoenix,1610612756.0,Suns,0,,,,,,0,,,,,,,,,2:49 PM
182,0,4,191,0020000179,Gugliotta REBOUND (Off:3 Def:1),,4:17,2,4,0,0,339,Tom Gugliotta,PHX,Phoenix,1610612756.0,Suns,0,,,,,,0,,,,,,,,,2:49 PM
183,1,2,192,0020000179,MISS Kidd 24' 3PT Jump Shot,,4:10,2,4,0,0,467,Jason Kidd,PHX,Phoenix,1610612756.0,Suns,0,,,,,,0,,,,,,,,,2:49 PM
184,0,4,193,0020000179,,,4:08,2,5,0,0,1712,Antawn Jamison,GSW,Golden State,1610612744.0,Warriors,0,,,,,,0,,,,,,,,Jamison REBOUND (Off:2 Def:4),2:49 PM
185,3,7,195,0020000179,Kidd Violation:Lane,,4:06,2,4,0,0,467,Jason Kidd,PHX,Phoenix,1610612756.0,Suns,0,,,,,,0,,,,,,,,,2:49 PM
186,40,1,194,0020000179,,,4:06,2,5,5,0,168,Chris Mills,GSW,Golden State,1610612744.0,Warriors,1712,Antawn Jamison,GSW,Golden State,1610612744.0,Warriors,0,,,,,,34 - 28,-6,Mills  Layup (4 PTS) (Jamison 1 AST),2:49 PM
187,2,6,196,0020000179,,,3:50,2,5,0,1,168,Chris Mills,GSW,Golden State,1610612744.0,Warriors,0,,,,,,0,,,,,,,,Mills S.FOUL (P1.PN),2:50 PM
188,11,3,197,0020000179,MISS Tsakalidis Free Throw 1 of 2,,3:50,2,4,0,0,2054,Jake Tsakalidis,PHX,Phoenix,1610612756.0,Suns,0,,,,,,0,,,,,,,,,2:50 PM
189,1,4,198,0020000179,SUNS Rebound,,3:50,2,2,0,0,1610612756,,,,,,0,,,,,,0,,,,,,,,,2:50 PM
190,12,3,199,0020000179,Tsakalidis Free Throw 2 of 2 (3 PTS),,3:50,2,4,0,0,2054,Jake Tsakalidis,PHX,Phoenix,1610612756.0,Suns,0,,,,,,0,,,,,,34 - 29,-5,,2:50 PM
191,1,2,200,0020000179,,,3:33,2,5,0,0,168,Chris Mills,GSW,Golden State,1610612744.0,Warriors,0,,,,,,0,,,,,,,,MISS Mills 12' Jump Shot,2:51 PM
192,0,4,201,0020000179,Tsakalidis REBOUND (Off:1 Def:2),,3:31,2,4,0,0,2054,Jake Tsakalidis,PHX,Phoenix,1610612756.0,Suns,0,,,,,,0,,,,,,,,,2:51 PM
193,1,2,202,0020000179,MISS Gugliotta 16' Jump Shot,,3:24,2,4,0,0,339,Tom Gugliotta,PHX,Phoenix,1610612756.0,Suns,0,,,,,,0,,,,,,,,,2:51 PM
194,0,4,203,0020000179,,,3:22,2,5,0,0,168,Chris Mills,GSW,Golden State,1610612744.0,Warriors,0,,,,,,0,,,,,,,,Mills REBOUND (Off:0 Def:3),2:51 PM
195,1,2,204,0020000179,Marion BLOCK (2 BLK),,3:16,2,5,0,4,1712,Antawn Jamison,GSW,Golden State,1610612744.0,Warriors,0,,,,,,1890,Shawn Marion,PHX,Phoenix,1610612756.0,Suns,,,MISS Jamison 8' Jump Shot,2:51 PM
196,0,4,205,0020000179,Kidd REBOUND (Off:0 Def:4),,3:14,2,4,0,0,467,Jason Kidd,PHX,Phoenix,1610612756.0,Suns,0,,,,,,0,,,,,,,,,2:51 PM
197,5,2,206,0020000179,MISS Kidd  Layup,,3:10,2,4,0,0,467,Jason Kidd,PHX,Phoenix,1610612756.0,Suns,0,,,,,,0,,,,,,,,,2:51 PM
198,0,4,208,0020000179,Marion REBOUND (Off:1 Def:3),,3:08,2,4,0,0,1890,Shawn Marion,PHX,Phoenix,1610612756.0,Suns,0,,,,,,0,,,,,,,,,2:51 PM
199,5,2,207,0020000179,MISS Marion  Layup,,3:08,2,4,0,0,1890,Shawn Marion,PHX,Phoenix,1610612756.0,Suns,0,,,,,,0,,,,,,,,,2:51 PM
200,0,4,209,0020000179,,,3:07,2,5,0,0,1502,Adonal Foyle,GSW,Golden State,1610612744.0,Warriors,0,,,,,,0,,,,,,,,Foyle REBOUND (Off:1 Def:1),2:51 PM
201,1,1,210,0020000179,,,3:00,2,5,5,0,1716,Larry Hughes,GSW,Golden State,1610612744.0,Warriors,302,Mookie Blaylock,GSW,Golden State,1610612744.0,Warriors,0,,,,,,36 - 29,-7,Hughes 18' Jump Shot (6 PTS) (Blaylock 4 AST),2:51 PM
202,2,5,211,0020000179,Kidd Lost Ball Turnover (P1.T4),,2:47,2,4,0,0,467,Jason Kidd,PHX,Phoenix,1610612756.0,Suns,0,,,,,,0,,,,,,,,,2:51 PM
203,1,9,212,0020000179,,,2:47,2,3,0,0,1610612744,,,,,,0,,,,,,0,,,,,,,,Warriors Timeout: Regular (Reg.2 Short 1),2:51 PM
204,44,2,216,0020000179,,,2:32,2,5,0,0,1716,Larry Hughes,GSW,Golden State,1610612744.0,Warriors,0,,,,,,0,,,,,,,,MISS Hughes  Reverse Layup,2:54 PM
205,0,4,217,0020000179,SUNS Rebound,,2:32,2,2,0,0,1610612756,,,,,,0,,,,,,0,,,,,,,,,2:54 PM
206,1,2,218,0020000179,MISS Robinson 8' Jump Shot,,2:16,2,4,0,0,361,Clifford Robinson,PHX,Phoenix,1610612756.0,Suns,0,,,,,,0,,,,,,,,,2:54 PM
207,0,4,219,0020000179,,,2:14,2,5,0,0,1712,Antawn Jamison,GSW,Golden State,1610612744.0,Warriors,0,,,,,,0,,,,,,,,Jamison REBOUND (Off:2 Def:5),2:54 PM
208,1,2,220,0020000179,,,2:07,2,5,0,0,168,Chris Mills,GSW,Golden State,1610612744.0,Warriors,0,,,,,,0,,,,,,,,MISS Mills 25' 3PT Jump Shot,2:55 PM
209,0,4,221,0020000179,,,2:04,2,5,0,0,1502,Adonal Foyle,GSW,Golden State,1610612744.0,Warriors,0,,,,,,0,,,,,,,,Foyle REBOUND (Off:2 Def:1),2:55 PM
210,2,6,222,0020000179,Tsakalidis S.FOUL (P2.T3),,2:04,2,4,0,1,2054,Jake Tsakalidis,PHX,Phoenix,1610612756.0,Suns,0,,,,,,0,,,,,,,,,2:55 PM
211,11,3,223,0020000179,,,2:04,2,5,0,0,1502,Adonal Foyle,GSW,Golden State,1610612744.0,Warriors,0,,,,,,0,,,,,,,,MISS Foyle Free Throw 1 of 2,2:55 PM
212,1,4,224,0020000179,,,2:04,2,3,0,0,1610612744,,,,,,0,,,,,,0,,,,,,,,Warriors Rebound,2:55 PM
213,0,8,225,0020000179,SUB: Santiago FOR Tsakalidis,,2:04,2,4,4,0,2054,Jake Tsakalidis,PHX,Phoenix,1610612756.0,Suns,2091,Daniel Santiago,PHX,Phoenix,1610612756.0,Suns,0,,,,,,,,,2:55 PM
214,0,8,226,0020000179,SUB: Delk FOR Robinson,,2:04,2,4,4,0,361,Clifford Robinson,PHX,Phoenix,1610612756.0,Suns,960,Tony Delk,PHX,Phoenix,1610612756.0,Suns,0,,,,,,,,,2:55 PM
215,12,3,227,0020000179,,,2:04,2,5,0,0,1502,Adonal Foyle,GSW,Golden State,1610612744.0,Warriors,0,,,,,,0,,,,,,,,MISS Foyle Free Throw 2 of 2,2:55 PM
216,0,4,228,0020000179,Marion REBOUND (Off:1 Def:4),,2:03,2,4,0,0,1890,Shawn Marion,PHX,Phoenix,1610612756.0,Suns,0,,,,,,0,,,,,,,,,2:55 PM
217,1,2,229,0020000179,MISS Santiago 8' Jump Shot,,1:47,2,4,0,0,2091,Daniel Santiago,PHX,Phoenix,1610612756.0,Suns,0,,,,,,0,,,,,,,,,2:56 PM
218,0,4,230,0020000179,,,1:45,2,5,0,0,168,Chris Mills,GSW,Golden State,1610612744.0,Warriors,0,,,,,,0,,,,,,,,Mills REBOUND (Off:0 Def:4),2:56 PM
219,1,2,231,0020000179,,,1:38,2,5,0,0,168,Chris Mills,GSW,Golden State,1610612744.0,Warriors,0,,,,,,0,,,,,,,,MISS Mills 18' Jump Shot,2:56 PM
220,0,4,232,0020000179,Gugliotta REBOUND (Off:3 Def:2),,1:37,2,4,0,0,339,Tom Gugliotta,PHX,Phoenix,1610612756.0,Suns,0,,,,,,0,,,,,,,,,2:56 PM
221,1,2,233,0020000179,MISS Delk 20' Jump Shot,,1:31,2,4,0,0,960,Tony Delk,PHX,Phoenix,1610612756.0,Suns,0,,,,,,0,,,,,,,,,2:56 PM
222,0,4,234,0020000179,,,1:30,2,5,0,0,1716,Larry Hughes,GSW,Golden State,1610612744.0,Warriors,0,,,,,,0,,,,,,,,Hughes REBOUND (Off:0 Def:5),2:56 PM
223,5,1,235,0020000179,,,1:25,2,5,5,0,1712,Antawn Jamison,GSW,Golden State,1610612744.0,Warriors,302,Mookie Blaylock,GSW,Golden State,1610612744.0,Warriors,0,,,,,,38 - 29,-9,Jamison  Layup (13 PTS) (Blaylock 5 AST),2:56 PM
224,2,5,236,0020000179,Kidd Lost Ball Turnover (P2.T5),,1:10,2,4,0,0,467,Jason Kidd,PHX,Phoenix,1610612756.0,Suns,0,,,,,,0,,,,,,,,,2:57 PM
225,1,1,237,0020000179,,,0:53,2,5,5,0,1716,Larry Hughes,GSW,Golden State,1610612744.0,Warriors,1712,Antawn Jamison,GSW,Golden State,1610612744.0,Warriors,0,,,,,,41 - 29,-12,Hughes  3PT Jump Shot (9 PTS) (Jamison 2 AST),2:57 PM
226,1,2,238,0020000179,MISS Gugliotta 6' Jump Shot,,0:47,2,4,0,5,339,Tom Gugliotta,PHX,Phoenix,1610612756.0,Suns,0,,,,,,302,Mookie Blaylock,GSW,Golden State,1610612744.0,Warriors,,,Blaylock BLOCK (1 BLK),2:57 PM
227,0,4,239,0020000179,,,0:47,2,3,0,0,1610612744,,,,,,0,,,,,,0,,,,,,,,Warriors Rebound,2:57 PM
228,4,6,240,0020000179,,,0:36,2,5,0,1,1712,Antawn Jamison,GSW,Golden State,1610612744.0,Warriors,0,,,,,,0,,,,,,,,Jamison OFF.Foul (P1),2:57 PM
229,5,5,241,0020000179,,,0:36,2,5,0,0,1712,Antawn Jamison,GSW,Golden State,1610612744.0,Warriors,0,,,,,,0,,,,,,,,Jamison Foul Turnover (P1.T7),2:57 PM
230,1,7,242,0020000179,,,0:36,2,3,0,1,1610612744,,,,,,0,,,,,,0,,,,,,,,Warriors Violation: Delay of game Violation,2:58 PM
231,1,1,243,0020000179,Kidd 24' 3PT Jump Shot (5 PTS),,0:27,2,4,0,0,467,Jason Kidd,PHX,Phoenix,1610612756.0,Suns,0,,,,,,0,,,,,,41 - 32,-9,,2:58 PM
232,40,2,244,0020000179,,,0:06,2,5,0,0,302,Mookie Blaylock,GSW,Golden State,1610612744.0,Warriors,0,,,,,,0,,,,,,,,MISS Blaylock  Layup,2:58 PM
233,0,4,246,0020000179,,,0:04,2,5,0,0,1716,Larry Hughes,GSW,Golden State,1610612744.0,Warriors,0,,,,,,0,,,,,,,,Hughes REBOUND (Off:1 Def:5),2:58 PM
234,4,1,245,0020000179,,,0:04,2,5,0,0,1716,Larry Hughes,GSW,Golden State,1610612744.0,Warriors,0,,,,,,0,,,,,,43 - 32,-11,Hughes  Tip Shot (11 PTS),2:58 PM
235,1,2,247,0020000179,MISS Kidd 20' Jump Shot,,0:00,2,4,0,0,467,Jason Kidd,PHX,Phoenix,1610612756.0,Suns,0,,,,,,0,,,,,,,,,2:58 PM
236,0,4,248,0020000179,,,0:00,2,5,0,0,1716,Larry Hughes,GSW,Golden State,1610612744.0,Warriors,0,,,,,,0,,,,,,,,Hughes REBOUND (Off:1 Def:6),2:58 PM
237,0,13,249,0020000179,,,0:00,2,0,0,0,0,,,,,,0,,,,,,0,,,,,,43 - 32,-11,,2:59 PM
238,0,12,251,0020000179,,,12:00,3,0,0,0,0,,,,,,0,,,,,,0,,,,,,43 - 32,-11,,3:15 PM
239,1,2,252,0020000179,MISS Robinson 6' Jump Shot,,11:47,3,4,0,5,361,Clifford Robinson,PHX,Phoenix,1610612756.0,Suns,0,,,,,,956,Erick Dampier,GSW,Golden State,1610612744.0,Warriors,,,Dampier BLOCK (1 BLK),3:15 PM
240,0,4,253,0020000179,SUNS Rebound,,11:47,3,2,0,0,1610612756,,,,,,0,,,,,,0,,,,,,,,,3:15 PM
241,1,2,254,0020000179,MISS Marion 11' Jump Shot,,11:41,3,4,0,0,1890,Shawn Marion,PHX,Phoenix,1610612756.0,Suns,0,,,,,,0,,,,,,,,,3:15 PM
242,0,4,255,0020000179,,,11:39,3,5,0,0,682,Bob Sura,GSW,Golden State,1610612744.0,Warriors,0,,,,,,0,,,,,,,,Sura REBOUND (Off:0 Def:3),3:15 PM
243,1,2,256,0020000179,,,11:22,3,5,0,0,1712,Antawn Jamison,GSW,Golden State,1610612744.0,Warriors,0,,,,,,0,,,,,,,,MISS Jamison 17' Jump Shot,3:15 PM
244,0,4,257,0020000179,Kidd REBOUND (Off:0 Def:5),,11:19,3,4,0,0,467,Jason Kidd,PHX,Phoenix,1610612756.0,Suns,0,,,,,,0,,,,,,,,,3:15 PM
245,1,2,258,0020000179,MISS Robinson 9' Jump Shot,,11:05,3,4,0,0,361,Clifford Robinson,PHX,Phoenix,1610612756.0,Suns,0,,,,,,0,,,,,,,,,3:16 PM
246,0,4,259,0020000179,,,11:04,3,5,0,0,956,Erick Dampier,GSW,Golden State,1610612744.0,Warriors,0,,,,,,0,,,,,,,,Dampier REBOUND (Off:0 Def:1),3:16 PM
247,1,5,260,0020000179,Blount STEAL (1 STL),,10:50,3,5,4,0,168,Chris Mills,GSW,Golden State,1610612744.0,Warriors,916,Corie Blount,PHX,Phoenix,1610612756.0,Suns,0,,,,,,,,Mills Bad Pass Turnover (P2.T8),3:16 PM
248,2,5,261,0020000179,Kidd Lost Ball Turnover (P3.T6),,10:41,3,4,5,0,467,Jason Kidd,PHX,Phoenix,1610612756.0,Suns,682,Bob Sura,GSW,Golden State,1610612744.0,Warriors,0,,,,,,,,Sura STEAL (1 STL),3:16 PM
249,1,5,262,0020000179,Kidd STEAL (1 STL),,10:36,3,5,4,0,682,Bob Sura,GSW,Golden State,1610612744.0,Warriors,467,Jason Kidd,PHX,Phoenix,1610612756.0,Suns,0,,,,,,,,Sura Bad Pass Turnover (P1.T9),3:16 PM
250,5,2,263,0020000179,MISS Kidd  Layup,,10:34,3,4,0,0,467,Jason Kidd,PHX,Phoenix,1610612756.0,Suns,0,,,,,,0,,,,,,,,,3:16 PM
251,0,4,265,0020000179,Marion REBOUND (Off:2 Def:4),,10:34,3,4,0,0,1890,Shawn Marion,PHX,Phoenix,1610612756.0,Suns,0,,,,,,0,,,,,,,,,3:16 PM
252,5,2,264,0020000179,MISS Marion  Layup,,10:34,3,4,0,0,1890,Shawn Marion,PHX,Phoenix,1610612756.0,Suns,0,,,,,,0,,,,,,,,,3:16 PM
253,0,4,267,0020000179,Elie REBOUND (Off:2 Def:1),,10:34,3,4,0,0,53,Mario Elie,PHX,Phoenix,1610612756.0,Suns,0,,,,,,0,,,,,,,,,3:16 PM
254,5,1,266,0020000179,Elie  Layup (4 PTS),,10:34,3,4,0,0,53,Mario Elie,PHX,Phoenix,1610612756.0,Suns,0,,,,,,0,,,,,,43 - 34,-9,,3:16 PM
255,2,6,268,0020000179,,,10:34,3,5,0,1,1716,Larry Hughes,GSW,Golden State,1610612744.0,Warriors,0,,,,,,0,,,,,,,,Hughes S.FOUL (P2.T1),3:16 PM
256,10,3,269,0020000179,MISS Elie Free Throw 1 of 1,,10:34,3,4,0,0,53,Mario Elie,PHX,Phoenix,1610612756.0,Suns,0,,,,,,0,,,,,,,,,3:17 PM
257,0,4,270,0020000179,,,10:33,3,5,0,0,1712,Antawn Jamison,GSW,Golden State,1610612744.0,Warriors,0,,,,,,0,,,,,,,,Jamison REBOUND (Off:2 Def:6),3:17 PM
258,1,1,271,0020000179,,,10:17,3,5,0,0,1712,Antawn Jamison,GSW,Golden State,1610612744.0,Warriors,0,,,,,,0,,,,,,45 - 34,-11,Jamison 7' Jump Shot (15 PTS),3:17 PM
259,42,1,272,0020000179,Kidd  Driving Layup (7 PTS),,10:09,3,4,0,0,467,Jason Kidd,PHX,Phoenix,1610612756.0,Suns,0,,,,,,0,,,,,,45 - 36,-9,,3:17 PM
260,5,1,273,0020000179,,,9:56,3,5,0,0,682,Bob Sura,GSW,Golden State,1610612744.0,Warriors,0,,,,,,0,,,,,,47 - 36,-11,Sura  Layup (10 PTS),3:17 PM
261,1,2,274,0020000179,MISS Marion 11' Jump Shot,,9:41,3,4,0,0,1890,Shawn Marion,PHX,Phoenix,1610612756.0,Suns,0,,,,,,0,,,,,,,,,3:18 PM
262,0,4,275,0020000179,,,9:39,3,5,0,0,682,Bob Sura,GSW,Golden State,1610612744.0,Warriors,0,,,,,,0,,,,,,,,Sura REBOUND (Off:0 Def:4),3:18 PM
263,1,2,276,0020000179,,,9:29,3,5,0,0,168,Chris Mills,GSW,Golden State,1610612744.0,Warriors,0,,,,,,0,,,,,,,,MISS Mills 14' Jump Shot,3:18 PM
264,0,4,277,0020000179,SUNS Rebound,,9:29,3,2,0,0,1610612756,,,,,,0,,,,,,0,,,,,,,,,3:18 PM
265,3,6,278,0020000179,,,9:29,3,5,0,1,956,Erick Dampier,GSW,Golden State,1610612744.0,Warriors,0,,,,,,0,,,,,,,,Dampier L.B.FOUL (P1.T2),3:18 PM
266,2,6,279,0020000179,,,9:20,3,5,0,1,682,Bob Sura,GSW,Golden State,1610612744.0,Warriors,0,,,,,,0,,,,,,,,Sura S.FOUL (P4.T3),3:18 PM
267,11,3,280,0020000179,Kidd Free Throw 1 of 2 (8 PTS),,9:20,3,4,0,0,467,Jason Kidd,PHX,Phoenix,1610612756.0,Suns,0,,,,,,0,,,,,,47 - 37,-10,,3:18 PM
268,0,8,282,0020000179,,,9:20,3,5,5,0,682,Bob Sura,GSW,Golden State,1610612744.0,Warriors,302,Mookie Blaylock,GSW,Golden State,1610612744.0,Warriors,0,,,,,,,,SUB: Blaylock FOR Sura,3:19 PM
269,12,3,283,0020000179,Kidd Free Throw 2 of 2 (9 PTS),,9:20,3,4,0,0,467,Jason Kidd,PHX,Phoenix,1610612756.0,Suns,0,,,,,,0,,,,,,47 - 38,-9,,3:19 PM
270,1,2,284,0020000179,,,9:11,3,5,0,0,1716,Larry Hughes,GSW,Golden State,1610612744.0,Warriors,0,,,,,,0,,,,,,,,MISS Hughes 17' Jump Shot,3:19 PM
271,0,4,285,0020000179,Kidd REBOUND (Off:0 Def:6),,9:09,3,4,0,0,467,Jason Kidd,PHX,Phoenix,1610612756.0,Suns,0,,,,,,0,,,,,,,,,3:19 PM
272,5,1,286,0020000179,Blount  Layup (2 PTS) (Kidd 4 AST),,9:01,3,4,4,0,916,Corie Blount,PHX,Phoenix,1610612756.0,Suns,467,Jason Kidd,PHX,Phoenix,1610612756.0,Suns,0,,,,,,47 - 40,-7,,3:19 PM
273,8,5,287,0020000179,,,8:36,3,5,0,1,956,Erick Dampier,GSW,Golden State,1610612744.0,Warriors,0,,,,,,0,,,,,,,,Dampier 3 Second Violation Turnover (P2.T10),3:20 PM
274,1,2,288,0020000179,MISS Robinson 16' Jump Shot,,8:27,3,4,0,0,361,Clifford Robinson,PHX,Phoenix,1610612756.0,Suns,0,,,,,,0,,,,,,,,,3:20 PM
275,0,4,289,0020000179,Marion REBOUND (Off:3 Def:4),,8:25,3,4,0,0,1890,Shawn Marion,PHX,Phoenix,1610612756.0,Suns,0,,,,,,0,,,,,,,,,3:20 PM
276,40,2,290,0020000179,MISS Robinson  Layup,,8:16,3,4,0,0,361,Clifford Robinson,PHX,Phoenix,1610612756.0,Suns,0,,,,,,0,,,,,,,,,3:20 PM
277,0,4,291,0020000179,Blount REBOUND (Off:3 Def:4),,8:14,3,4,0,0,916,Corie Blount,PHX,Phoenix,1610612756.0,Suns,0,,,,,,0,,,,,,,,,3:20 PM
278,1,2,292,0020000179,MISS Marion 20' Jump Shot,,8:10,3,4,0,0,1890,Shawn Marion,PHX,Phoenix,1610612756.0,Suns,0,,,,,,0,,,,,,,,,3:20 PM
279,0,4,293,0020000179,,,8:08,3,3,0,0,1610612744,,,,,,0,,,,,,0,,,,,,,,Warriors Rebound,3:20 PM
280,3,6,294,0020000179,Blount L.B.FOUL (P2.T1),,8:08,3,4,0,1,916,Corie Blount,PHX,Phoenix,1610612756.0,Suns,0,,,,,,0,,,,,,,,,3:20 PM
281,0,8,295,0020000179,,,8:08,3,5,5,0,956,Erick Dampier,GSW,Golden State,1610612744.0,Warriors,1502,Adonal Foyle,GSW,Golden State,1610612744.0,Warriors,0,,,,,,,,SUB: Foyle FOR Dampier,3:21 PM
282,1,5,296,0020000179,Elie STEAL (2 STL),,7:57,3,5,4,0,1712,Antawn Jamison,GSW,Golden State,1610612744.0,Warriors,53,Mario Elie,PHX,Phoenix,1610612756.0,Suns,0,,,,,,,,Jamison Bad Pass Turnover (P2.T11),3:21 PM
283,1,2,297,0020000179,MISS Kidd 21' Jump Shot,,7:50,3,4,0,0,467,Jason Kidd,PHX,Phoenix,1610612756.0,Suns,0,,,,,,0,,,,,,,,,3:21 PM
284,0,4,298,0020000179,,,7:48,3,5,0,0,302,Mookie Blaylock,GSW,Golden State,1610612744.0,Warriors,0,,,,,,0,,,,,,,,Blaylock REBOUND (Off:0 Def:2),3:21 PM
285,1,2,299,0020000179,,,7:32,3,5,0,0,1716,Larry Hughes,GSW,Golden State,1610612744.0,Warriors,0,,,,,,0,,,,,,,,MISS Hughes 18' Jump Shot,3:22 PM
286,0,4,300,0020000179,Robinson REBOUND (Off:0 Def:1),,7:30,3,4,0,0,361,Clifford Robinson,PHX,Phoenix,1610612756.0,Suns,0,,,,,,0,,,,,,,,,3:22 PM
287,1,2,301,0020000179,MISS Robinson 25' 3PT Jump Shot,,7:21,3,4,0,0,361,Clifford Robinson,PHX,Phoenix,1610612756.0,Suns,0,,,,,,0,,,,,,,,,3:22 PM
288,0,4,302,0020000179,,,7:19,3,5,0,0,1502,Adonal Foyle,GSW,Golden State,1610612744.0,Warriors,0,,,,,,0,,,,,,,,Foyle REBOUND (Off:2 Def:2),3:22 PM
289,5,1,303,0020000179,,,7:09,3,5,5,0,1502,Adonal Foyle,GSW,Golden State,1610612744.0,Warriors,302,Mookie Blaylock,GSW,Golden State,1610612744.0,Warriors,0,,,,,,49 - 40,-9,Foyle  Layup (6 PTS) (Blaylock 6 AST),3:22 PM
290,1,1,304,0020000179,Marion 16' Jump Shot (10 PTS) (Kidd 5 AST),,6:45,3,4,4,0,1890,Shawn Marion,PHX,Phoenix,1610612756.0,Suns,467,Jason Kidd,PHX,Phoenix,1610612756.0,Suns,0,,,,,,49 - 42,-7,,3:22 PM
291,1,2,305,0020000179,,,6:29,3,5,0,0,302,Mookie Blaylock,GSW,Golden State,1610612744.0,Warriors,0,,,,,,0,,,,,,,,MISS Blaylock 20' Jump Shot,3:23 PM
292,0,4,306,0020000179,Marion REBOUND (Off:3 Def:5),,6:26,3,4,0,0,1890,Shawn Marion,PHX,Phoenix,1610612756.0,Suns,0,,,,,,0,,,,,,,,,3:23 PM
293,1,5,307,0020000179,Kidd Bad Pass Turnover (P4.T7),,6:14,3,4,5,0,467,Jason Kidd,PHX,Phoenix,1610612756.0,Suns,168,Chris Mills,GSW,Golden State,1610612744.0,Warriors,0,,,,,,,,Mills STEAL (1 STL),3:23 PM
294,1,2,308,0020000179,,,6:08,3,5,0,0,302,Mookie Blaylock,GSW,Golden State,1610612744.0,Warriors,0,,,,,,0,,,,,,,,MISS Blaylock 19' Jump Shot,3:23 PM
295,0,4,309,0020000179,,,6:07,3,5,0,0,1716,Larry Hughes,GSW,Golden State,1610612744.0,Warriors,0,,,,,,0,,,,,,,,Hughes REBOUND (Off:2 Def:6),3:23 PM
296,5,2,310,0020000179,,,5:56,3,5,0,0,1712,Antawn Jamison,GSW,Golden State,1610612744.0,Warriors,0,,,,,,0,,,,,,,,MISS Jamison  Layup,3:23 PM
297,0,4,311,0020000179,Blount REBOUND (Off:3 Def:5),,5:56,3,4,0,0,916,Corie Blount,PHX,Phoenix,1610612756.0,Suns,0,,,,,,0,,,,,,,,,3:23 PM
298,3,6,312,0020000179,,,5:56,3,5,0,1,1712,Antawn Jamison,GSW,Golden State,1610612744.0,Warriors,0,,,,,,0,,,,,,,,Jamison L.B.FOUL (P2.T4),3:23 PM
299,1,9,313,0020000179,SUNS Timeout: Regular (Full 3 Short 0),,5:56,3,2,0,0,1610612756,,,,,,0,,,,,,0,,,,,,,,,3:23 PM
300,0,8,314,0020000179,SUB: Santiago FOR Blount,,5:56,3,4,4,0,916,Corie Blount,PHX,Phoenix,1610612756.0,Suns,2091,Daniel Santiago,PHX,Phoenix,1610612756.0,Suns,0,,,,,,,,,3:25 PM
301,5,2,316,0020000179,MISS Santiago  Layup,,5:43,3,4,0,0,2091,Daniel Santiago,PHX,Phoenix,1610612756.0,Suns,0,,,,,,0,,,,,,,,,3:26 PM
302,0,4,318,0020000179,Marion REBOUND (Off:4 Def:5),,5:42,3,4,0,0,1890,Shawn Marion,PHX,Phoenix,1610612756.0,Suns,0,,,,,,0,,,,,,,,,3:26 PM
303,4,1,317,0020000179,Marion  Tip Shot (12 PTS),,5:42,3,4,0,0,1890,Shawn Marion,PHX,Phoenix,1610612756.0,Suns,0,,,,,,0,,,,,,49 - 44,-5,,3:26 PM
304,1,2,319,0020000179,Santiago BLOCK (1 BLK),,5:26,3,5,0,4,168,Chris Mills,GSW,Golden State,1610612744.0,Warriors,0,,,,,,2091,Daniel Santiago,PHX,Phoenix,1610612756.0,Suns,,,MISS Mills 7' Jump Shot,3:26 PM
305,0,4,320,0020000179,Santiago REBOUND (Off:1 Def:2),,5:23,3,4,0,0,2091,Daniel Santiago,PHX,Phoenix,1610612756.0,Suns,0,,,,,,0,,,,,,,,,3:26 PM
306,1,6,321,0020000179,,,5:10,3,5,0,1,1502,Adonal Foyle,GSW,Golden State,1610612744.0,Warriors,0,,,,,,0,,,,,,,,Foyle P.FOUL (P3.PN),3:26 PM
307,11,3,322,0020000179,Santiago Free Throw 1 of 2 (1 PTS),,5:10,3,4,0,0,2091,Daniel Santiago,PHX,Phoenix,1610612756.0,Suns,0,,,,,,0,,,,,,49 - 45,-4,,3:27 PM
308,0,8,323,0020000179,,,5:10,3,5,5,0,168,Chris Mills,GSW,Golden State,1610612744.0,Warriors,228,Adam Keefe,GSW,Golden State,1610612744.0,Warriors,0,,,,,,,,SUB: Keefe FOR Mills,3:27 PM
309,12,3,324,0020000179,Santiago Free Throw 2 of 2 (2 PTS),,5:10,3,4,0,0,2091,Daniel Santiago,PHX,Phoenix,1610612756.0,Suns,0,,,,,,0,,,,,,49 - 46,-3,,3:27 PM
310,1,6,325,0020000179,Santiago P.FOUL (P2.T2),,5:01,3,4,0,1,2091,Daniel Santiago,PHX,Phoenix,1610612756.0,Suns,0,,,,,,0,,,,,,,,,3:27 PM
311,5,2,326,0020000179,,,4:52,3,5,0,0,1716,Larry Hughes,GSW,Golden State,1610612744.0,Warriors,0,,,,,,0,,,,,,,,MISS Hughes  Layup,3:28 PM
312,0,4,327,0020000179,Marion REBOUND (Off:4 Def:6),,4:50,3,4,0,0,1890,Shawn Marion,PHX,Phoenix,1610612756.0,Suns,0,,,,,,0,,,,,,,,,3:28 PM
313,1,6,328,0020000179,,,4:41,3,5,0,1,1716,Larry Hughes,GSW,Golden State,1610612744.0,Warriors,0,,,,,,0,,,,,,,,Hughes P.FOUL (P3.PN),3:28 PM
314,11,3,329,0020000179,MISS Marion Free Throw 1 of 2,,4:41,3,4,0,0,1890,Shawn Marion,PHX,Phoenix,1610612756.0,Suns,0,,,,,,0,,,,,,,,,3:28 PM
315,1,4,330,0020000179,SUNS Rebound,,4:41,3,2,0,0,1610612756,,,,,,0,,,,,,0,,,,,,,,,3:28 PM
316,12,3,331,0020000179,Marion Free Throw 2 of 2 (13 PTS),,4:41,3,4,0,0,1890,Shawn Marion,PHX,Phoenix,1610612756.0,Suns,0,,,,,,0,,,,,,49 - 47,-2,,3:28 PM
317,1,2,332,0020000179,Robinson BLOCK (1 BLK),,4:26,3,5,0,4,1502,Adonal Foyle,GSW,Golden State,1610612744.0,Warriors,0,,,,,,361,Clifford Robinson,PHX,Phoenix,1610612756.0,Suns,,,MISS Foyle 8' Jump Shot,3:29 PM
318,0,4,333,0020000179,,,4:25,3,5,0,0,228,Adam Keefe,GSW,Golden State,1610612744.0,Warriors,0,,,,,,0,,,,,,,,Keefe REBOUND (Off:1 Def:2),3:29 PM
319,5,1,334,0020000179,,,4:24,3,5,5,0,1716,Larry Hughes,GSW,Golden State,1610612744.0,Warriors,1712,Antawn Jamison,GSW,Golden State,1610612744.0,Warriors,0,,,,,,51 - 47,-4,Hughes  Layup (13 PTS) (Jamison 3 AST),3:29 PM
320,5,2,335,0020000179,MISS Santiago  Layup,,4:06,3,4,0,0,2091,Daniel Santiago,PHX,Phoenix,1610612756.0,Suns,0,,,,,,0,,,,,,,,,3:29 PM
321,0,4,336,0020000179,,,4:05,3,3,0,0,1610612744,,,,,,0,,,,,,0,,,,,,,,Warriors Rebound,3:29 PM
322,3,6,337,0020000179,Marion L.B.FOUL (P1.T3),,4:05,3,4,0,1,1890,Shawn Marion,PHX,Phoenix,1610612756.0,Suns,0,,,,,,0,,,,,,,,,3:29 PM
323,1,2,338,0020000179,,,3:49,3,5,0,0,302,Mookie Blaylock,GSW,Golden State,1610612744.0,Warriors,0,,,,,,0,,,,,,,,MISS Blaylock 18' Jump Shot,3:30 PM
324,0,4,339,0020000179,SUNS Rebound,,3:46,3,2,0,0,1610612756,,,,,,0,,,,,,0,,,,,,,,,3:30 PM
325,2,5,340,0020000179,Elie Lost Ball Turnover (P1.T8),,3:32,3,4,5,0,53,Mario Elie,PHX,Phoenix,1610612756.0,Suns,1716,Larry Hughes,GSW,Golden State,1610612744.0,Warriors,0,,,,,,,,Hughes STEAL (1 STL),3:30 PM
326,2,6,341,0020000179,Marion S.FOUL (P2.T4),,3:26,3,4,0,1,1890,Shawn Marion,PHX,Phoenix,1610612756.0,Suns,0,,,,,,0,,,,,,,,,3:30 PM
327,11,3,342,0020000179,,,3:26,3,5,0,0,1712,Antawn Jamison,GSW,Golden State,1610612744.0,Warriors,0,,,,,,0,,,,,,52 - 47,-5,Jamison Free Throw 1 of 2 (16 PTS),3:30 PM
328,12,3,343,0020000179,,,3:26,3,5,0,0,1712,Antawn Jamison,GSW,Golden State,1610612744.0,Warriors,0,,,,,,0,,,,,,53 - 47,-6,Jamison Free Throw 2 of 2 (17 PTS),3:31 PM
329,46,1,344,0020000179,Marion 6' Running Jump Shot (15 PTS),,3:14,3,4,0,0,1890,Shawn Marion,PHX,Phoenix,1610612756.0,Suns,0,,,,,,0,,,,,,53 - 49,-4,,3:31 PM
330,1,2,345,0020000179,,,3:01,3,5,0,0,1502,Adonal Foyle,GSW,Golden State,1610612744.0,Warriors,0,,,,,,0,,,,,,,,MISS Foyle 6' Jump Shot,3:31 PM
331,0,4,346,0020000179,SUNS Rebound,,2:58,3,2,0,0,1610612756,,,,,,0,,,,,,0,,,,,,,,,3:32 PM
332,1,9,347,0020000179,,,2:58,3,3,0,0,1610612744,,,,,,0,,,,,,0,,,,,,,,Warriors Timeout: Regular (Reg.3 Short 1),3:32 PM
333,1,2,349,0020000179,MISS Santiago 4' Jump Shot,,2:47,3,4,0,5,2091,Daniel Santiago,PHX,Phoenix,1610612756.0,Suns,0,,,,,,1502,Adonal Foyle,GSW,Golden State,1610612744.0,Warriors,,,Foyle BLOCK (1 BLK),3:34 PM
334,0,4,350,0020000179,,,2:42,3,5,0,0,302,Mookie Blaylock,GSW,Golden State,1610612744.0,Warriors,0,,,,,,0,,,,,,,,Blaylock REBOUND (Off:0 Def:3),3:34 PM
335,1,2,351,0020000179,,,2:29,3,5,0,0,1716,Larry Hughes,GSW,Golden State,1610612744.0,Warriors,0,,,,,,0,,,,,,,,MISS Hughes 16' Jump Shot,3:34 PM
336,0,4,352,0020000179,,,2:27,3,5,0,0,228,Adam Keefe,GSW,Golden State,1610612744.0,Warriors,0,,,,,,0,,,,,,,,Keefe REBOUND (Off:2 Def:2),3:34 PM
337,1,2,353,0020000179,,,2:19,3,5,0,0,302,Mookie Blaylock,GSW,Golden State,1610612744.0,Warriors,0,,,,,,0,,,,,,,,MISS Blaylock 18' Jump Shot,3:34 PM
338,0,4,354,0020000179,,,2:18,3,5,0,0,228,Adam Keefe,GSW,Golden State,1610612744.0,Warriors,0,,,,,,0,,,,,,,,Keefe REBOUND (Off:3 Def:2),3:34 PM
339,1,2,355,0020000179,,,2:04,3,5,0,0,1712,Antawn Jamison,GSW,Golden State,1610612744.0,Warriors,0,,,,,,0,,,,,,,,MISS Jamison 8' Jump Shot,3:35 PM
340,0,4,356,0020000179,Santiago REBOUND (Off:1 Def:3),,2:03,3,4,0,0,2091,Daniel Santiago,PHX,Phoenix,1610612756.0,Suns,0,,,,,,0,,,,,,,,,3:35 PM
341,1,1,357,0020000179,Santiago 17' Jump Shot (4 PTS) (Kidd 6 AST),,1:53,3,4,4,0,2091,Daniel Santiago,PHX,Phoenix,1610612756.0,Suns,467,Jason Kidd,PHX,Phoenix,1610612756.0,Suns,0,,,,,,53 - 51,-2,,3:35 PM
342,1,2,358,0020000179,,,1:27,3,5,0,0,302,Mookie Blaylock,GSW,Golden State,1610612744.0,Warriors,0,,,,,,0,,,,,,,,MISS Blaylock 15' Jump Shot,3:35 PM
343,0,4,359,0020000179,Marion REBOUND (Off:4 Def:7),,1:25,3,4,0,0,1890,Shawn Marion,PHX,Phoenix,1610612756.0,Suns,0,,,,,,0,,,,,,,,,3:35 PM
344,0,8,360,0020000179,SUB: Delk FOR Elie,,1:10,3,4,4,0,53,Mario Elie,PHX,Phoenix,1610612756.0,Suns,960,Tony Delk,PHX,Phoenix,1610612756.0,Suns,0,,,,,,,,,3:36 PM
345,0,8,361,0020000179,SUB: Gugliotta FOR Robinson,,1:10,3,4,4,0,361,Clifford Robinson,PHX,Phoenix,1610612756.0,Suns,339,Tom Gugliotta,PHX,Phoenix,1610612756.0,Suns,0,,,,,,,,,3:36 PM
346,0,8,362,0020000179,,,1:10,3,5,5,0,1716,Larry Hughes,GSW,Golden State,1610612744.0,Warriors,168,Chris Mills,GSW,Golden State,1610612744.0,Warriors,0,,,,,,,,SUB: Mills FOR Hughes,3:36 PM
347,0,8,363,0020000179,,,1:10,3,5,5,0,1712,Antawn Jamison,GSW,Golden State,1610612744.0,Warriors,219,Vinny Del Negro,GSW,Golden State,1610612744.0,Warriors,0,,,,,,,,SUB: Del Negro FOR Jamison,3:36 PM
348,1,1,364,0020000179,Kidd 13' Jump Shot (11 PTS) (Delk 1 AST),,1:08,3,4,4,0,467,Jason Kidd,PHX,Phoenix,1610612756.0,Suns,960,Tony Delk,PHX,Phoenix,1610612756.0,Suns,0,,,,,,53 - 53,TIE,,3:36 PM
349,1,1,365,0020000179,,,0:45,3,5,0,0,302,Mookie Blaylock,GSW,Golden State,1610612744.0,Warriors,0,,,,,,0,,,,,,55 - 53,-2,Blaylock 20' Jump Shot (2 PTS),3:37 PM
350,1,2,366,0020000179,MISS Delk 24' 3PT Jump Shot,,0:32,3,4,0,0,960,Tony Delk,PHX,Phoenix,1610612756.0,Suns,0,,,,,,0,,,,,,,,,3:37 PM
351,0,4,367,0020000179,Marion REBOUND (Off:5 Def:7),,0:29,3,4,0,0,1890,Shawn Marion,PHX,Phoenix,1610612756.0,Suns,0,,,,,,0,,,,,,,,,3:37 PM
352,2,6,368,0020000179,,,0:12,3,5,0,1,228,Adam Keefe,GSW,Golden State,1610612744.0,Warriors,0,,,,,,0,,,,,,,,Keefe S.FOUL (P1.PN),3:38 PM
353,11,3,369,0020000179,Gugliotta Free Throw 1 of 2 (7 PTS),,0:12,3,4,0,0,339,Tom Gugliotta,PHX,Phoenix,1610612756.0,Suns,0,,,,,,0,,,,,,55 - 54,-1,,3:38 PM
354,0,8,370,0020000179,,,0:12,3,5,5,0,228,Adam Keefe,GSW,Golden State,1610612744.0,Warriors,904,Chris Mullin,GSW,Golden State,1610612744.0,Warriors,0,,,,,,,,SUB: Mullin FOR Keefe,3:38 PM
355,12,3,371,0020000179,Gugliotta Free Throw 2 of 2 (8 PTS),,0:12,3,4,0,0,339,Tom Gugliotta,PHX,Phoenix,1610612756.0,Suns,0,,,,,,0,,,,,,55 - 55,TIE,,3:38 PM
356,1,2,372,0020000179,,,0:01,3,5,0,0,168,Chris Mills,GSW,Golden State,1610612744.0,Warriors,0,,,,,,0,,,,,,,,MISS Mills 20' Jump Shot,3:39 PM
357,0,4,373,0020000179,,,0:00,3,5,0,0,1502,Adonal Foyle,GSW,Golden State,1610612744.0,Warriors,0,,,,,,0,,,,,,,,Foyle REBOUND (Off:3 Def:2),3:39 PM
358,0,13,374,0020000179,,,0:00,3,0,0,0,0,,,,,,0,,,,,,0,,,,,,55 - 55,TIE,,3:39 PM
359,0,12,376,0020000179,,,12:00,4,0,0,0,0,,,,,,0,,,,,,0,,,,,,55 - 55,TIE,,3:42 PM
360,1,5,377,0020000179,Gugliotta STEAL (1 STL),,11:36,4,5,4,0,904,Chris Mullin,GSW,Golden State,1610612744.0,Warriors,339,Tom Gugliotta,PHX,Phoenix,1610612756.0,Suns,0,,,,,,,,Mullin Bad Pass Turnover (P1.T12),3:42 PM
361,5,1,378,0020000179,Delk  Layup (2 PTS) (Kidd 7 AST),,11:32,4,4,4,0,960,Tony Delk,PHX,Phoenix,1610612756.0,Suns,467,Jason Kidd,PHX,Phoenix,1610612756.0,Suns,0,,,,,,55 - 57,2,,3:42 PM
362,19,5,379,0020000179,,,11:07,4,5,0,0,904,Chris Mullin,GSW,Golden State,1610612744.0,Warriors,0,,,,,,0,,,,,,,,Mullin Kicked Ball Violation Turnover (P2.T13),3:43 PM
363,7,2,380,0020000179,MISS Santiago  Dunk,,10:58,4,4,0,5,2091,Daniel Santiago,PHX,Phoenix,1610612756.0,Suns,0,,,,,,1502,Adonal Foyle,GSW,Golden State,1610612744.0,Warriors,,,Foyle BLOCK (2 BLK),3:43 PM
364,0,4,381,0020000179,,,10:52,4,5,0,0,219,Vinny Del Negro,GSW,Golden State,1610612744.0,Warriors,0,,,,,,0,,,,,,,,Del Negro REBOUND (Off:0 Def:1),3:43 PM
365,1,2,382,0020000179,,,10:45,4,5,0,0,904,Chris Mullin,GSW,Golden State,1610612744.0,Warriors,0,,,,,,0,,,,,,,,MISS Mullin  3PT Jump Shot,3:43 PM
366,0,4,383,0020000179,Santiago REBOUND (Off:1 Def:4),,10:42,4,4,0,0,2091,Daniel Santiago,PHX,Phoenix,1610612756.0,Suns,0,,,,,,0,,,,,,,,,3:43 PM
367,2,6,384,0020000179,,,10:37,4,5,0,1,904,Chris Mullin,GSW,Golden State,1610612744.0,Warriors,0,,,,,,0,,,,,,,,Mullin S.FOUL (P1.T1),3:44 PM
368,0,8,385,0020000179,,,10:37,4,5,5,0,904,Chris Mullin,GSW,Golden State,1610612744.0,Warriors,1712,Antawn Jamison,GSW,Golden State,1610612744.0,Warriors,0,,,,,,,,SUB: Jamison FOR Mullin,3:44 PM
369,11,3,386,0020000179,MISS Kidd Free Throw 1 of 2,,10:37,4,4,0,0,467,Jason Kidd,PHX,Phoenix,1610612756.0,Suns,0,,,,,,0,,,,,,,,,3:44 PM
370,1,4,387,0020000179,SUNS Rebound,,10:37,4,2,0,0,1610612756,,,,,,0,,,,,,0,,,,,,,,,3:44 PM
371,0,8,389,0020000179,,,10:37,4,5,5,0,1502,Adonal Foyle,GSW,Golden State,1610612744.0,Warriors,956,Erick Dampier,GSW,Golden State,1610612744.0,Warriors,0,,,,,,,,SUB: Dampier FOR Foyle,3:44 PM
372,0,8,391,0020000179,SUB: Robinson FOR Santiago,,10:37,4,4,4,0,2091,Daniel Santiago,PHX,Phoenix,1610612756.0,Suns,361,Clifford Robinson,PHX,Phoenix,1610612756.0,Suns,0,,,,,,,,,3:44 PM
373,12,3,392,0020000179,Kidd Free Throw 2 of 2 (12 PTS),,10:37,4,4,0,0,467,Jason Kidd,PHX,Phoenix,1610612756.0,Suns,0,,,,,,0,,,,,,55 - 58,3,,3:44 PM
374,1,2,393,0020000179,,,10:19,4,5,0,0,956,Erick Dampier,GSW,Golden State,1610612744.0,Warriors,0,,,,,,0,,,,,,,,MISS Dampier 9' Jump Shot,3:45 PM
375,0,4,394,0020000179,SUNS Rebound,,10:17,4,2,0,0,1610612756,,,,,,0,,,,,,0,,,,,,,,,3:45 PM
376,4,5,395,0020000179,Robinson Traveling Turnover (P1.T9),,10:05,4,4,0,1,361,Clifford Robinson,PHX,Phoenix,1610612756.0,Suns,0,,,,,,0,,,,,,,,,3:45 PM
377,1,9,396,0020000179,,,10:05,4,3,0,0,1610612744,,,,,,0,,,,,,0,,,,,,,,Warriors Timeout: Regular (Reg.4 Short 1),3:45 PM
378,1,2,400,0020000179,,,9:52,4,5,0,0,219,Vinny Del Negro,GSW,Golden State,1610612744.0,Warriors,0,,,,,,0,,,,,,,,MISS Del Negro 16' Jump Shot,3:48 PM
379,0,4,401,0020000179,Marion REBOUND (Off:5 Def:8),,9:51,4,4,0,0,1890,Shawn Marion,PHX,Phoenix,1610612756.0,Suns,0,,,,,,0,,,,,,,,,3:48 PM
380,1,2,402,0020000179,MISS Gugliotta 15' Jump Shot,,9:33,4,4,0,0,339,Tom Gugliotta,PHX,Phoenix,1610612756.0,Suns,0,,,,,,0,,,,,,,,,3:48 PM
381,0,4,403,0020000179,Robinson REBOUND (Off:1 Def:1),,9:31,4,4,0,0,361,Clifford Robinson,PHX,Phoenix,1610612756.0,Suns,0,,,,,,0,,,,,,,,,3:48 PM
382,44,2,404,0020000179,MISS Delk  Reverse Layup,,9:28,4,4,0,0,960,Tony Delk,PHX,Phoenix,1610612756.0,Suns,0,,,,,,0,,,,,,,,,3:48 PM
383,0,4,405,0020000179,,,9:27,4,5,0,0,956,Erick Dampier,GSW,Golden State,1610612744.0,Warriors,0,,,,,,0,,,,,,,,Dampier REBOUND (Off:0 Def:2),3:48 PM
384,1,1,406,0020000179,,,9:16,4,5,5,0,168,Chris Mills,GSW,Golden State,1610612744.0,Warriors,682,Bob Sura,GSW,Golden State,1610612744.0,Warriors,0,,,,,,57 - 58,1,Mills 14' Jump Shot (6 PTS) (Sura 2 AST),3:48 PM
385,1,2,407,0020000179,MISS Kidd 24' 3PT Jump Shot,,8:56,4,4,0,0,467,Jason Kidd,PHX,Phoenix,1610612756.0,Suns,0,,,,,,0,,,,,,,,,3:49 PM
386,0,4,408,0020000179,,,8:54,4,5,0,0,682,Bob Sura,GSW,Golden State,1610612744.0,Warriors,0,,,,,,0,,,,,,,,Sura REBOUND (Off:0 Def:5),3:49 PM
387,1,1,409,0020000179,,,8:42,4,5,5,0,956,Erick Dampier,GSW,Golden State,1610612744.0,Warriors,1712,Antawn Jamison,GSW,Golden State,1610612744.0,Warriors,0,,,,,,59 - 58,-1,Dampier 6' Jump Shot (5 PTS) (Jamison 4 AST),3:49 PM
388,1,1,410,0020000179,Robinson 7' Jump Shot (8 PTS) (Kidd 8 AST),,8:26,4,4,4,0,361,Clifford Robinson,PHX,Phoenix,1610612756.0,Suns,467,Jason Kidd,PHX,Phoenix,1610612756.0,Suns,0,,,,,,59 - 60,1,,3:49 PM
389,2,6,411,0020000179,,,8:26,4,5,0,1,1712,Antawn Jamison,GSW,Golden State,1610612744.0,Warriors,0,,,,,,0,,,,,,,,Jamison S.FOUL (P3.T2),3:49 PM
390,10,3,412,0020000179,Robinson Free Throw 1 of 1 (9 PTS),,8:26,4,4,0,0,361,Clifford Robinson,PHX,Phoenix,1610612756.0,Suns,0,,,,,,0,,,,,,59 - 61,2,,3:49 PM
391,2,6,413,0020000179,Robinson S.FOUL (P3.T1),,8:13,4,4,0,1,361,Clifford Robinson,PHX,Phoenix,1610612756.0,Suns,0,,,,,,0,,,,,,,,,3:50 PM
392,0,8,414,0020000179,,,8:13,4,5,5,0,219,Vinny Del Negro,GSW,Golden State,1610612744.0,Warriors,1716,Larry Hughes,GSW,Golden State,1610612744.0,Warriors,0,,,,,,,,SUB: Hughes FOR Del Negro,3:50 PM
393,11,3,415,0020000179,,,8:13,4,5,0,0,1712,Antawn Jamison,GSW,Golden State,1610612744.0,Warriors,0,,,,,,0,,,,,,,,MISS Jamison Free Throw 1 of 2,3:50 PM
394,1,4,416,0020000179,,,8:13,4,3,0,0,1610612744,,,,,,0,,,,,,0,,,,,,,,Warriors Rebound,3:50 PM
395,0,8,417,0020000179,SUB: Santiago FOR Gugliotta,,8:13,4,4,4,0,339,Tom Gugliotta,PHX,Phoenix,1610612756.0,Suns,2091,Daniel Santiago,PHX,Phoenix,1610612756.0,Suns,0,,,,,,,,,3:51 PM
396,12,3,418,0020000179,,,8:13,4,5,0,0,1712,Antawn Jamison,GSW,Golden State,1610612744.0,Warriors,0,,,,,,0,,,,,,,,MISS Jamison Free Throw 2 of 2,3:51 PM
397,0,4,419,0020000179,Robinson REBOUND (Off:1 Def:2),,8:12,4,4,0,0,361,Clifford Robinson,PHX,Phoenix,1610612756.0,Suns,0,,,,,,0,,,,,,,,,3:51 PM
398,4,6,420,0020000179,Santiago OFF.Foul (P3),,8:02,4,4,0,1,2091,Daniel Santiago,PHX,Phoenix,1610612756.0,Suns,0,,,,,,0,,,,,,,,,3:51 PM
399,5,5,421,0020000179,Santiago Foul Turnover (P1.T10),,8:02,4,4,0,0,2091,Daniel Santiago,PHX,Phoenix,1610612756.0,Suns,0,,,,,,0,,,,,,,,,3:51 PM
400,2,5,422,0020000179,,,7:53,4,5,0,0,682,Bob Sura,GSW,Golden State,1610612744.0,Warriors,0,,,,,,0,,,,,,,,Sura Lost Ball Turnover (P2.T14),3:51 PM
401,5,1,423,0020000179,Robinson  Layup (11 PTS) (Kidd 9 AST),,7:40,4,4,4,0,361,Clifford Robinson,PHX,Phoenix,1610612756.0,Suns,467,Jason Kidd,PHX,Phoenix,1610612756.0,Suns,0,,,,,,59 - 63,4,,3:52 PM
402,1,2,424,0020000179,,,7:26,4,5,0,0,168,Chris Mills,GSW,Golden State,1610612744.0,Warriors,0,,,,,,0,,,,,,,,MISS Mills 17' Jump Shot,3:52 PM
403,0,4,425,0020000179,Delk REBOUND (Off:0 Def:1),,7:24,4,4,0,0,960,Tony Delk,PHX,Phoenix,1610612756.0,Suns,0,,,,,,0,,,,,,,,,3:52 PM
404,1,2,426,0020000179,MISS Delk 16' Jump Shot,,7:09,4,4,0,0,960,Tony Delk,PHX,Phoenix,1610612756.0,Suns,0,,,,,,0,,,,,,,,,3:52 PM
405,0,4,427,0020000179,Delk REBOUND (Off:1 Def:1),,7:07,4,4,0,0,960,Tony Delk,PHX,Phoenix,1610612756.0,Suns,0,,,,,,0,,,,,,,,,3:52 PM
406,7,1,428,0020000179,Santiago  Dunk (6 PTS) (Marion 3 AST),,7:01,4,4,4,0,2091,Daniel Santiago,PHX,Phoenix,1610612756.0,Suns,1890,Shawn Marion,PHX,Phoenix,1610612756.0,Suns,0,,,,,,59 - 65,6,,3:52 PM
407,2,9,429,0020000179,,,6:59,4,3,0,0,1610612744,,,,,,0,,,,,,0,,,,,,,,Warriors Timeout: Short (Reg.4 Short 2),3:52 PM
408,3,1,431,0020000179,,,6:40,4,5,0,0,956,Erick Dampier,GSW,Golden State,1610612744.0,Warriors,0,,,,,,0,,,,,,61 - 65,4,Dampier 8' Hook Shot (7 PTS),3:54 PM
409,1,2,432,0020000179,MISS Kidd 10' Jump Shot,,6:22,4,4,0,0,467,Jason Kidd,PHX,Phoenix,1610612756.0,Suns,0,,,,,,0,,,,,,,,,3:54 PM
410,0,4,433,0020000179,SUNS Rebound,,6:20,4,2,0,0,1610612756,,,,,,0,,,,,,0,,,,,,,,,3:54 PM
411,8,5,434,0020000179,Robinson 3 Second Violation Turnover (P2.T11),,6:09,4,4,0,1,361,Clifford Robinson,PHX,Phoenix,1610612756.0,Suns,0,,,,,,0,,,,,,,,,3:55 PM
412,42,1,435,0020000179,,,5:54,4,5,0,0,682,Bob Sura,GSW,Golden State,1610612744.0,Warriors,0,,,,,,0,,,,,,63 - 65,2,Sura  Driving Layup (12 PTS),3:55 PM
413,1,1,436,0020000179,Marion 18' Jump Shot (17 PTS) (Kidd 10 AST),,5:36,4,4,4,0,1890,Shawn Marion,PHX,Phoenix,1610612756.0,Suns,467,Jason Kidd,PHX,Phoenix,1610612756.0,Suns,0,,,,,,63 - 67,4,,3:55 PM
414,3,1,437,0020000179,,,5:16,4,5,0,0,956,Erick Dampier,GSW,Golden State,1610612744.0,Warriors,0,,,,,,0,,,,,,65 - 67,2,Dampier 5' Hook Shot (9 PTS),3:56 PM
415,46,1,438,0020000179,Robinson 9' Running Jump Shot (13 PTS) (Kidd 11 AST),,5:00,4,4,4,0,361,Clifford Robinson,PHX,Phoenix,1610612756.0,Suns,467,Jason Kidd,PHX,Phoenix,1610612756.0,Suns,0,,,,,,65 - 69,4,,3:56 PM
416,1,2,439,0020000179,,,4:40,4,5,0,0,1712,Antawn Jamison,GSW,Golden State,1610612744.0,Warriors,0,,,,,,0,,,,,,,,MISS Jamison 19' Jump Shot,3:56 PM
417,0,4,440,0020000179,Marion REBOUND (Off:5 Def:9),,4:38,4,4,0,0,1890,Shawn Marion,PHX,Phoenix,1610612756.0,Suns,0,,,,,,0,,,,,,,,,3:56 PM
418,1,6,441,0020000179,,,4:23,4,5,0,1,956,Erick Dampier,GSW,Golden State,1610612744.0,Warriors,0,,,,,,0,,,,,,,,Dampier P.FOUL (P2.T3),3:57 PM
419,4,9,442,0020000179,,,4:23,4,1,0,0,0,,,,,,0,,,,,,0,,,,,,,,,3:57 PM
420,1,2,444,0020000179,MISS Robinson 19' Jump Shot,,4:18,4,4,0,0,361,Clifford Robinson,PHX,Phoenix,1610612756.0,Suns,0,,,,,,0,,,,,,,,,3:59 PM
421,0,4,445,0020000179,,,4:16,4,5,0,0,1716,Larry Hughes,GSW,Golden State,1610612744.0,Warriors,0,,,,,,0,,,,,,,,Hughes REBOUND (Off:2 Def:7),3:59 PM
422,2,5,446,0020000179,Santiago STEAL (1 STL),,4:01,4,5,4,0,956,Erick Dampier,GSW,Golden State,1610612744.0,Warriors,2091,Daniel Santiago,PHX,Phoenix,1610612756.0,Suns,0,,,,,,,,Dampier Lost Ball Turnover (P3.T15),4:00 PM
423,5,2,447,0020000179,MISS Santiago  Layup,,3:45,4,4,0,5,2091,Daniel Santiago,PHX,Phoenix,1610612756.0,Suns,0,,,,,,1716,Larry Hughes,GSW,Golden State,1610612744.0,Warriors,,,Hughes BLOCK (1 BLK),4:00 PM
424,0,4,448,0020000179,,,3:43,4,5,0,0,682,Bob Sura,GSW,Golden State,1610612744.0,Warriors,0,,,,,,0,,,,,,,,Sura REBOUND (Off:0 Def:6),4:00 PM
425,1,2,449,0020000179,,,3:31,4,5,0,0,682,Bob Sura,GSW,Golden State,1610612744.0,Warriors,0,,,,,,0,,,,,,,,MISS Sura 26' 3PT Jump Shot,4:00 PM
426,0,4,450,0020000179,Marion REBOUND (Off:5 Def:10),,3:28,4,4,0,0,1890,Shawn Marion,PHX,Phoenix,1610612756.0,Suns,0,,,,,,0,,,,,,,,,4:00 PM
427,7,1,451,0020000179,Santiago  Dunk (8 PTS) (Kidd 12 AST),,3:13,4,4,4,0,2091,Daniel Santiago,PHX,Phoenix,1610612756.0,Suns,467,Jason Kidd,PHX,Phoenix,1610612756.0,Suns,0,,,,,,65 - 71,6,,4:00 PM
428,1,9,452,0020000179,,,3:07,4,3,0,0,1610612744,,,,,,0,,,,,,0,,,,,,,,Warriors Timeout: Regular (Reg.5 Short 2),4:00 PM
429,1,2,454,0020000179,,,2:51,4,5,0,0,1712,Antawn Jamison,GSW,Golden State,1610612744.0,Warriors,0,,,,,,0,,,,,,,,MISS Jamison 13' Jump Shot,4:03 PM
430,0,4,455,0020000179,Marion REBOUND (Off:5 Def:11),,2:49,4,4,0,0,1890,Shawn Marion,PHX,Phoenix,1610612756.0,Suns,0,,,,,,0,,,,,,,,,4:03 PM
431,48,2,456,0020000179,MISS Marion  Dunk,,2:35,4,4,0,0,1890,Shawn Marion,PHX,Phoenix,1610612756.0,Suns,0,,,,,,0,,,,,,,,,4:03 PM
432,0,4,457,0020000179,,,2:33,4,5,0,0,1716,Larry Hughes,GSW,Golden State,1610612744.0,Warriors,0,,,,,,0,,,,,,,,Hughes REBOUND (Off:2 Def:8),4:03 PM
433,1,6,458,0020000179,Robinson P.FOUL (P4.T2),,2:28,4,4,0,1,361,Clifford Robinson,PHX,Phoenix,1610612756.0,Suns,0,,,,,,0,,,,,,,,,4:03 PM
434,1,1,459,0020000179,,,2:20,4,5,5,0,1716,Larry Hughes,GSW,Golden State,1610612744.0,Warriors,682,Bob Sura,GSW,Golden State,1610612744.0,Warriors,0,,,,,,68 - 71,3,Hughes 25' 3PT Jump Shot (16 PTS) (Sura 3 AST),4:04 PM
435,1,2,460,0020000179,MISS Santiago 6' Jump Shot,,2:01,4,4,0,5,2091,Daniel Santiago,PHX,Phoenix,1610612756.0,Suns,0,,,,,,1716,Larry Hughes,GSW,Golden State,1610612744.0,Warriors,,,Hughes BLOCK (2 BLK),4:04 PM
436,0,4,461,0020000179,,,1:57,4,5,0,0,682,Bob Sura,GSW,Golden State,1610612744.0,Warriors,0,,,,,,0,,,,,,,,Sura REBOUND (Off:0 Def:7),4:04 PM
437,1,2,462,0020000179,,,1:48,4,5,0,0,956,Erick Dampier,GSW,Golden State,1610612744.0,Warriors,0,,,,,,0,,,,,,,,MISS Dampier 6' Jump Shot,4:04 PM
438,0,4,463,0020000179,,,1:46,4,5,0,0,956,Erick Dampier,GSW,Golden State,1610612744.0,Warriors,0,,,,,,0,,,,,,,,Dampier REBOUND (Off:1 Def:2),4:04 PM
439,1,2,464,0020000179,,,1:23,4,5,0,0,1716,Larry Hughes,GSW,Golden State,1610612744.0,Warriors,0,,,,,,0,,,,,,,,MISS Hughes 24' 3PT Jump Shot,4:05 PM
440,0,4,465,0020000179,SUNS Rebound,,1:21,4,2,0,0,1610612756,,,,,,0,,,,,,0,,,,,,,,,4:05 PM
441,1,9,466,0020000179,SUNS Timeout: Regular (Full 4 Short 0),,1:21,4,2,0,0,1610612756,,,,,,0,,,,,,0,,,,,,,,,4:05 PM
442,2,6,468,0020000179,,,1:05,4,5,0,0,682,Bob Sura,GSW,Golden State,1610612744.0,Warriors,0,,,,,,0,,,,,,,,Sura S.FOUL (P5.T4),4:08 PM
443,11,3,469,0020000179,MISS Delk Free Throw 1 of 2,,1:05,4,4,0,0,960,Tony Delk,PHX,Phoenix,1610612756.0,Suns,0,,,,,,0,,,,,,,,,4:08 PM
444,1,4,470,0020000179,SUNS Rebound,,1:05,4,2,0,0,1610612756,,,,,,0,,,,,,0,,,,,,,,,4:08 PM
445,12,3,471,0020000179,Delk Free Throw 2 of 2 (3 PTS),,1:05,4,4,0,0,960,Tony Delk,PHX,Phoenix,1610612756.0,Suns,0,,,,,,0,,,,,,68 - 72,4,,4:08 PM
446,1,2,472,0020000179,,,0:55,4,5,0,0,682,Bob Sura,GSW,Golden State,1610612744.0,Warriors,0,,,,,,0,,,,,,,,MISS Sura 25' 3PT Jump Shot,4:08 PM
447,0,4,473,0020000179,Robinson REBOUND (Off:1 Def:3),,0:54,4,4,0,0,361,Clifford Robinson,PHX,Phoenix,1610612756.0,Suns,0,,,,,,0,,,,,,,,,4:08 PM
448,1,1,474,0020000179,Marion 16' Jump Shot (19 PTS) (Kidd 13 AST),,0:36,4,4,4,0,1890,Shawn Marion,PHX,Phoenix,1610612756.0,Suns,467,Jason Kidd,PHX,Phoenix,1610612756.0,Suns,0,,,,,,68 - 74,6,,4:09 PM
449,1,9,475,0020000179,,,0:35,4,3,0,0,1610612744,,,,,,0,,,,,,0,,,,,,,,Warriors Timeout: Regular (Reg.6 Short 2),4:09 PM
450,0,8,477,0020000179,,,0:35,4,5,5,0,956,Erick Dampier,GSW,Golden State,1610612744.0,Warriors,302,Mookie Blaylock,GSW,Golden State,1610612744.0,Warriors,0,,,,,,,,SUB: Blaylock FOR Dampier,4:11 PM
451,0,8,478,0020000179,SUB: Gugliotta FOR Santiago,,0:35,4,4,4,0,2091,Daniel Santiago,PHX,Phoenix,1610612756.0,Suns,339,Tom Gugliotta,PHX,Phoenix,1610612756.0,Suns,0,,,,,,,,,4:11 PM
452,2,6,479,0020000179,Robinson S.FOUL (P5.T3),,0:32,4,4,0,1,361,Clifford Robinson,PHX,Phoenix,1610612756.0,Suns,0,,,,,,0,,,,,,,,,4:11 PM
453,11,3,480,0020000179,,,0:32,4,5,0,0,682,Bob Sura,GSW,Golden State,1610612744.0,Warriors,0,,,,,,0,,,,,,69 - 74,5,Sura Free Throw 1 of 2 (13 PTS),4:11 PM
454,0,8,481,0020000179,,,0:32,4,5,5,0,302,Mookie Blaylock,GSW,Golden State,1610612744.0,Warriors,1502,Adonal Foyle,GSW,Golden State,1610612744.0,Warriors,0,,,,,,,,SUB: Foyle FOR Blaylock,4:12 PM
455,12,3,482,0020000179,,,0:32,4,5,0,0,682,Bob Sura,GSW,Golden State,1610612744.0,Warriors,0,,,,,,0,,,,,,70 - 74,4,Sura Free Throw 2 of 2 (14 PTS),4:12 PM
456,1,6,483,0020000179,,,0:27,4,5,0,1,1716,Larry Hughes,GSW,Golden State,1610612744.0,Warriors,0,,,,,,0,,,,,,,,Hughes P.FOUL (P4.PN),4:12 PM
457,11,3,484,0020000179,Kidd Free Throw 1 of 2 (13 PTS),,0:27,4,4,0,0,467,Jason Kidd,PHX,Phoenix,1610612756.0,Suns,0,,,,,,0,,,,,,70 - 75,5,,4:12 PM
458,12,3,485,0020000179,Kidd Free Throw 2 of 2 (14 PTS),,0:27,4,4,0,0,467,Jason Kidd,PHX,Phoenix,1610612756.0,Suns,0,,,,,,0,,,,,,70 - 76,6,,4:13 PM
459,44,1,486,0020000179,,,0:20,4,5,0,0,682,Bob Sura,GSW,Golden State,1610612744.0,Warriors,0,,,,,,0,,,,,,72 - 76,4,Sura  Reverse Layup (16 PTS),4:13 PM
460,1,6,487,0020000179,,,0:19,4,5,0,1,168,Chris Mills,GSW,Golden State,1610612744.0,Warriors,0,,,,,,0,,,,,,,,Mills P.FOUL (P2.PN),4:13 PM
461,11,3,488,0020000179,Kidd Free Throw 1 of 2 (15 PTS),,0:19,4,4,0,0,467,Jason Kidd,PHX,Phoenix,1610612756.0,Suns,0,,,,,,0,,,,,,72 - 77,5,,4:13 PM
462,0,8,489,0020000179,,,0:19,4,5,5,0,1502,Adonal Foyle,GSW,Golden State,1610612744.0,Warriors,302,Mookie Blaylock,GSW,Golden State,1610612744.0,Warriors,0,,,,,,,,SUB: Blaylock FOR Foyle,4:14 PM
463,0,8,491,0020000179,SUB: Elie FOR Gugliotta,,0:19,4,4,4,0,339,Tom Gugliotta,PHX,Phoenix,1610612756.0,Suns,53,Mario Elie,PHX,Phoenix,1610612756.0,Suns,0,,,,,,,,,4:14 PM
464,12,3,492,0020000179,Kidd Free Throw 2 of 2 (16 PTS),,0:19,4,4,0,0,467,Jason Kidd,PHX,Phoenix,1610612756.0,Suns,0,,,,,,0,,,,,,72 - 78,6,,4:14 PM
465,5,2,493,0020000179,Robinson BLOCK (2 BLK),,0:11,4,5,0,4,682,Bob Sura,GSW,Golden State,1610612744.0,Warriors,0,,,,,,361,Clifford Robinson,PHX,Phoenix,1610612756.0,Suns,,,MISS Sura  Layup,4:14 PM
466,0,4,495,0020000179,,,0:07,4,5,0,0,1716,Larry Hughes,GSW,Golden State,1610612744.0,Warriors,0,,,,,,0,,,,,,,,Hughes REBOUND (Off:3 Def:8),4:14 PM
467,1,2,494,0020000179,,,0:07,4,5,0,0,1716,Larry Hughes,GSW,Golden State,1610612744.0,Warriors,0,,,,,,0,,,,,,,,MISS Hughes 25' 3PT Jump Shot,4:14 PM
468,0,4,496,0020000179,Kidd REBOUND (Off:0 Def:7),,0:06,4,4,0,0,467,Jason Kidd,PHX,Phoenix,1610612756.0,Suns,0,,,,,,0,,,,,,,,,4:14 PM
469,1,6,497,0020000179,,,0:05,4,5,0,1,168,Chris Mills,GSW,Golden State,1610612744.0,Warriors,0,,,,,,0,,,,,,,,Mills P.FOUL (P3.PN),4:14 PM
470,11,3,498,0020000179,Kidd Free Throw 1 of 2 (17 PTS),,0:05,4,4,0,0,467,Jason Kidd,PHX,Phoenix,1610612756.0,Suns,0,,,,,,0,,,,,,72 - 79,7,,4:15 PM
471,12,3,499,0020000179,Kidd Free Throw 2 of 2 (18 PTS),,0:05,4,4,0,0,467,Jason Kidd,PHX,Phoenix,1610612756.0,Suns,0,,,,,,0,,,,,,72 - 80,8,,4:15 PM
472,49,1,500,0020000179,,,0:00,4,5,0,0,1716,Larry Hughes,GSW,Golden State,1610612744.0,Warriors,0,,,,,,0,,,,,,74 - 80,6,Hughes  Driving Dunk (18 PTS),4:15 PM
473,0,13,501,0020000179,,,0:00,4,0,0,0,0,,,,,,0,,,,,,0,,,,,,74 - 80,6,,4:15 PM
