,EVENTMSGACTIONTYPE,EVENTMSGTYPE,EVENTNUM,GAME_ID,HOMEDESCRIPTION,NEUTRALDESCRIPTION,PCTIMESTRING,PERIOD,PERSON1TYPE,PERSON2TYPE,PERSON3TYPE,PLAYER1_ID,PLAYER1_NAME,PLAYER1_TEAM_ABBREVIATION,PLAYER1_TEAM_CITY,PLAYER1_TEAM_ID,PLAYER1_TEAM_NICKNAME,PLAYER2_ID,PLAYER2_NAME,PLAYER2_TEAM_ABBREVIATION,PLAYER2_TEAM_CITY,PLAYER2_TEAM_ID,PLAYER2_TEAM_NICKNAME,PLAYER3_ID,PLAYER3_NAME,PLAYER3_TEAM_ABBREVIATION,PLAYER3_TEAM_CITY,PLAYER3_TEAM_ID,PLAYER3_TEAM_NICKNAME,SCORE,SCOREMARGIN,VISITORDESCRIPTION,WCTIMESTRING
0,0,12,0,0020400528,,,12:00,1,0,0,0,0,,,,,,0,,,,,,0,,,,,,,,,11:45 PM
1,0,10,1,0020400528,Jump Ball Kaman vs. O'Neal: Tip to,,12:00,1,4,5,2,2549,Chris Kaman,LAC,Los Angeles,1610612746.0,Clippers,406,Shaquille O'Neal,MIA,Miami,1610612748.0,Heat,1610612746,,,,,,,,,11:45 PM
2,4,7,2,0020400528,,,12:00,1,5,0,1,406,Shaquille O'Neal,MIA,Miami,1610612748.0,Heat,0,,,,,,0,,,,,,,,O'Neal Violation:Jump Ball,11:45 PM
3,1,1,3,0020400528,Kaman 13' Jump Shot (2 PTS) (Simmons 1 AST),,11:43,1,4,4,0,2549,Chris Kaman,LAC,Los Angeles,1610612746.0,Clippers,2250,Bobby Simmons,LAC,Los Angeles,1610612746.0,Clippers,0,,,,,,0 - 2,2,,11:46 PM
4,42,2,4,0020400528,,,11:22,1,5,0,0,406,Shaquille O'Neal,MIA,Miami,1610612748.0,Heat,0,,,,,,0,,,,,,,,MISS O'Neal  Driving Layup,11:46 PM
5,0,4,5,0020400528,Kaman REBOUND (Off:0 Def:1),,11:19,1,4,0,0,2549,Chris Kaman,LAC,Los Angeles,1610612746.0,Clippers,0,,,,,,0,,,,,,,,,11:46 PM
6,63,2,6,0020400528,MISS Brand 12' Fadeaway Jumper,,11:08,1,4,0,0,1882,Elton Brand,LAC,Los Angeles,1610612746.0,Clippers,0,,,,,,0,,,,,,,,,11:47 PM
7,0,4,7,0020400528,,,11:04,1,5,0,0,2617,Udonis Haslem,MIA,Miami,1610612748.0,Heat,0,,,,,,0,,,,,,,,Haslem REBOUND (Off:0 Def:1),11:47 PM
8,2,6,8,0020400528,Simmons S.FOUL (P1.T1),,10:55,1,4,0,1,2250,Bobby Simmons,LAC,Los Angeles,1610612746.0,Clippers,0,,,,,,0,,,,,,,,,11:47 PM
9,11,3,9,0020400528,,,10:55,1,5,0,0,406,Shaquille O'Neal,MIA,Miami,1610612748.0,Heat,0,,,,,,0,,,,,,1 - 2,1,O'Neal Free Throw 1 of 2 (1 PTS),11:47 PM
10,12,3,10,0020400528,,,10:55,1,5,0,0,406,Shaquille O'Neal,MIA,Miami,1610612748.0,Heat,0,,,,,,0,,,,,,,,MISS O'Neal Free Throw 2 of 2,11:47 PM
11,0,4,11,0020400528,Kaman REBOUND (Off:0 Def:2),,10:54,1,4,0,0,2549,Chris Kaman,LAC,Los Angeles,1610612746.0,Clippers,0,,,,,,0,,,,,,,,,11:48 PM
12,1,2,12,0020400528,MISS Brunson 9' Jump Shot,,10:37,1,4,0,0,1594,Rick Brunson,LAC,Los Angeles,1610612746.0,Clippers,0,,,,,,0,,,,,,,,,11:48 PM
13,0,4,13,0020400528,,,10:35,1,5,0,0,406,Shaquille O'Neal,MIA,Miami,1610612748.0,Heat,0,,,,,,0,,,,,,,,O'Neal REBOUND (Off:0 Def:1),11:48 PM
14,1,2,14,0020400528,,,10:25,1,5,0,0,1800,Damon Jones,MIA,Miami,1610612748.0,Heat,0,,,,,,0,,,,,,,,MISS Jones 25' 3PT Jump Shot,11:48 PM
15,0,4,15,0020400528,Simmons REBOUND (Off:0 Def:1),,10:23,1,4,0,0,2250,Bobby Simmons,LAC,Los Angeles,1610612746.0,Clippers,0,,,,,,0,,,,,,,,,11:48 PM
16,1,1,16,0020400528,Simmons 16' Jump Shot (2 PTS) (Brunson 1 AST),,10:03,1,4,4,0,2250,Bobby Simmons,LAC,Los Angeles,1610612746.0,Clippers,1594,Rick Brunson,LAC,Los Angeles,1610612746.0,Clippers,0,,,,,,1 - 4,3,,11:48 PM
17,5,2,17,0020400528,,,9:42,1,5,0,0,406,Shaquille O'Neal,MIA,Miami,1610612748.0,Heat,0,,,,,,0,,,,,,,,MISS O'Neal  Layup,11:49 PM
18,0,4,18,0020400528,Maggette REBOUND (Off:0 Def:1),,9:41,1,4,0,0,1894,Corey Maggette,LAC,Los Angeles,1610612746.0,Clippers,0,,,,,,0,,,,,,,,,11:49 PM
19,1,2,19,0020400528,MISS Simmons 19' Jump Shot,,9:34,1,4,0,0,2250,Bobby Simmons,LAC,Los Angeles,1610612746.0,Clippers,0,,,,,,0,,,,,,,,,11:49 PM
20,0,4,20,0020400528,,,9:33,1,5,0,0,1800,Damon Jones,MIA,Miami,1610612748.0,Heat,0,,,,,,0,,,,,,,,Jones REBOUND (Off:0 Def:1),11:49 PM
21,1,1,21,0020400528,,,9:26,1,5,5,0,224,Eddie Jones,MIA,Miami,1610612748.0,Heat,1800,Damon Jones,MIA,Miami,1610612748.0,Heat,0,,,,,,4 - 4,TIE,Jones 27' 3PT Jump Shot (3 PTS) (Jones 1 AST),11:49 PM
22,1,2,22,0020400528,MISS Simmons 18' Jump Shot,,9:10,1,4,0,0,2250,Bobby Simmons,LAC,Los Angeles,1610612746.0,Clippers,0,,,,,,0,,,,,,,,,11:49 PM
23,0,4,23,0020400528,,,9:09,1,5,0,0,224,Eddie Jones,MIA,Miami,1610612748.0,Heat,0,,,,,,0,,,,,,,,Jones REBOUND (Off:0 Def:1),11:49 PM
24,5,2,24,0020400528,,,8:51,1,5,0,0,1000,Shandon Anderson,MIA,Miami,1610612748.0,Heat,0,,,,,,0,,,,,,,,MISS Anderson  Layup,11:50 PM
25,0,4,26,0020400528,,,8:50,1,5,0,0,406,Shaquille O'Neal,MIA,Miami,1610612748.0,Heat,0,,,,,,0,,,,,,,,O'Neal REBOUND (Off:1 Def:1),11:50 PM
26,4,2,25,0020400528,,,8:50,1,5,0,0,406,Shaquille O'Neal,MIA,Miami,1610612748.0,Heat,0,,,,,,0,,,,,,,,MISS O'Neal  Tip Shot,11:50 PM
27,0,4,27,0020400528,Kaman REBOUND (Off:0 Def:3),,8:48,1,4,0,0,2549,Chris Kaman,LAC,Los Angeles,1610612746.0,Clippers,0,,,,,,0,,,,,,,,,11:50 PM
28,8,1,28,0020400528,Brand  Slam Dunk (2 PTS) (Kaman 1 AST),,8:38,1,4,4,0,1882,Elton Brand,LAC,Los Angeles,1610612746.0,Clippers,2549,Chris Kaman,LAC,Los Angeles,1610612746.0,Clippers,0,,,,,,4 - 6,2,,11:50 PM
29,5,2,29,0020400528,,,8:24,1,5,0,0,224,Eddie Jones,MIA,Miami,1610612748.0,Heat,0,,,,,,0,,,,,,,,MISS Jones  Layup,11:50 PM
30,0,4,30,0020400528,Brand REBOUND (Off:0 Def:1),,8:23,1,4,0,0,1882,Elton Brand,LAC,Los Angeles,1610612746.0,Clippers,0,,,,,,0,,,,,,,,,11:50 PM
31,1,6,31,0020400528,,,8:18,1,5,0,1,2617,Udonis Haslem,MIA,Miami,1610612748.0,Heat,0,,,,,,0,,,,,,,,Haslem P.FOUL (P1.T1),11:50 PM
32,1,6,32,0020400528,,,8:12,1,5,0,1,224,Eddie Jones,MIA,Miami,1610612748.0,Heat,0,,,,,,0,,,,,,,,Jones P.FOUL (P1.T2),11:51 PM
33,1,2,34,0020400528,MISS Brand 16' Jump Shot,,8:02,1,4,0,0,1882,Elton Brand,LAC,Los Angeles,1610612746.0,Clippers,0,,,,,,0,,,,,,,,,11:51 PM
34,0,4,35,0020400528,,,8:00,1,5,0,0,224,Eddie Jones,MIA,Miami,1610612748.0,Heat,0,,,,,,0,,,,,,,,Jones REBOUND (Off:0 Def:2),11:51 PM
35,1,6,36,0020400528,Maggette P.FOUL (P1.T2),,7:47,1,4,0,1,1894,Corey Maggette,LAC,Los Angeles,1610612746.0,Clippers,0,,,,,,0,,,,,,,,,11:52 PM
36,1,1,37,0020400528,,,7:38,1,5,5,0,2617,Udonis Haslem,MIA,Miami,1610612748.0,Heat,1800,Damon Jones,MIA,Miami,1610612748.0,Heat,0,,,,,,6 - 6,TIE,Haslem 16' Jump Shot (2 PTS) (Jones 2 AST),11:52 PM
37,1,5,38,0020400528,Brunson Bad Pass Turnover (P1.T1),,7:24,1,4,0,0,1594,Rick Brunson,LAC,Los Angeles,1610612746.0,Clippers,0,,,,,,0,,,,,,,,,11:52 PM
38,49,1,39,0020400528,,,7:09,1,5,0,0,406,Shaquille O'Neal,MIA,Miami,1610612748.0,Heat,0,,,,,,0,,,,,,8 - 6,-2,O'Neal  Driving Dunk (3 PTS),11:53 PM
39,2,6,40,0020400528,Kaman S.FOUL (P1.T3),,7:09,1,4,0,1,2549,Chris Kaman,LAC,Los Angeles,1610612746.0,Clippers,0,,,,,,0,,,,,,,,,11:53 PM
40,10,3,41,0020400528,,,7:09,1,5,0,0,406,Shaquille O'Neal,MIA,Miami,1610612748.0,Heat,0,,,,,,0,,,,,,9 - 6,-3,O'Neal Free Throw 1 of 1 (4 PTS),11:53 PM
41,1,2,42,0020400528,MISS Maggette 12' Jump Shot,,6:58,1,4,0,0,1894,Corey Maggette,LAC,Los Angeles,1610612746.0,Clippers,0,,,,,,0,,,,,,,,,11:53 PM
42,0,4,43,0020400528,,,6:56,1,5,0,0,1800,Damon Jones,MIA,Miami,1610612748.0,Heat,0,,,,,,0,,,,,,,,Jones REBOUND (Off:0 Def:2),11:53 PM
43,5,2,44,0020400528,,,6:38,1,5,0,0,406,Shaquille O'Neal,MIA,Miami,1610612748.0,Heat,0,,,,,,0,,,,,,,,MISS O'Neal  Layup,11:54 PM
44,0,4,45,0020400528,Simmons REBOUND (Off:0 Def:2),,6:37,1,4,0,0,2250,Bobby Simmons,LAC,Los Angeles,1610612746.0,Clippers,0,,,,,,0,,,,,,,,,11:54 PM
45,4,5,46,0020400528,Simmons Traveling Turnover (P1.T2),,6:37,1,4,0,1,2250,Bobby Simmons,LAC,Los Angeles,1610612746.0,Clippers,0,,,,,,0,,,,,,,,,11:54 PM
46,1,5,47,0020400528,Simmons STEAL (1 STL),,6:31,1,5,4,0,1800,Damon Jones,MIA,Miami,1610612748.0,Heat,2250,Bobby Simmons,LAC,Los Angeles,1610612746.0,Clippers,0,,,,,,,,Jones Bad Pass Turnover (P1.T1),11:54 PM
47,1,6,48,0020400528,,,6:30,1,5,0,1,1000,Shandon Anderson,MIA,Miami,1610612748.0,Heat,0,,,,,,0,,,,,,,,Anderson P.FOUL (P1.T3),11:54 PM
48,2,6,49,0020400528,,,6:25,1,5,0,1,1000,Shandon Anderson,MIA,Miami,1610612748.0,Heat,0,,,,,,0,,,,,,,,Anderson S.FOUL (P2.T4),11:55 PM
49,11,3,50,0020400528,Maggette Free Throw 1 of 2 (1 PTS),,6:25,1,4,0,0,1894,Corey Maggette,LAC,Los Angeles,1610612746.0,Clippers,0,,,,,,0,,,,,,9 - 7,-2,,11:55 PM
50,0,8,51,0020400528,,,6:25,1,5,5,0,1000,Shandon Anderson,MIA,Miami,1610612748.0,Heat,2446,Rasual Butler,MIA,Miami,1610612748.0,Heat,0,,,,,,,,SUB: Butler FOR Anderson,11:55 PM
51,12,3,52,0020400528,Maggette Free Throw 2 of 2 (2 PTS),,6:25,1,4,0,0,1894,Corey Maggette,LAC,Los Angeles,1610612746.0,Clippers,0,,,,,,0,,,,,,9 - 8,-1,,11:55 PM
52,17,6,53,0020400528,CLIPPERS T.Foul (Def. 3 Sec Maggette ),,6:10,1,4,0,1,1894,Corey Maggette,LAC,Los Angeles,1610612746.0,Clippers,0,,,,,,0,,,,,,,,,11:56 PM
53,16,3,54,0020400528,,,6:10,1,5,0,0,224,Eddie Jones,MIA,Miami,1610612748.0,Heat,0,,,,,,0,,,,,,10 - 8,-2,Jones Free Throw Technical (4 PTS),11:56 PM
54,2,5,55,0020400528,Simmons STEAL (2 STL),,6:02,1,5,4,0,406,Shaquille O'Neal,MIA,Miami,1610612748.0,Heat,2250,Bobby Simmons,LAC,Los Angeles,1610612746.0,Clippers,0,,,,,,,,O'Neal Lost Ball Turnover (P1.T2),11:56 PM
55,5,2,56,0020400528,MISS Maggette  Layup,,5:52,1,4,0,0,1894,Corey Maggette,LAC,Los Angeles,1610612746.0,Clippers,0,,,,,,0,,,,,,,,,11:57 PM
56,0,4,58,0020400528,Maggette REBOUND (Off:1 Def:1),,5:51,1,4,0,0,1894,Corey Maggette,LAC,Los Angeles,1610612746.0,Clippers,0,,,,,,0,,,,,,,,,11:57 PM
57,4,2,57,0020400528,MISS Maggette  Tip Shot,,5:51,1,4,0,0,1894,Corey Maggette,LAC,Los Angeles,1610612746.0,Clippers,0,,,,,,0,,,,,,,,,11:57 PM
58,0,4,59,0020400528,Kaman REBOUND (Off:1 Def:3),,5:49,1,4,0,0,2549,Chris Kaman,LAC,Los Angeles,1610612746.0,Clippers,0,,,,,,0,,,,,,,,,11:57 PM
59,5,2,60,0020400528,MISS Kaman  Layup,,5:47,1,4,0,0,2549,Chris Kaman,LAC,Los Angeles,1610612746.0,Clippers,0,,,,,,0,,,,,,,,,11:57 PM
60,0,4,62,0020400528,Brand REBOUND (Off:1 Def:1),,5:45,1,4,0,0,1882,Elton Brand,LAC,Los Angeles,1610612746.0,Clippers,0,,,,,,0,,,,,,,,,11:57 PM
61,4,2,61,0020400528,MISS Brand  Tip Shot,,5:45,1,4,0,0,1882,Elton Brand,LAC,Los Angeles,1610612746.0,Clippers,0,,,,,,0,,,,,,,,,11:57 PM
62,0,4,63,0020400528,,,5:43,1,5,0,0,224,Eddie Jones,MIA,Miami,1610612748.0,Heat,0,,,,,,0,,,,,,,,Jones REBOUND (Off:0 Def:3),11:57 PM
63,1,2,64,0020400528,,,5:39,1,5,0,0,1800,Damon Jones,MIA,Miami,1610612748.0,Heat,0,,,,,,0,,,,,,,,MISS Jones 27' 3PT Jump Shot,11:57 PM
64,0,4,65,0020400528,,,5:39,1,5,0,0,2617,Udonis Haslem,MIA,Miami,1610612748.0,Heat,0,,,,,,0,,,,,,,,Haslem REBOUND (Off:1 Def:1),11:57 PM
65,1,6,66,0020400528,Kaman P.FOUL (P2.T4),,5:39,1,4,0,1,2549,Chris Kaman,LAC,Los Angeles,1610612746.0,Clippers,0,,,,,,0,,,,,,,,,11:57 PM
66,1,9,67,0020400528,CLIPPERS Timeout: Regular (Full 1 Short 0),,5:39,1,2,0,0,1610612746,,,,,,0,,,,,,0,,,,,,,,,11:57 PM
67,0,8,69,0020400528,SUB: Rebraca FOR Kaman,,5:39,1,4,4,0,2549,Chris Kaman,LAC,Los Angeles,1610612746.0,Clippers,1442,Zeljko Rebraca,LAC,Los Angeles,1610612746.0,Clippers,0,,,,,,,,,11:59 PM
68,11,3,70,0020400528,,,5:39,1,5,0,0,2617,Udonis Haslem,MIA,Miami,1610612748.0,Heat,0,,,,,,0,,,,,,11 - 8,-3,Haslem Free Throw 1 of 2 (3 PTS),12:00 PM
69,12,3,71,0020400528,,,5:39,1,5,0,0,2617,Udonis Haslem,MIA,Miami,1610612748.0,Heat,0,,,,,,0,,,,,,12 - 8,-4,Haslem Free Throw 2 of 2 (4 PTS),12:00 PM
70,1,2,72,0020400528,MISS Simmons 20' Jump Shot,,5:23,1,4,0,0,2250,Bobby Simmons,LAC,Los Angeles,1610612746.0,Clippers,0,,,,,,0,,,,,,,,,12:00 PM
71,0,4,73,0020400528,,,5:21,1,5,0,0,2617,Udonis Haslem,MIA,Miami,1610612748.0,Heat,0,,,,,,0,,,,,,,,Haslem REBOUND (Off:1 Def:2),12:00 PM
72,2,6,74,0020400528,Brand S.FOUL (P1.PN),,5:06,1,4,0,1,1882,Elton Brand,LAC,Los Angeles,1610612746.0,Clippers,0,,,,,,0,,,,,,,,,12:01 PM
73,11,3,75,0020400528,,,5:06,1,5,0,0,2617,Udonis Haslem,MIA,Miami,1610612748.0,Heat,0,,,,,,0,,,,,,13 - 8,-5,Haslem Free Throw 1 of 2 (5 PTS),12:01 PM
74,12,3,76,0020400528,,,5:06,1,5,0,0,2617,Udonis Haslem,MIA,Miami,1610612748.0,Heat,0,,,,,,0,,,,,,14 - 8,-6,Haslem Free Throw 2 of 2 (6 PTS),12:01 PM
75,1,6,77,0020400528,,,4:53,1,5,0,1,406,Shaquille O'Neal,MIA,Miami,1610612748.0,Heat,0,,,,,,0,,,,,,,,O'Neal P.FOUL (P1.PN),12:02 PM
76,11,3,78,0020400528,Maggette Free Throw 1 of 2 (3 PTS),,4:53,1,4,0,0,1894,Corey Maggette,LAC,Los Angeles,1610612746.0,Clippers,0,,,,,,0,,,,,,14 - 9,-5,,12:02 PM
77,12,3,79,0020400528,Maggette Free Throw 2 of 2 (4 PTS),,4:53,1,4,0,0,1894,Corey Maggette,LAC,Los Angeles,1610612746.0,Clippers,0,,,,,,0,,,,,,14 - 10,-4,,12:02 PM
78,5,1,80,0020400528,,,4:38,1,5,5,0,2617,Udonis Haslem,MIA,Miami,1610612748.0,Heat,406,Shaquille O'Neal,MIA,Miami,1610612748.0,Heat,0,,,,,,16 - 10,-6,Haslem  Layup (8 PTS) (O'Neal 1 AST),12:03 PM
79,1,2,81,0020400528,MISS Maggette 18' Jump Shot,,4:27,1,4,0,0,1894,Corey Maggette,LAC,Los Angeles,1610612746.0,Clippers,0,,,,,,0,,,,,,,,,12:03 PM
80,0,4,82,0020400528,,,4:24,1,5,0,0,1800,Damon Jones,MIA,Miami,1610612748.0,Heat,0,,,,,,0,,,,,,,,Jones REBOUND (Off:0 Def:3),12:03 PM
81,1,1,83,0020400528,,,4:19,1,5,5,0,224,Eddie Jones,MIA,Miami,1610612748.0,Heat,1800,Damon Jones,MIA,Miami,1610612748.0,Heat,0,,,,,,19 - 10,-9,Jones 27' 3PT Jump Shot (7 PTS) (Jones 3 AST),12:03 PM
82,1,6,84,0020400528,,,4:07,1,5,0,1,2446,Rasual Butler,MIA,Miami,1610612748.0,Heat,0,,,,,,0,,,,,,,,Butler P.FOUL (P1.PN),12:03 PM
83,11,3,85,0020400528,MISS Maggette Free Throw 1 of 2,,4:07,1,4,0,0,1894,Corey Maggette,LAC,Los Angeles,1610612746.0,Clippers,0,,,,,,0,,,,,,,,,12:03 PM
84,1,4,86,0020400528,CLIPPERS Rebound,,4:07,1,2,0,0,1610612746,,,,,,0,,,,,,0,,,,,,,,,12:03 PM
85,0,8,87,0020400528,SUB: Kittles FOR Simmons,,4:07,1,4,4,0,2250,Bobby Simmons,LAC,Los Angeles,1610612746.0,Clippers,954,Kerry Kittles,LAC,Los Angeles,1610612746.0,Clippers,0,,,,,,,,,12:04 PM
86,12,3,88,0020400528,MISS Maggette Free Throw 2 of 2,,4:07,1,4,0,0,1894,Corey Maggette,LAC,Los Angeles,1610612746.0,Clippers,0,,,,,,0,,,,,,,,,12:04 PM
87,0,4,89,0020400528,,,4:06,1,5,0,0,406,Shaquille O'Neal,MIA,Miami,1610612748.0,Heat,0,,,,,,0,,,,,,,,O'Neal REBOUND (Off:1 Def:2),12:04 PM
88,1,1,90,0020400528,,,3:48,1,5,5,0,2446,Rasual Butler,MIA,Miami,1610612748.0,Heat,406,Shaquille O'Neal,MIA,Miami,1610612748.0,Heat,0,,,,,,21 - 10,-11,Butler 18' Jump Shot (2 PTS) (O'Neal 2 AST),12:04 PM
89,1,2,91,0020400528,MISS Brunson 18' Jump Shot,,3:37,1,4,0,0,1594,Rick Brunson,LAC,Los Angeles,1610612746.0,Clippers,0,,,,,,0,,,,,,,,,12:04 PM
90,0,4,92,0020400528,,,3:35,1,5,0,0,224,Eddie Jones,MIA,Miami,1610612748.0,Heat,0,,,,,,0,,,,,,,,Jones REBOUND (Off:0 Def:4),12:04 PM
91,44,1,93,0020400528,,,3:29,1,5,5,0,224,Eddie Jones,MIA,Miami,1610612748.0,Heat,1800,Damon Jones,MIA,Miami,1610612748.0,Heat,0,,,,,,23 - 10,-13,Jones  Reverse Layup (9 PTS) (Jones 4 AST),12:05 PM
92,1,1,94,0020400528,Maggette 12' Jump Shot (6 PTS),,3:18,1,4,0,0,1894,Corey Maggette,LAC,Los Angeles,1610612746.0,Clippers,0,,,,,,0,,,,,,23 - 12,-11,,12:05 PM
93,1,6,95,0020400528,Rebraca P.FOUL (P1.PN),,2:59,1,4,0,1,1442,Zeljko Rebraca,LAC,Los Angeles,1610612746.0,Clippers,0,,,,,,0,,,,,,,,,12:05 PM
94,1,9,96,0020400528,,,2:59,1,3,0,0,1610612748,,,,,,0,,,,,,0,,,,,,,,Heat Timeout: Regular (Reg.1 Short 0),12:05 PM
95,11,3,98,0020400528,,,2:59,1,5,0,0,406,Shaquille O'Neal,MIA,Miami,1610612748.0,Heat,0,,,,,,0,,,,,,24 - 12,-12,O'Neal Free Throw 1 of 2 (5 PTS),12:08 PM
96,12,3,99,0020400528,,,2:59,1,5,0,0,406,Shaquille O'Neal,MIA,Miami,1610612748.0,Heat,0,,,,,,0,,,,,,25 - 12,-13,O'Neal Free Throw 2 of 2 (6 PTS),12:08 PM
97,1,1,100,0020400528,Maggette 22' Jump Shot (8 PTS) (Brand 1 AST),,2:43,1,4,4,0,1894,Corey Maggette,LAC,Los Angeles,1610612746.0,Clippers,1882,Elton Brand,LAC,Los Angeles,1610612746.0,Clippers,0,,,,,,25 - 14,-11,,12:08 PM
98,1,1,101,0020400528,,,2:20,1,5,5,0,2446,Rasual Butler,MIA,Miami,1610612748.0,Heat,1800,Damon Jones,MIA,Miami,1610612748.0,Heat,0,,,,,,28 - 14,-14,Butler 27' 3PT Jump Shot (5 PTS) (Jones 5 AST),12:09 PM
99,1,5,102,0020400528,Brunson Bad Pass Turnover (P2.T3),,2:05,1,4,0,0,1594,Rick Brunson,LAC,Los Angeles,1610612746.0,Clippers,0,,,,,,0,,,,,,,,,12:09 PM
100,1,2,103,0020400528,,,1:39,1,5,0,0,1800,Damon Jones,MIA,Miami,1610612748.0,Heat,0,,,,,,0,,,,,,,,MISS Jones 27' 3PT Jump Shot,12:09 PM
101,0,4,104,0020400528,,,1:37,1,5,0,0,406,Shaquille O'Neal,MIA,Miami,1610612748.0,Heat,0,,,,,,0,,,,,,,,O'Neal REBOUND (Off:2 Def:2),12:09 PM
102,8,1,105,0020400528,,,1:36,1,5,0,0,406,Shaquille O'Neal,MIA,Miami,1610612748.0,Heat,0,,,,,,0,,,,,,30 - 14,-16,O'Neal  Slam Dunk (8 PTS),12:09 PM
103,1,1,106,0020400528,Brunson 19' Jump Shot (2 PTS) (Brand 2 AST),,1:14,1,4,4,0,1594,Rick Brunson,LAC,Los Angeles,1610612746.0,Clippers,1882,Elton Brand,LAC,Los Angeles,1610612746.0,Clippers,0,,,,,,30 - 16,-14,,12:10 PM
104,1,2,107,0020400528,,,0:51,1,5,0,0,224,Eddie Jones,MIA,Miami,1610612748.0,Heat,0,,,,,,0,,,,,,,,MISS Jones 24' 3PT Jump Shot,12:10 PM
105,0,4,108,0020400528,,,0:49,1,5,0,0,2617,Udonis Haslem,MIA,Miami,1610612748.0,Heat,0,,,,,,0,,,,,,,,Haslem REBOUND (Off:2 Def:2),12:10 PM
106,5,2,109,0020400528,Brand BLOCK (1 BLK),,0:48,1,5,0,4,2617,Udonis Haslem,MIA,Miami,1610612748.0,Heat,0,,,,,,1882,Elton Brand,LAC,Los Angeles,1610612746.0,Clippers,,,MISS Haslem  Layup,12:10 PM
107,0,4,110,0020400528,Maggette REBOUND (Off:1 Def:2),,0:47,1,4,0,0,1894,Corey Maggette,LAC,Los Angeles,1610612746.0,Clippers,0,,,,,,0,,,,,,,,,12:11 PM
108,1,1,111,0020400528,Kittles 28' 3PT Jump Shot (3 PTS) (Maggette 1 AST),,0:42,1,4,4,0,954,Kerry Kittles,LAC,Los Angeles,1610612746.0,Clippers,1894,Corey Maggette,LAC,Los Angeles,1610612746.0,Clippers,0,,,,,,30 - 19,-11,,12:11 PM
109,1,2,112,0020400528,,,0:19,1,5,0,0,2446,Rasual Butler,MIA,Miami,1610612748.0,Heat,0,,,,,,0,,,,,,,,MISS Butler 13' Jump Shot,12:11 PM
110,0,4,113,0020400528,,,0:18,1,5,0,0,406,Shaquille O'Neal,MIA,Miami,1610612748.0,Heat,0,,,,,,0,,,,,,,,O'Neal REBOUND (Off:3 Def:2),12:11 PM
111,2,6,114,0020400528,Rebraca S.FOUL (P2.PN),,0:16,1,4,0,1,1442,Zeljko Rebraca,LAC,Los Angeles,1610612746.0,Clippers,0,,,,,,0,,,,,,,,,12:11 PM
112,11,3,115,0020400528,,,0:16,1,5,0,0,406,Shaquille O'Neal,MIA,Miami,1610612748.0,Heat,0,,,,,,0,,,,,,31 - 19,-12,O'Neal Free Throw 1 of 2 (9 PTS),12:12 PM
113,0,8,117,0020400528,SUB: Simmons FOR Rebraca,,0:16,1,4,4,0,1442,Zeljko Rebraca,LAC,Los Angeles,1610612746.0,Clippers,2250,Bobby Simmons,LAC,Los Angeles,1610612746.0,Clippers,0,,,,,,,,,12:12 PM
114,12,3,118,0020400528,,,0:16,1,5,0,0,406,Shaquille O'Neal,MIA,Miami,1610612748.0,Heat,0,,,,,,0,,,,,,,,MISS O'Neal Free Throw 2 of 2,12:12 PM
115,0,4,119,0020400528,Maggette REBOUND (Off:1 Def:3),,0:14,1,4,0,0,1894,Corey Maggette,LAC,Los Angeles,1610612746.0,Clippers,0,,,,,,0,,,,,,,,,12:12 PM
116,1,1,120,0020400528,Brand 8' Jump Shot (4 PTS) (Brunson 2 AST),,0:00,1,4,4,0,1882,Elton Brand,LAC,Los Angeles,1610612746.0,Clippers,1594,Rick Brunson,LAC,Los Angeles,1610612746.0,Clippers,0,,,,,,31 - 21,-10,,12:13 PM
117,0,18,123,0020400528,,,0:00,1,0,0,1,0,,,,,,0,,,,,,0,,,,,,31 - 21,-10,,12:13 PM
118,0,13,124,0020400528,,,0:00,1,0,0,0,0,,,,,,0,,,,,,0,,,,,,31 - 21,-10,,12:14 PM
119,0,12,126,0020400528,,,12:00,2,0,0,0,0,,,,,,0,,,,,,0,,,,,,31 - 21,-10,,12:16 PM
120,5,2,127,0020400528,,,11:47,2,5,0,0,224,Eddie Jones,MIA,Miami,1610612748.0,Heat,0,,,,,,0,,,,,,,,MISS Jones  Layup,12:16 PM
121,0,4,128,0020400528,Rebraca REBOUND (Off:0 Def:1),,11:46,2,4,0,0,1442,Zeljko Rebraca,LAC,Los Angeles,1610612746.0,Clippers,0,,,,,,0,,,,,,,,,12:16 PM
122,1,1,129,0020400528,Maggette 22' Jump Shot (10 PTS) (Moore 1 AST),,11:29,2,4,4,0,1894,Corey Maggette,LAC,Los Angeles,1610612746.0,Clippers,1630,Mikki Moore,LAC,Los Angeles,1610612746.0,Clippers,0,,,,,,31 - 23,-8,,12:17 PM
123,2,6,130,0020400528,Maggette S.FOUL (P2.T1),,11:15,2,4,0,1,1894,Corey Maggette,LAC,Los Angeles,1610612746.0,Clippers,0,,,,,,0,,,,,,,,,12:17 PM
124,11,3,131,0020400528,,,11:15,2,5,0,0,2617,Udonis Haslem,MIA,Miami,1610612748.0,Heat,0,,,,,,0,,,,,,32 - 23,-9,Haslem Free Throw 1 of 2 (9 PTS),12:17 PM
125,0,8,132,0020400528,SUB: Simmons FOR Maggette,,11:15,2,4,4,0,1894,Corey Maggette,LAC,Los Angeles,1610612746.0,Clippers,2250,Bobby Simmons,LAC,Los Angeles,1610612746.0,Clippers,0,,,,,,,,,12:18 PM
126,12,3,133,0020400528,,,11:15,2,5,0,0,2617,Udonis Haslem,MIA,Miami,1610612748.0,Heat,0,,,,,,0,,,,,,33 - 23,-10,Haslem Free Throw 2 of 2 (10 PTS),12:18 PM
127,3,1,134,0020400528,Moore 5' Hook Shot (2 PTS) (Simmons 2 AST),,10:53,2,4,4,0,1630,Mikki Moore,LAC,Los Angeles,1610612746.0,Clippers,2250,Bobby Simmons,LAC,Los Angeles,1610612746.0,Clippers,0,,,,,,33 - 25,-8,,12:18 PM
128,2,6,135,0020400528,Martin S.FOUL (P1.T2),,10:40,2,4,0,1,239,Darrick Martin,LAC,Los Angeles,1610612746.0,Clippers,0,,,,,,0,,,,,,,,,12:19 PM
129,0,8,136,0020400528,,,10:40,2,5,5,0,224,Eddie Jones,MIA,Miami,1610612748.0,Heat,445,Wesley Person,MIA,Miami,1610612748.0,Heat,0,,,,,,,,SUB: Person FOR Jones,12:19 PM
130,11,3,137,0020400528,,,10:40,2,5,0,0,2039,Keyon Dooling,MIA,Miami,1610612748.0,Heat,0,,,,,,0,,,,,,,,MISS Dooling Free Throw 1 of 2,12:19 PM
131,1,4,138,0020400528,,,10:40,2,3,0,0,1610612748,,,,,,0,,,,,,0,,,,,,,,Heat Rebound,12:19 PM
132,12,3,139,0020400528,,,10:40,2,5,0,0,2039,Keyon Dooling,MIA,Miami,1610612748.0,Heat,0,,,,,,0,,,,,,,,MISS Dooling Free Throw 2 of 2,12:19 PM
133,0,4,140,0020400528,Moore REBOUND (Off:0 Def:1),,10:36,2,4,0,0,1630,Mikki Moore,LAC,Los Angeles,1610612746.0,Clippers,0,,,,,,0,,,,,,,,,12:19 PM
134,1,6,141,0020400528,,,10:29,2,5,0,1,2446,Rasual Butler,MIA,Miami,1610612748.0,Heat,0,,,,,,0,,,,,,,,Butler P.FOUL (P2.T1),12:19 PM
135,1,1,142,0020400528,Martin 6' Jump Shot (2 PTS) (Simmons 3 AST),,10:19,2,4,4,0,239,Darrick Martin,LAC,Los Angeles,1610612746.0,Clippers,2250,Bobby Simmons,LAC,Los Angeles,1610612746.0,Clippers,0,,,,,,33 - 27,-6,,12:20 PM
136,1,2,143,0020400528,,,10:07,2,5,0,0,2446,Rasual Butler,MIA,Miami,1610612748.0,Heat,0,,,,,,0,,,,,,,,MISS Butler 9' Jump Shot,12:20 PM
137,0,4,144,0020400528,Simmons REBOUND (Off:0 Def:3),,10:05,2,4,0,0,2250,Bobby Simmons,LAC,Los Angeles,1610612746.0,Clippers,0,,,,,,0,,,,,,,,,12:20 PM
138,1,2,145,0020400528,MISS Kittles 21' Jump Shot,,9:58,2,4,0,0,954,Kerry Kittles,LAC,Los Angeles,1610612746.0,Clippers,0,,,,,,0,,,,,,,,,12:20 PM
139,0,4,146,0020400528,Rebraca REBOUND (Off:1 Def:1),,9:57,2,4,0,0,1442,Zeljko Rebraca,LAC,Los Angeles,1610612746.0,Clippers,0,,,,,,0,,,,,,,,,12:20 PM
140,65,1,147,0020400528,Rebraca 6' Jump Hook Shot (2 PTS),,9:54,2,4,0,0,1442,Zeljko Rebraca,LAC,Los Angeles,1610612746.0,Clippers,0,,,,,,0,,,,,,33 - 29,-4,,12:20 PM
141,1,1,148,0020400528,,,9:40,2,5,0,0,445,Wesley Person,MIA,Miami,1610612748.0,Heat,0,,,,,,0,,,,,,35 - 29,-6,Person 19' Jump Shot (2 PTS),12:21 PM
142,1,2,149,0020400528,MISS Moore 19' Jump Shot,,9:23,2,4,0,0,1630,Mikki Moore,LAC,Los Angeles,1610612746.0,Clippers,0,,,,,,0,,,,,,,,,12:21 PM
143,0,4,150,0020400528,,,9:22,2,5,0,0,445,Wesley Person,MIA,Miami,1610612748.0,Heat,0,,,,,,0,,,,,,,,Person REBOUND (Off:0 Def:1),12:21 PM
144,1,2,151,0020400528,,,9:05,2,5,0,0,445,Wesley Person,MIA,Miami,1610612748.0,Heat,0,,,,,,0,,,,,,,,MISS Person 14' Jump Shot,12:21 PM
145,0,4,152,0020400528,Kittles REBOUND (Off:0 Def:1),,9:03,2,4,0,0,954,Kerry Kittles,LAC,Los Angeles,1610612746.0,Clippers,0,,,,,,0,,,,,,,,,12:21 PM
146,2,6,153,0020400528,,,8:54,2,5,0,1,2039,Keyon Dooling,MIA,Miami,1610612748.0,Heat,0,,,,,,0,,,,,,,,Dooling S.FOUL (P1.T2),12:21 PM
147,4,9,154,0020400528,,,8:54,2,1,0,0,0,,,,,,0,,,,,,0,,,,,,,,,12:21 PM
148,0,8,156,0020400528,,,8:54,2,5,5,0,2617,Udonis Haslem,MIA,Miami,1610612748.0,Heat,363,Christian Laettner,MIA,Miami,1610612748.0,Heat,0,,,,,,,,SUB: Laettner FOR Haslem,12:24 PM
149,11,3,157,0020400528,Kittles Free Throw 1 of 2 (4 PTS),,8:54,2,4,0,0,954,Kerry Kittles,LAC,Los Angeles,1610612746.0,Clippers,0,,,,,,0,,,,,,35 - 30,-5,,12:24 PM
150,12,3,158,0020400528,MISS Kittles Free Throw 2 of 2,,8:54,2,4,0,0,954,Kerry Kittles,LAC,Los Angeles,1610612746.0,Clippers,0,,,,,,0,,,,,,,,,12:24 PM
151,0,4,159,0020400528,,,8:52,2,5,0,0,1720,Michael Doleac,MIA,Miami,1610612748.0,Heat,0,,,,,,0,,,,,,,,Doleac REBOUND (Off:0 Def:1),12:24 PM
152,1,6,160,0020400528,Rebraca P.FOUL (P3.T3),,8:44,2,4,0,1,1442,Zeljko Rebraca,LAC,Los Angeles,1610612746.0,Clippers,0,,,,,,0,,,,,,,,,12:24 PM
153,0,8,161,0020400528,SUB: Brand FOR Rebraca,,8:44,2,4,4,0,1442,Zeljko Rebraca,LAC,Los Angeles,1610612746.0,Clippers,1882,Elton Brand,LAC,Los Angeles,1610612746.0,Clippers,0,,,,,,,,,12:25 PM
154,1,1,162,0020400528,,,8:35,2,5,5,0,2446,Rasual Butler,MIA,Miami,1610612748.0,Heat,2039,Keyon Dooling,MIA,Miami,1610612748.0,Heat,0,,,,,,37 - 30,-7,Butler 17' Jump Shot (7 PTS) (Dooling 1 AST),12:25 PM
155,1,2,163,0020400528,MISS Kittles 17' Jump Shot,,8:18,2,4,0,0,954,Kerry Kittles,LAC,Los Angeles,1610612746.0,Clippers,0,,,,,,0,,,,,,,,,12:25 PM
156,0,4,164,0020400528,,,8:16,2,5,0,0,1720,Michael Doleac,MIA,Miami,1610612748.0,Heat,0,,,,,,0,,,,,,,,Doleac REBOUND (Off:0 Def:2),12:25 PM
157,1,2,165,0020400528,,,7:59,2,5,0,0,2039,Keyon Dooling,MIA,Miami,1610612748.0,Heat,0,,,,,,0,,,,,,,,MISS Dooling 14' Jump Shot,12:26 PM
158,0,4,166,0020400528,,,7:58,2,5,0,0,2446,Rasual Butler,MIA,Miami,1610612748.0,Heat,0,,,,,,0,,,,,,,,Butler REBOUND (Off:1 Def:0),12:26 PM
159,1,2,167,0020400528,Brand BLOCK (2 BLK),,7:43,2,5,0,4,1720,Michael Doleac,MIA,Miami,1610612748.0,Heat,0,,,,,,1882,Elton Brand,LAC,Los Angeles,1610612746.0,Clippers,,,MISS Doleac 14' Jump Shot,12:26 PM
160,0,4,168,0020400528,Kittles REBOUND (Off:0 Def:2),,7:41,2,4,0,0,954,Kerry Kittles,LAC,Los Angeles,1610612746.0,Clippers,0,,,,,,0,,,,,,,,,12:26 PM
161,1,1,169,0020400528,Martin 25' 3PT Jump Shot (5 PTS),,7:25,2,4,0,0,239,Darrick Martin,LAC,Los Angeles,1610612746.0,Clippers,0,,,,,,0,,,,,,37 - 33,-4,,12:26 PM
162,1,2,170,0020400528,,,7:07,2,5,0,0,445,Wesley Person,MIA,Miami,1610612748.0,Heat,0,,,,,,0,,,,,,,,MISS Person 20' Jump Shot,12:26 PM
163,0,4,171,0020400528,Kittles REBOUND (Off:0 Def:3),,7:06,2,4,0,0,954,Kerry Kittles,LAC,Los Angeles,1610612746.0,Clippers,0,,,,,,0,,,,,,,,,12:26 PM
164,65,1,172,0020400528,Brand 8' Jump Hook Shot (6 PTS) (Martin 1 AST),,6:59,2,4,4,0,1882,Elton Brand,LAC,Los Angeles,1610612746.0,Clippers,239,Darrick Martin,LAC,Los Angeles,1610612746.0,Clippers,0,,,,,,37 - 35,-2,,12:27 PM
165,1,6,173,0020400528,Kittles P.FOUL (P1.T4),,6:53,2,4,0,1,954,Kerry Kittles,LAC,Los Angeles,1610612746.0,Clippers,0,,,,,,0,,,,,,,,,12:27 PM
166,1,9,174,0020400528,,,6:53,2,3,0,0,1610612748,,,,,,0,,,,,,0,,,,,,,,Heat Timeout: Regular (Reg.2 Short 0),12:27 PM
167,0,8,176,0020400528,,,6:53,2,5,5,0,2446,Rasual Butler,MIA,Miami,1610612748.0,Heat,1000,Shandon Anderson,MIA,Miami,1610612748.0,Heat,0,,,,,,,,SUB: Anderson FOR Butler,12:29 PM
168,0,8,177,0020400528,,,6:53,2,5,5,0,1720,Michael Doleac,MIA,Miami,1610612748.0,Heat,406,Shaquille O'Neal,MIA,Miami,1610612748.0,Heat,0,,,,,,,,SUB: O'Neal FOR Doleac,12:29 PM
169,0,8,178,0020400528,,,6:53,2,5,5,0,2039,Keyon Dooling,MIA,Miami,1610612748.0,Heat,1800,Damon Jones,MIA,Miami,1610612748.0,Heat,0,,,,,,,,SUB: Jones FOR Dooling,12:29 PM
170,5,2,179,0020400528,,,6:36,2,5,0,0,1000,Shandon Anderson,MIA,Miami,1610612748.0,Heat,0,,,,,,0,,,,,,,,MISS Anderson  Layup,12:30 PM
171,0,4,180,0020400528,,,6:35,2,5,0,0,406,Shaquille O'Neal,MIA,Miami,1610612748.0,Heat,0,,,,,,0,,,,,,,,O'Neal REBOUND (Off:4 Def:2),12:30 PM
172,2,6,181,0020400528,Simmons S.FOUL (P2.PN),,6:35,2,4,0,1,2250,Bobby Simmons,LAC,Los Angeles,1610612746.0,Clippers,0,,,,,,0,,,,,,,,,12:30 PM
173,11,3,182,0020400528,,,6:35,2,5,0,0,406,Shaquille O'Neal,MIA,Miami,1610612748.0,Heat,0,,,,,,0,,,,,,,,MISS O'Neal Free Throw 1 of 2,12:30 PM
174,1,4,183,0020400528,,,6:35,2,3,0,0,1610612748,,,,,,0,,,,,,0,,,,,,,,Heat Rebound,12:30 PM
175,12,3,184,0020400528,,,6:35,2,5,0,0,406,Shaquille O'Neal,MIA,Miami,1610612748.0,Heat,0,,,,,,0,,,,,,38 - 35,-3,O'Neal Free Throw 2 of 2 (10 PTS),12:30 PM
176,1,2,185,0020400528,MISS Moore 16' Jump Shot,,6:22,2,4,0,0,1630,Mikki Moore,LAC,Los Angeles,1610612746.0,Clippers,0,,,,,,0,,,,,,,,,12:31 PM
177,0,4,186,0020400528,Brand REBOUND (Off:2 Def:1),,6:20,2,4,0,0,1882,Elton Brand,LAC,Los Angeles,1610612746.0,Clippers,0,,,,,,0,,,,,,,,,12:31 PM
178,5,2,187,0020400528,MISS Martin  Layup,,6:12,2,4,0,0,239,Darrick Martin,LAC,Los Angeles,1610612746.0,Clippers,0,,,,,,0,,,,,,,,,12:31 PM
179,0,4,188,0020400528,,,6:11,2,5,0,0,363,Christian Laettner,MIA,Miami,1610612748.0,Heat,0,,,,,,0,,,,,,,,Laettner REBOUND (Off:0 Def:1),12:31 PM
180,1,6,189,0020400528,Moore P.FOUL (P1.PN),,6:05,2,4,0,1,1630,Mikki Moore,LAC,Los Angeles,1610612746.0,Clippers,0,,,,,,0,,,,,,,,,12:31 PM
181,0,8,190,0020400528,SUB: Kaman FOR Moore,,6:05,2,4,4,0,1630,Mikki Moore,LAC,Los Angeles,1610612746.0,Clippers,2549,Chris Kaman,LAC,Los Angeles,1610612746.0,Clippers,0,,,,,,,,,12:31 PM
182,11,3,191,0020400528,,,6:05,2,5,0,0,406,Shaquille O'Neal,MIA,Miami,1610612748.0,Heat,0,,,,,,0,,,,,,,,MISS O'Neal Free Throw 1 of 2,12:32 PM
183,1,4,192,0020400528,,,6:05,2,3,0,0,1610612748,,,,,,0,,,,,,0,,,,,,,,Heat Rebound,12:32 PM
184,12,3,193,0020400528,,,6:05,2,5,0,0,406,Shaquille O'Neal,MIA,Miami,1610612748.0,Heat,0,,,,,,0,,,,,,,,MISS O'Neal Free Throw 2 of 2,12:32 PM
185,0,4,195,0020400528,,,6:02,2,5,0,0,1000,Shandon Anderson,MIA,Miami,1610612748.0,Heat,0,,,,,,0,,,,,,,,Anderson REBOUND (Off:1 Def:0),12:32 PM
186,4,1,194,0020400528,,,6:02,2,5,0,0,1000,Shandon Anderson,MIA,Miami,1610612748.0,Heat,0,,,,,,0,,,,,,40 - 35,-5,Anderson  Tip Shot (2 PTS),12:32 PM
187,1,1,196,0020400528,Simmons 16' Jump Shot (4 PTS) (Martin 2 AST),,5:41,2,4,4,0,2250,Bobby Simmons,LAC,Los Angeles,1610612746.0,Clippers,239,Darrick Martin,LAC,Los Angeles,1610612746.0,Clippers,0,,,,,,40 - 37,-3,,12:33 PM
188,1,2,197,0020400528,,,5:22,2,5,0,0,1800,Damon Jones,MIA,Miami,1610612748.0,Heat,0,,,,,,0,,,,,,,,MISS Jones 26' 3PT Jump Shot,12:33 PM
189,0,4,198,0020400528,Simmons REBOUND (Off:0 Def:4),,5:20,2,4,0,0,2250,Bobby Simmons,LAC,Los Angeles,1610612746.0,Clippers,0,,,,,,0,,,,,,,,,12:33 PM
190,1,6,199,0020400528,,,5:12,2,5,0,1,363,Christian Laettner,MIA,Miami,1610612748.0,Heat,0,,,,,,0,,,,,,,,Laettner P.FOUL (P1.T3),12:33 PM
191,0,8,200,0020400528,,,5:12,2,5,5,0,445,Wesley Person,MIA,Miami,1610612748.0,Heat,224,Eddie Jones,MIA,Miami,1610612748.0,Heat,0,,,,,,,,SUB: Jones FOR Person,12:33 PM
192,5,1,201,0020400528,Simmons  Layup (6 PTS),,4:58,2,4,0,0,2250,Bobby Simmons,LAC,Los Angeles,1610612746.0,Clippers,0,,,,,,0,,,,,,40 - 39,-1,,12:34 PM
193,1,2,202,0020400528,,,4:37,2,5,0,0,406,Shaquille O'Neal,MIA,Miami,1610612748.0,Heat,0,,,,,,0,,,,,,,,MISS O'Neal 10' Jump Shot,12:34 PM
194,0,4,203,0020400528,Simmons REBOUND (Off:0 Def:5),,4:36,2,4,0,0,2250,Bobby Simmons,LAC,Los Angeles,1610612746.0,Clippers,0,,,,,,0,,,,,,,,,12:34 PM
195,1,2,204,0020400528,MISS Simmons 20' Jump Shot,,4:12,2,4,0,0,2250,Bobby Simmons,LAC,Los Angeles,1610612746.0,Clippers,0,,,,,,0,,,,,,,,,12:34 PM
196,0,4,205,0020400528,,,4:10,2,5,0,0,224,Eddie Jones,MIA,Miami,1610612748.0,Heat,0,,,,,,0,,,,,,,,Jones REBOUND (Off:0 Def:5),12:35 PM
197,1,5,206,0020400528,Kittles STEAL (1 STL),,4:00,2,5,4,0,224,Eddie Jones,MIA,Miami,1610612748.0,Heat,954,Kerry Kittles,LAC,Los Angeles,1610612746.0,Clippers,0,,,,,,,,Jones Bad Pass Turnover (P1.T3),12:35 PM
198,49,1,207,0020400528,Kittles  Driving Dunk (6 PTS),,3:57,2,4,0,0,954,Kerry Kittles,LAC,Los Angeles,1610612746.0,Clippers,0,,,,,,0,,,,,,40 - 41,1,,12:35 PM
199,1,2,208,0020400528,,,3:41,2,5,0,0,363,Christian Laettner,MIA,Miami,1610612748.0,Heat,0,,,,,,0,,,,,,,,MISS Laettner 14' Jump Shot,12:35 PM
200,0,4,209,0020400528,Simmons REBOUND (Off:0 Def:6),,3:39,2,4,0,0,2250,Bobby Simmons,LAC,Los Angeles,1610612746.0,Clippers,0,,,,,,0,,,,,,,,,12:35 PM
201,2,6,210,0020400528,,,3:28,2,5,0,1,363,Christian Laettner,MIA,Miami,1610612748.0,Heat,0,,,,,,0,,,,,,,,Laettner S.FOUL (P2.T4),12:35 PM
202,0,8,211,0020400528,SUB: Maggette FOR Kittles,,3:28,2,4,4,0,954,Kerry Kittles,LAC,Los Angeles,1610612746.0,Clippers,1894,Corey Maggette,LAC,Los Angeles,1610612746.0,Clippers,0,,,,,,,,,12:35 PM
203,11,3,212,0020400528,Brand Free Throw 1 of 2 (7 PTS),,3:28,2,4,0,0,1882,Elton Brand,LAC,Los Angeles,1610612746.0,Clippers,0,,,,,,0,,,,,,40 - 42,2,,12:36 PM
204,0,8,213,0020400528,,,3:28,2,5,5,0,363,Christian Laettner,MIA,Miami,1610612748.0,Heat,2617,Udonis Haslem,MIA,Miami,1610612748.0,Heat,0,,,,,,,,SUB: Haslem FOR Laettner,12:36 PM
205,12,3,214,0020400528,Brand Free Throw 2 of 2 (8 PTS),,3:28,2,4,0,0,1882,Elton Brand,LAC,Los Angeles,1610612746.0,Clippers,0,,,,,,0,,,,,,40 - 43,3,,12:36 PM
206,1,6,215,0020400528,Maggette P.FOUL (P3.PN),,3:12,2,4,0,1,1894,Corey Maggette,LAC,Los Angeles,1610612746.0,Clippers,0,,,,,,0,,,,,,,,,12:37 PM
207,11,3,217,0020400528,,,3:12,2,5,0,0,406,Shaquille O'Neal,MIA,Miami,1610612748.0,Heat,0,,,,,,0,,,,,,41 - 43,2,O'Neal Free Throw 1 of 2 (11 PTS),12:37 PM
208,0,8,218,0020400528,SUB: Ross FOR Maggette,,3:12,2,4,4,0,1894,Corey Maggette,LAC,Los Angeles,1610612746.0,Clippers,2624,Quinton Ross,LAC,Los Angeles,1610612746.0,Clippers,0,,,,,,,,,12:37 PM
209,12,3,219,0020400528,,,3:12,2,5,0,0,406,Shaquille O'Neal,MIA,Miami,1610612748.0,Heat,0,,,,,,0,,,,,,42 - 43,1,O'Neal Free Throw 2 of 2 (12 PTS),12:37 PM
210,1,6,220,0020400528,,,3:02,2,5,0,1,224,Eddie Jones,MIA,Miami,1610612748.0,Heat,0,,,,,,0,,,,,,,,Jones P.FOUL (P2.PN),12:38 PM
211,11,3,221,0020400528,Brand Free Throw 1 of 2 (9 PTS),,3:02,2,4,0,0,1882,Elton Brand,LAC,Los Angeles,1610612746.0,Clippers,0,,,,,,0,,,,,,42 - 44,2,,12:38 PM
212,12,3,222,0020400528,Brand Free Throw 2 of 2 (10 PTS),,3:02,2,4,0,0,1882,Elton Brand,LAC,Los Angeles,1610612746.0,Clippers,0,,,,,,0,,,,,,42 - 45,3,,12:38 PM
213,1,2,223,0020400528,,,2:52,2,5,0,0,2617,Udonis Haslem,MIA,Miami,1610612748.0,Heat,0,,,,,,0,,,,,,,,MISS Haslem 17' Jump Shot,12:39 PM
214,0,4,224,0020400528,Simmons REBOUND (Off:0 Def:7),,2:51,2,4,0,0,2250,Bobby Simmons,LAC,Los Angeles,1610612746.0,Clippers,0,,,,,,0,,,,,,,,,12:39 PM
215,5,2,225,0020400528,MISS Simmons  Layup,,2:41,2,4,0,0,2250,Bobby Simmons,LAC,Los Angeles,1610612746.0,Clippers,0,,,,,,0,,,,,,,,,12:39 PM
216,0,4,226,0020400528,,,2:40,2,5,0,0,224,Eddie Jones,MIA,Miami,1610612748.0,Heat,0,,,,,,0,,,,,,,,Jones REBOUND (Off:0 Def:6),12:39 PM
217,1,2,227,0020400528,,,2:36,2,5,0,0,1800,Damon Jones,MIA,Miami,1610612748.0,Heat,0,,,,,,0,,,,,,,,MISS Jones 25' 3PT Jump Shot,12:39 PM
218,0,4,228,0020400528,,,2:34,2,5,0,0,1000,Shandon Anderson,MIA,Miami,1610612748.0,Heat,0,,,,,,0,,,,,,,,Anderson REBOUND (Off:2 Def:0),12:39 PM
219,5,2,229,0020400528,,,2:32,2,5,0,0,1000,Shandon Anderson,MIA,Miami,1610612748.0,Heat,0,,,,,,0,,,,,,,,MISS Anderson  Layup,12:39 PM
220,0,4,230,0020400528,Ross REBOUND (Off:0 Def:1),,2:31,2,4,0,0,2624,Quinton Ross,LAC,Los Angeles,1610612746.0,Clippers,0,,,,,,0,,,,,,,,,12:39 PM
221,1,1,231,0020400528,Brand 7' Jump Shot (12 PTS) (Martin 3 AST),,2:26,2,4,4,0,1882,Elton Brand,LAC,Los Angeles,1610612746.0,Clippers,239,Darrick Martin,LAC,Los Angeles,1610612746.0,Clippers,0,,,,,,42 - 47,5,,12:39 PM
222,1,2,232,0020400528,,,2:02,2,5,0,0,406,Shaquille O'Neal,MIA,Miami,1610612748.0,Heat,0,,,,,,0,,,,,,,,MISS O'Neal 4' Jump Shot,12:40 PM
223,0,4,233,0020400528,Brand REBOUND (Off:2 Def:2),,2:00,2,4,0,0,1882,Elton Brand,LAC,Los Angeles,1610612746.0,Clippers,0,,,,,,0,,,,,,,,,12:40 PM
224,42,1,234,0020400528,Martin  Driving Layup (7 PTS),,1:49,2,4,0,0,239,Darrick Martin,LAC,Los Angeles,1610612746.0,Clippers,0,,,,,,0,,,,,,42 - 49,7,,12:40 PM
225,2,9,235,0020400528,,,1:41,2,3,0,0,1610612748,,,,,,0,,,,,,0,,,,,,,,Heat Timeout: Short (Reg.2 Short 1),12:40 PM
226,1,9,237,0020400528,CLIPPERS Timeout: Regular (Full 2 Short 0),,1:41,2,2,0,0,1610612746,,,,,,0,,,,,,0,,,,,,,,,12:40 PM
227,0,8,238,0020400528,,,1:41,2,5,5,0,1000,Shandon Anderson,MIA,Miami,1610612748.0,Heat,2446,Rasual Butler,MIA,Miami,1610612748.0,Heat,0,,,,,,,,SUB: Butler FOR Anderson,12:42 PM
228,1,1,239,0020400528,,,1:30,2,5,5,0,2446,Rasual Butler,MIA,Miami,1610612748.0,Heat,1800,Damon Jones,MIA,Miami,1610612748.0,Heat,0,,,,,,45 - 49,4,Butler 26' 3PT Jump Shot (10 PTS) (Jones 6 AST),12:43 PM
229,1,6,240,0020400528,,,1:13,2,5,0,1,2617,Udonis Haslem,MIA,Miami,1610612748.0,Heat,0,,,,,,0,,,,,,,,Haslem P.FOUL (P2.PN),12:43 PM
230,11,3,241,0020400528,Brand Free Throw 1 of 2 (13 PTS),,1:13,2,4,0,0,1882,Elton Brand,LAC,Los Angeles,1610612746.0,Clippers,0,,,,,,0,,,,,,45 - 50,5,,12:43 PM
231,12,3,242,0020400528,Brand Free Throw 2 of 2 (14 PTS),,1:13,2,4,0,0,1882,Elton Brand,LAC,Los Angeles,1610612746.0,Clippers,0,,,,,,0,,,,,,45 - 51,6,,12:44 PM
232,1,2,243,0020400528,,,0:56,2,5,0,0,2617,Udonis Haslem,MIA,Miami,1610612748.0,Heat,0,,,,,,0,,,,,,,,MISS Haslem 15' Jump Shot,12:44 PM
233,0,4,244,0020400528,Kaman REBOUND (Off:1 Def:4),,0:54,2,4,0,0,2549,Chris Kaman,LAC,Los Angeles,1610612746.0,Clippers,0,,,,,,0,,,,,,,,,12:44 PM
234,1,2,245,0020400528,MISS Brand 12' Jump Shot,,0:34,2,4,0,0,1882,Elton Brand,LAC,Los Angeles,1610612746.0,Clippers,0,,,,,,0,,,,,,,,,12:45 PM
235,0,4,246,0020400528,,,0:32,2,5,0,0,2446,Rasual Butler,MIA,Miami,1610612748.0,Heat,0,,,,,,0,,,,,,,,Butler REBOUND (Off:1 Def:1),12:45 PM
236,1,1,247,0020400528,,,0:18,2,5,5,0,224,Eddie Jones,MIA,Miami,1610612748.0,Heat,406,Shaquille O'Neal,MIA,Miami,1610612748.0,Heat,0,,,,,,48 - 51,3,Jones 26' 3PT Jump Shot (12 PTS) (O'Neal 3 AST),12:45 PM
237,1,1,248,0020400528,Ross 19' Jump Shot (2 PTS) (Martin 4 AST),,0:00,2,4,4,0,2624,Quinton Ross,LAC,Los Angeles,1610612746.0,Clippers,239,Darrick Martin,LAC,Los Angeles,1610612746.0,Clippers,0,,,,,,48 - 53,5,,12:45 PM
238,0,13,249,0020400528,,,0:00,2,0,0,0,0,,,,,,0,,,,,,0,,,,,,48 - 53,5,,12:45 PM
239,0,12,251,0020400528,,,12:00,3,0,0,0,0,,,,,,0,,,,,,0,,,,,,48 - 53,5,,13:02 PM
240,42,1,252,0020400528,,,11:51,3,5,0,0,1000,Shandon Anderson,MIA,Miami,1610612748.0,Heat,0,,,,,,0,,,,,,50 - 53,3,Anderson  Driving Layup (4 PTS),13:02 PM
241,1,2,253,0020400528,MISS Simmons 19' Jump Shot,,11:35,3,4,0,0,2250,Bobby Simmons,LAC,Los Angeles,1610612746.0,Clippers,0,,,,,,0,,,,,,,,,13:02 PM
242,0,4,254,0020400528,,,11:34,3,5,0,0,2617,Udonis Haslem,MIA,Miami,1610612748.0,Heat,0,,,,,,0,,,,,,,,Haslem REBOUND (Off:2 Def:3),13:02 PM
243,1,1,255,0020400528,,,11:23,3,5,5,0,2617,Udonis Haslem,MIA,Miami,1610612748.0,Heat,224,Eddie Jones,MIA,Miami,1610612748.0,Heat,0,,,,,,52 - 53,1,Haslem 16' Jump Shot (12 PTS) (Jones 1 AST),13:03 PM
244,1,5,256,0020400528,Simmons Bad Pass Turnover (P2.T4),,11:03,3,4,5,0,2250,Bobby Simmons,LAC,Los Angeles,1610612746.0,Clippers,1000,Shandon Anderson,MIA,Miami,1610612748.0,Heat,0,,,,,,,,Anderson STEAL (1 STL),13:03 PM
245,5,2,257,0020400528,,,10:50,3,5,0,0,406,Shaquille O'Neal,MIA,Miami,1610612748.0,Heat,0,,,,,,0,,,,,,,,MISS O'Neal  Layup,13:03 PM
246,0,4,258,0020400528,Simmons REBOUND (Off:0 Def:8),,10:49,3,4,0,0,2250,Bobby Simmons,LAC,Los Angeles,1610612746.0,Clippers,0,,,,,,0,,,,,,,,,13:03 PM
247,1,2,259,0020400528,MISS Kaman 13' Jump Shot,,10:42,3,4,0,0,2549,Chris Kaman,LAC,Los Angeles,1610612746.0,Clippers,0,,,,,,0,,,,,,,,,13:03 PM
248,0,4,260,0020400528,,,10:40,3,5,0,0,2617,Udonis Haslem,MIA,Miami,1610612748.0,Heat,0,,,,,,0,,,,,,,,Haslem REBOUND (Off:2 Def:4),13:03 PM
249,5,1,261,0020400528,,,10:29,3,5,0,0,406,Shaquille O'Neal,MIA,Miami,1610612748.0,Heat,0,,,,,,0,,,,,,54 - 53,-1,O'Neal  Layup (14 PTS),13:04 PM
250,1,1,262,0020400528,Kaman 16' Jump Shot (4 PTS) (Simmons 4 AST),,10:10,3,4,4,0,2549,Chris Kaman,LAC,Los Angeles,1610612746.0,Clippers,2250,Bobby Simmons,LAC,Los Angeles,1610612746.0,Clippers,0,,,,,,54 - 55,1,,13:04 PM
251,1,2,263,0020400528,,,9:55,3,5,0,0,1000,Shandon Anderson,MIA,Miami,1610612748.0,Heat,0,,,,,,0,,,,,,,,MISS Anderson 13' Jump Shot,13:04 PM
252,0,4,264,0020400528,Kaman REBOUND (Off:1 Def:5),,9:53,3,4,0,0,2549,Chris Kaman,LAC,Los Angeles,1610612746.0,Clippers,0,,,,,,0,,,,,,,,,13:04 PM
253,8,5,265,0020400528,Brand 3 Second Violation Turnover (P1.T5),,9:45,3,4,0,1,1882,Elton Brand,LAC,Los Angeles,1610612746.0,Clippers,0,,,,,,0,,,,,,,,,13:04 PM
254,5,1,266,0020400528,,,9:32,3,5,0,0,406,Shaquille O'Neal,MIA,Miami,1610612748.0,Heat,0,,,,,,0,,,,,,56 - 55,-1,O'Neal  Layup (16 PTS),13:05 PM
255,2,6,267,0020400528,Kaman S.FOUL (P3.T1),,9:32,3,4,0,1,2549,Chris Kaman,LAC,Los Angeles,1610612746.0,Clippers,0,,,,,,0,,,,,,,,,13:05 PM
256,10,3,268,0020400528,,,9:32,3,5,0,0,406,Shaquille O'Neal,MIA,Miami,1610612748.0,Heat,0,,,,,,0,,,,,,,,MISS O'Neal Free Throw 1 of 1,13:05 PM
257,0,4,269,0020400528,Kaman REBOUND (Off:1 Def:6),,9:30,3,4,0,0,2549,Chris Kaman,LAC,Los Angeles,1610612746.0,Clippers,0,,,,,,0,,,,,,,,,13:05 PM
258,1,1,270,0020400528,Brand 11' Jump Shot (16 PTS),,9:16,3,4,0,0,1882,Elton Brand,LAC,Los Angeles,1610612746.0,Clippers,0,,,,,,0,,,,,,56 - 57,1,,13:06 PM
259,2,6,271,0020400528,,,9:16,3,5,0,1,1000,Shandon Anderson,MIA,Miami,1610612748.0,Heat,0,,,,,,0,,,,,,,,Anderson S.FOUL (P3.T1),13:06 PM
260,10,3,272,0020400528,Brand Free Throw 1 of 1 (17 PTS),,9:16,3,4,0,0,1882,Elton Brand,LAC,Los Angeles,1610612746.0,Clippers,0,,,,,,0,,,,,,56 - 58,2,,13:06 PM
261,1,2,273,0020400528,,,8:59,3,5,0,0,1800,Damon Jones,MIA,Miami,1610612748.0,Heat,0,,,,,,0,,,,,,,,MISS Jones 26' 3PT Jump Shot,13:06 PM
262,0,4,274,0020400528,Kaman REBOUND (Off:1 Def:7),,8:57,3,4,0,0,2549,Chris Kaman,LAC,Los Angeles,1610612746.0,Clippers,0,,,,,,0,,,,,,,,,13:06 PM
263,1,1,275,0020400528,Brunson 18' Jump Shot (4 PTS) (Maggette 2 AST),,8:47,3,4,4,0,1594,Rick Brunson,LAC,Los Angeles,1610612746.0,Clippers,1894,Corey Maggette,LAC,Los Angeles,1610612746.0,Clippers,0,,,,,,56 - 60,4,,13:07 PM
264,3,1,276,0020400528,,,8:28,3,5,5,0,406,Shaquille O'Neal,MIA,Miami,1610612748.0,Heat,1800,Damon Jones,MIA,Miami,1610612748.0,Heat,0,,,,,,58 - 60,2,O'Neal 8' Hook Shot (18 PTS) (Jones 7 AST),13:07 PM
265,1,1,277,0020400528,Brand 10' Jump Shot (19 PTS),,8:14,3,4,0,0,1882,Elton Brand,LAC,Los Angeles,1610612746.0,Clippers,0,,,,,,0,,,,,,58 - 62,4,,13:07 PM
266,1,2,278,0020400528,,,7:54,3,5,0,0,1800,Damon Jones,MIA,Miami,1610612748.0,Heat,0,,,,,,0,,,,,,,,MISS Jones 26' 3PT Jump Shot,13:07 PM
267,0,4,279,0020400528,Simmons REBOUND (Off:0 Def:9),,7:52,3,4,0,0,2250,Bobby Simmons,LAC,Los Angeles,1610612746.0,Clippers,0,,,,,,0,,,,,,,,,13:07 PM
268,2,5,280,0020400528,Kaman Lost Ball Turnover (P1.T6),,7:44,3,4,5,0,2549,Chris Kaman,LAC,Los Angeles,1610612746.0,Clippers,224,Eddie Jones,MIA,Miami,1610612748.0,Heat,0,,,,,,,,Jones STEAL (1 STL),13:08 PM
269,1,1,281,0020400528,,,7:39,3,5,5,0,1800,Damon Jones,MIA,Miami,1610612748.0,Heat,224,Eddie Jones,MIA,Miami,1610612748.0,Heat,0,,,,,,61 - 62,1,Jones 25' 3PT Jump Shot (3 PTS) (Jones 2 AST),13:08 PM
270,1,2,282,0020400528,MISS Maggette 22' Jump Shot,,7:15,3,4,0,0,1894,Corey Maggette,LAC,Los Angeles,1610612746.0,Clippers,0,,,,,,0,,,,,,,,,13:08 PM
271,0,4,283,0020400528,,,7:14,3,5,0,0,224,Eddie Jones,MIA,Miami,1610612748.0,Heat,0,,,,,,0,,,,,,,,Jones REBOUND (Off:0 Def:7),13:08 PM
272,1,5,284,0020400528,Kaman STEAL (1 STL),,7:08,3,5,4,0,1800,Damon Jones,MIA,Miami,1610612748.0,Heat,2549,Chris Kaman,LAC,Los Angeles,1610612746.0,Clippers,0,,,,,,,,Jones Bad Pass Turnover (P2.T4),13:08 PM
273,1,2,285,0020400528,MISS Maggette 9' Jump Shot,,7:00,3,4,0,0,1894,Corey Maggette,LAC,Los Angeles,1610612746.0,Clippers,0,,,,,,0,,,,,,,,,13:08 PM
274,0,4,286,0020400528,,,6:56,3,5,0,0,224,Eddie Jones,MIA,Miami,1610612748.0,Heat,0,,,,,,0,,,,,,,,Jones REBOUND (Off:0 Def:8),13:08 PM
275,5,2,287,0020400528,Kaman BLOCK (1 BLK),,6:39,3,5,0,4,1000,Shandon Anderson,MIA,Miami,1610612748.0,Heat,0,,,,,,2549,Chris Kaman,LAC,Los Angeles,1610612746.0,Clippers,,,MISS Anderson  Layup,13:09 PM
276,0,4,288,0020400528,Kaman REBOUND (Off:1 Def:8),,6:38,3,4,0,0,2549,Chris Kaman,LAC,Los Angeles,1610612746.0,Clippers,0,,,,,,0,,,,,,,,,13:09 PM
277,5,2,289,0020400528,MISS Kaman  Layup,,6:31,3,4,0,0,2549,Chris Kaman,LAC,Los Angeles,1610612746.0,Clippers,0,,,,,,0,,,,,,,,,13:09 PM
278,0,4,290,0020400528,,,6:30,3,5,0,0,224,Eddie Jones,MIA,Miami,1610612748.0,Heat,0,,,,,,0,,,,,,,,Jones REBOUND (Off:0 Def:9),13:09 PM
279,4,6,291,0020400528,,,6:18,3,5,0,1,1000,Shandon Anderson,MIA,Miami,1610612748.0,Heat,0,,,,,,0,,,,,,,,Anderson OFF.Foul (P4),13:09 PM
280,5,5,292,0020400528,,,6:18,3,5,0,1,1000,Shandon Anderson,MIA,Miami,1610612748.0,Heat,0,,,,,,0,,,,,,,,Anderson Foul Turnover (P1.T5),13:09 PM
281,4,5,293,0020400528,Kaman Traveling Turnover (P2.T7),,6:03,3,4,0,1,2549,Chris Kaman,LAC,Los Angeles,1610612746.0,Clippers,0,,,,,,0,,,,,,,,,13:10 PM
282,0,8,294,0020400528,,,6:03,3,5,5,0,1000,Shandon Anderson,MIA,Miami,1610612748.0,Heat,2446,Rasual Butler,MIA,Miami,1610612748.0,Heat,0,,,,,,,,SUB: Butler FOR Anderson,13:10 PM
283,2,6,295,0020400528,Brand S.FOUL (P2.T2),,5:47,3,4,0,1,1882,Elton Brand,LAC,Los Angeles,1610612746.0,Clippers,0,,,,,,0,,,,,,,,,13:10 PM
284,1,9,296,0020400528,CLIPPERS Timeout: Regular (Full 3 Short 0),,5:47,3,2,0,0,1610612746,,,,,,0,,,,,,0,,,,,,,,,13:11 PM
285,0,8,298,0020400528,SUB: Rebraca FOR Kaman,,5:47,3,4,4,0,2549,Chris Kaman,LAC,Los Angeles,1610612746.0,Clippers,1442,Zeljko Rebraca,LAC,Los Angeles,1610612746.0,Clippers,0,,,,,,,,,13:13 PM
286,11,3,299,0020400528,,,5:47,3,5,0,0,406,Shaquille O'Neal,MIA,Miami,1610612748.0,Heat,0,,,,,,0,,,,,,,,MISS O'Neal Free Throw 1 of 2,13:13 PM
287,1,4,300,0020400528,,,5:47,3,3,0,0,1610612748,,,,,,0,,,,,,0,,,,,,,,Heat Rebound,13:13 PM
288,12,3,301,0020400528,,,5:47,3,5,0,0,406,Shaquille O'Neal,MIA,Miami,1610612748.0,Heat,0,,,,,,0,,,,,,62 - 62,TIE,O'Neal Free Throw 2 of 2 (19 PTS),13:13 PM
289,1,1,302,0020400528,Simmons 18' Jump Shot (8 PTS),,5:31,3,4,0,0,2250,Bobby Simmons,LAC,Los Angeles,1610612746.0,Clippers,0,,,,,,0,,,,,,62 - 64,2,,13:14 PM
290,1,2,303,0020400528,,,5:05,3,5,0,0,1800,Damon Jones,MIA,Miami,1610612748.0,Heat,0,,,,,,0,,,,,,,,MISS Jones 26' 3PT Jump Shot,13:14 PM
291,0,4,304,0020400528,Brand REBOUND (Off:2 Def:3),,5:03,3,4,0,0,1882,Elton Brand,LAC,Los Angeles,1610612746.0,Clippers,0,,,,,,0,,,,,,,,,13:14 PM
292,2,5,305,0020400528,Maggette Lost Ball Turnover (P1.T8),,4:53,3,4,5,0,1894,Corey Maggette,LAC,Los Angeles,1610612746.0,Clippers,224,Eddie Jones,MIA,Miami,1610612748.0,Heat,0,,,,,,,,Jones STEAL (2 STL),13:14 PM
293,5,2,306,0020400528,,,4:48,3,5,0,0,2617,Udonis Haslem,MIA,Miami,1610612748.0,Heat,0,,,,,,0,,,,,,,,MISS Haslem  Layup,13:14 PM
294,0,4,307,0020400528,,,4:47,3,5,0,0,224,Eddie Jones,MIA,Miami,1610612748.0,Heat,0,,,,,,0,,,,,,,,Jones REBOUND (Off:1 Def:9),13:14 PM
295,5,2,308,0020400528,Rebraca BLOCK (1 BLK),,4:46,3,5,0,4,224,Eddie Jones,MIA,Miami,1610612748.0,Heat,0,,,,,,1442,Zeljko Rebraca,LAC,Los Angeles,1610612746.0,Clippers,,,MISS Jones  Layup,13:14 PM
296,0,4,309,0020400528,,,4:46,3,3,0,0,1610612748,,,,,,0,,,,,,0,,,,,,,,Heat Rebound,13:14 PM
297,1,1,310,0020400528,,,4:43,3,5,5,0,2617,Udonis Haslem,MIA,Miami,1610612748.0,Heat,2446,Rasual Butler,MIA,Miami,1610612748.0,Heat,0,,,,,,64 - 64,TIE,Haslem 17' Jump Shot (14 PTS) (Butler 1 AST),13:15 PM
298,1,1,311,0020400528,Simmons 20' Jump Shot (10 PTS) (Maggette 3 AST),,4:26,3,4,4,0,2250,Bobby Simmons,LAC,Los Angeles,1610612746.0,Clippers,1894,Corey Maggette,LAC,Los Angeles,1610612746.0,Clippers,0,,,,,,64 - 66,2,,13:15 PM
299,2,6,312,0020400528,Rebraca S.FOUL (P4.T3),,4:07,3,4,0,1,1442,Zeljko Rebraca,LAC,Los Angeles,1610612746.0,Clippers,0,,,,,,0,,,,,,,,,13:15 PM
300,0,8,313,0020400528,,,4:07,3,5,5,0,1800,Damon Jones,MIA,Miami,1610612748.0,Heat,2039,Keyon Dooling,MIA,Miami,1610612748.0,Heat,0,,,,,,,,SUB: Dooling FOR Jones,13:16 PM
301,11,3,314,0020400528,,,4:07,3,5,0,0,406,Shaquille O'Neal,MIA,Miami,1610612748.0,Heat,0,,,,,,0,,,,,,65 - 66,1,O'Neal Free Throw 1 of 2 (20 PTS),13:16 PM
302,0,8,315,0020400528,SUB: N'diaye FOR Rebraca,,4:07,3,4,4,0,1442,Zeljko Rebraca,LAC,Los Angeles,1610612746.0,Clippers,2055,Mamadou N'diaye,LAC,Los Angeles,1610612746.0,Clippers,0,,,,,,,,,13:16 PM
303,12,3,316,0020400528,,,4:07,3,5,0,0,406,Shaquille O'Neal,MIA,Miami,1610612748.0,Heat,0,,,,,,0,,,,,,66 - 66,TIE,O'Neal Free Throw 2 of 2 (21 PTS),13:16 PM
304,1,1,317,0020400528,Maggette 26' 3PT Jump Shot (13 PTS) (Simmons 5 AST),,3:44,3,4,4,0,1894,Corey Maggette,LAC,Los Angeles,1610612746.0,Clippers,2250,Bobby Simmons,LAC,Los Angeles,1610612746.0,Clippers,0,,,,,,66 - 69,3,,13:17 PM
305,1,2,318,0020400528,,,3:24,3,5,0,0,406,Shaquille O'Neal,MIA,Miami,1610612748.0,Heat,0,,,,,,0,,,,,,,,MISS O'Neal 8' Jump Shot,13:17 PM
306,0,4,319,0020400528,Brunson REBOUND (Off:0 Def:1),,3:22,3,4,0,0,1594,Rick Brunson,LAC,Los Angeles,1610612746.0,Clippers,0,,,,,,0,,,,,,,,,13:17 PM
307,1,2,320,0020400528,MISS Maggette 25' 3PT Jump Shot,,3:16,3,4,0,0,1894,Corey Maggette,LAC,Los Angeles,1610612746.0,Clippers,0,,,,,,0,,,,,,,,,13:17 PM
308,0,4,321,0020400528,,,3:14,3,5,0,0,2617,Udonis Haslem,MIA,Miami,1610612748.0,Heat,0,,,,,,0,,,,,,,,Haslem REBOUND (Off:2 Def:5),13:17 PM
309,5,1,322,0020400528,,,2:58,3,5,5,0,406,Shaquille O'Neal,MIA,Miami,1610612748.0,Heat,224,Eddie Jones,MIA,Miami,1610612748.0,Heat,0,,,,,,68 - 69,1,O'Neal  Layup (23 PTS) (Jones 3 AST),13:17 PM
310,2,6,323,0020400528,N'diaye S.FOUL (P1.T4),,2:58,3,4,0,1,2055,Mamadou N'diaye,LAC,Los Angeles,1610612746.0,Clippers,0,,,,,,0,,,,,,,,,13:17 PM
311,1,9,324,0020400528,,,2:58,3,3,0,0,1610612748,,,,,,0,,,,,,0,,,,,,,,Heat Timeout: Regular (Reg.3 Short 1),13:18 PM
312,10,3,326,0020400528,,,2:58,3,5,0,0,406,Shaquille O'Neal,MIA,Miami,1610612748.0,Heat,0,,,,,,0,,,,,,,,MISS O'Neal Free Throw 1 of 1,13:20 PM
313,0,4,327,0020400528,Maggette REBOUND (Off:1 Def:4),,2:56,3,4,0,0,1894,Corey Maggette,LAC,Los Angeles,1610612746.0,Clippers,0,,,,,,0,,,,,,,,,13:20 PM
314,1,2,328,0020400528,MISS Maggette 16' Jump Shot,,2:35,3,4,0,0,1894,Corey Maggette,LAC,Los Angeles,1610612746.0,Clippers,0,,,,,,0,,,,,,,,,13:21 PM
315,0,4,329,0020400528,,,2:34,3,5,0,0,406,Shaquille O'Neal,MIA,Miami,1610612748.0,Heat,0,,,,,,0,,,,,,,,O'Neal REBOUND (Off:4 Def:3),13:21 PM
316,1,5,330,0020400528,Simmons STEAL (3 STL),,2:32,3,5,4,0,406,Shaquille O'Neal,MIA,Miami,1610612748.0,Heat,2250,Bobby Simmons,LAC,Los Angeles,1610612746.0,Clippers,0,,,,,,,,O'Neal Bad Pass Turnover (P2.T6),13:21 PM
317,66,1,331,0020400528,Brand 12' Jump Bank Shot (21 PTS) (Simmons 6 AST),,2:29,3,4,4,0,1882,Elton Brand,LAC,Los Angeles,1610612746.0,Clippers,2250,Bobby Simmons,LAC,Los Angeles,1610612746.0,Clippers,0,,,,,,68 - 71,3,,13:21 PM
318,8,1,332,0020400528,,,2:08,3,5,0,0,406,Shaquille O'Neal,MIA,Miami,1610612748.0,Heat,0,,,,,,0,,,,,,70 - 71,1,O'Neal  Slam Dunk (25 PTS),13:21 PM
319,1,6,333,0020400528,,,1:53,3,5,0,1,224,Eddie Jones,MIA,Miami,1610612748.0,Heat,0,,,,,,0,,,,,,,,Jones P.FOUL (P3.T2),13:21 PM
320,42,2,334,0020400528,MISS Brand  Driving Layup,,1:44,3,4,0,0,1882,Elton Brand,LAC,Los Angeles,1610612746.0,Clippers,0,,,,,,0,,,,,,,,,13:22 PM
321,0,4,335,0020400528,Simmons REBOUND (Off:1 Def:9),,1:41,3,4,0,0,2250,Bobby Simmons,LAC,Los Angeles,1610612746.0,Clippers,0,,,,,,0,,,,,,,,,13:22 PM
322,7,2,336,0020400528,MISS N'diaye  Dunk,,1:39,3,4,0,0,2055,Mamadou N'diaye,LAC,Los Angeles,1610612746.0,Clippers,0,,,,,,0,,,,,,,,,13:22 PM
323,0,4,337,0020400528,,,1:35,3,5,0,0,2446,Rasual Butler,MIA,Miami,1610612748.0,Heat,0,,,,,,0,,,,,,,,Butler REBOUND (Off:1 Def:2),13:22 PM
324,40,5,338,0020400528,,,1:25,3,5,0,0,406,Shaquille O'Neal,MIA,Miami,1610612748.0,Heat,0,,,,,,0,,,,,,,,O'Neal Out of Bounds Lost Ball Turnover (P3.T7),13:22 PM
325,1,2,339,0020400528,MISS Maggette 19' Jump Shot,,1:11,3,4,0,0,1894,Corey Maggette,LAC,Los Angeles,1610612746.0,Clippers,0,,,,,,0,,,,,,,,,13:23 PM
326,0,4,340,0020400528,,,1:10,3,5,0,0,2039,Keyon Dooling,MIA,Miami,1610612748.0,Heat,0,,,,,,0,,,,,,,,Dooling REBOUND (Off:0 Def:1),13:23 PM
327,1,1,341,0020400528,,,1:01,3,5,5,0,224,Eddie Jones,MIA,Miami,1610612748.0,Heat,2039,Keyon Dooling,MIA,Miami,1610612748.0,Heat,0,,,,,,73 - 71,-2,Jones 25' 3PT Jump Shot (15 PTS) (Dooling 2 AST),13:23 PM
328,2,6,342,0020400528,,,0:44,3,5,0,1,2039,Keyon Dooling,MIA,Miami,1610612748.0,Heat,0,,,,,,0,,,,,,,,Dooling S.FOUL (P2.PN),13:23 PM
329,11,3,343,0020400528,MISS Brand Free Throw 1 of 2,,0:44,3,4,0,0,1882,Elton Brand,LAC,Los Angeles,1610612746.0,Clippers,0,,,,,,0,,,,,,,,,13:23 PM
330,1,4,344,0020400528,CLIPPERS Rebound,,0:44,3,2,0,0,1610612746,,,,,,0,,,,,,0,,,,,,,,,13:23 PM
331,0,8,345,0020400528,SUB: Ross FOR Maggette,,0:44,3,4,4,0,1894,Corey Maggette,LAC,Los Angeles,1610612746.0,Clippers,2624,Quinton Ross,LAC,Los Angeles,1610612746.0,Clippers,0,,,,,,,,,13:24 PM
332,12,3,346,0020400528,Brand Free Throw 2 of 2 (22 PTS),,0:44,3,4,0,0,1882,Elton Brand,LAC,Los Angeles,1610612746.0,Clippers,0,,,,,,0,,,,,,73 - 72,-1,,13:24 PM
333,5,2,347,0020400528,N'diaye BLOCK (1 BLK),,0:28,3,5,0,4,406,Shaquille O'Neal,MIA,Miami,1610612748.0,Heat,0,,,,,,2055,Mamadou N'diaye,LAC,Los Angeles,1610612746.0,Clippers,,,MISS O'Neal  Layup,13:25 PM
334,0,4,348,0020400528,N'diaye REBOUND (Off:0 Def:1),,0:24,3,4,0,0,2055,Mamadou N'diaye,LAC,Los Angeles,1610612746.0,Clippers,0,,,,,,0,,,,,,,,,13:25 PM
335,46,1,349,0020400528,Brunson 15' Running Jump Shot (6 PTS),,0:16,3,4,0,0,1594,Rick Brunson,LAC,Los Angeles,1610612746.0,Clippers,0,,,,,,0,,,,,,73 - 74,1,,13:25 PM
336,1,6,350,0020400528,Brunson P.FOUL (P1.PN),,0:05,3,4,0,1,1594,Rick Brunson,LAC,Los Angeles,1610612746.0,Clippers,0,,,,,,0,,,,,,,,,13:25 PM
337,11,3,351,0020400528,,,0:05,3,5,0,0,2039,Keyon Dooling,MIA,Miami,1610612748.0,Heat,0,,,,,,0,,,,,,74 - 74,TIE,Dooling Free Throw 1 of 2 (1 PTS),13:25 PM
338,0,8,352,0020400528,,,0:05,3,5,5,0,406,Shaquille O'Neal,MIA,Miami,1610612748.0,Heat,1720,Michael Doleac,MIA,Miami,1610612748.0,Heat,0,,,,,,,,SUB: Doleac FOR O'Neal,13:26 PM
339,0,8,353,0020400528,SUB: Kittles FOR N'diaye,,0:05,3,4,4,0,2055,Mamadou N'diaye,LAC,Los Angeles,1610612746.0,Clippers,954,Kerry Kittles,LAC,Los Angeles,1610612746.0,Clippers,0,,,,,,,,,13:26 PM
340,12,3,355,0020400528,,,0:05,3,5,0,0,2039,Keyon Dooling,MIA,Miami,1610612748.0,Heat,0,,,,,,0,,,,,,75 - 74,-1,Dooling Free Throw 2 of 2 (2 PTS),13:26 PM
341,0,13,356,0020400528,,,0:00,3,0,0,0,0,,,,,,0,,,,,,0,,,,,,75 - 74,-1,,13:26 PM
342,0,12,358,0020400528,,,12:00,4,0,0,0,0,,,,,,0,,,,,,0,,,,,,75 - 74,-1,,13:29 PM
343,5,2,359,0020400528,MISS Martin  Layup,,11:37,4,4,0,0,239,Darrick Martin,LAC,Los Angeles,1610612746.0,Clippers,0,,,,,,0,,,,,,,,,13:29 PM
344,0,4,360,0020400528,,,11:35,4,5,0,0,1720,Michael Doleac,MIA,Miami,1610612748.0,Heat,0,,,,,,0,,,,,,,,Doleac REBOUND (Off:0 Def:3),13:29 PM
345,1,1,361,0020400528,,,11:26,4,5,0,0,2039,Keyon Dooling,MIA,Miami,1610612748.0,Heat,0,,,,,,0,,,,,,77 - 74,-3,Dooling 19' Jump Shot (4 PTS),13:30 PM
346,1,1,362,0020400528,Brand 15' Jump Shot (24 PTS) (Martin 5 AST),,11:12,4,4,4,0,1882,Elton Brand,LAC,Los Angeles,1610612746.0,Clippers,239,Darrick Martin,LAC,Los Angeles,1610612746.0,Clippers,0,,,,,,77 - 76,-1,,13:30 PM
347,1,2,363,0020400528,,,10:49,4,5,0,0,224,Eddie Jones,MIA,Miami,1610612748.0,Heat,0,,,,,,0,,,,,,,,MISS Jones 19' Jump Shot,13:30 PM
348,0,4,364,0020400528,Simmons REBOUND (Off:1 Def:10),,10:48,4,4,0,0,2250,Bobby Simmons,LAC,Los Angeles,1610612746.0,Clippers,0,,,,,,0,,,,,,,,,13:30 PM
349,44,1,365,0020400528,Kittles  Reverse Layup (8 PTS),,10:38,4,4,0,0,954,Kerry Kittles,LAC,Los Angeles,1610612746.0,Clippers,0,,,,,,0,,,,,,77 - 78,1,,13:30 PM
350,1,2,366,0020400528,,,10:20,4,5,0,0,2617,Udonis Haslem,MIA,Miami,1610612748.0,Heat,0,,,,,,0,,,,,,,,MISS Haslem 15' Jump Shot,13:31 PM
351,0,4,367,0020400528,Simmons REBOUND (Off:1 Def:11),,10:19,4,4,0,0,2250,Bobby Simmons,LAC,Los Angeles,1610612746.0,Clippers,0,,,,,,0,,,,,,,,,13:31 PM
352,1,1,368,0020400528,Simmons 14' Jump Shot (12 PTS) (Brand 3 AST),,10:08,4,4,4,0,2250,Bobby Simmons,LAC,Los Angeles,1610612746.0,Clippers,1882,Elton Brand,LAC,Los Angeles,1610612746.0,Clippers,0,,,,,,77 - 80,3,,13:31 PM
353,1,6,369,0020400528,Martin P.FOUL (P2.T1),,9:54,4,4,0,1,239,Darrick Martin,LAC,Los Angeles,1610612746.0,Clippers,0,,,,,,0,,,,,,,,,13:31 PM
354,0,8,370,0020400528,,,9:54,4,5,5,0,2039,Keyon Dooling,MIA,Miami,1610612748.0,Heat,1800,Damon Jones,MIA,Miami,1610612748.0,Heat,0,,,,,,,,SUB: Jones FOR Dooling,13:31 PM
355,0,8,371,0020400528,,,9:54,4,5,5,0,224,Eddie Jones,MIA,Miami,1610612748.0,Heat,1000,Shandon Anderson,MIA,Miami,1610612748.0,Heat,0,,,,,,,,SUB: Anderson FOR Jones,13:31 PM
356,1,2,372,0020400528,,,9:46,4,5,0,0,2446,Rasual Butler,MIA,Miami,1610612748.0,Heat,0,,,,,,0,,,,,,,,MISS Butler 17' Jump Shot,13:32 PM
357,0,4,373,0020400528,Kittles REBOUND (Off:0 Def:4),,9:45,4,4,0,0,954,Kerry Kittles,LAC,Los Angeles,1610612746.0,Clippers,0,,,,,,0,,,,,,,,,13:32 PM
358,1,1,374,0020400528,Brand 16' Jump Shot (26 PTS) (Simmons 7 AST),,9:36,4,4,4,0,1882,Elton Brand,LAC,Los Angeles,1610612746.0,Clippers,2250,Bobby Simmons,LAC,Los Angeles,1610612746.0,Clippers,0,,,,,,77 - 82,5,,13:32 PM
359,1,9,375,0020400528,,,9:33,4,3,0,0,1610612748,,,,,,0,,,,,,0,,,,,,,,Heat Timeout: Regular (Reg.4 Short 1),13:32 PM
360,0,8,377,0020400528,,,9:33,4,5,5,0,2617,Udonis Haslem,MIA,Miami,1610612748.0,Heat,363,Christian Laettner,MIA,Miami,1610612748.0,Heat,0,,,,,,,,SUB: Laettner FOR Haslem,13:34 PM
361,0,8,378,0020400528,,,9:33,4,5,5,0,1720,Michael Doleac,MIA,Miami,1610612748.0,Heat,406,Shaquille O'Neal,MIA,Miami,1610612748.0,Heat,0,,,,,,,,SUB: O'Neal FOR Doleac,13:34 PM
362,1,6,379,0020400528,Rebraca P.FOUL (P5.T2),,9:16,4,4,0,1,1442,Zeljko Rebraca,LAC,Los Angeles,1610612746.0,Clippers,0,,,,,,0,,,,,,,,,13:34 PM
363,1,6,380,0020400528,Brand P.FOUL (P3.T3),,9:10,4,4,0,1,1882,Elton Brand,LAC,Los Angeles,1610612746.0,Clippers,0,,,,,,0,,,,,,,,,13:35 PM
364,1,2,381,0020400528,,,9:00,4,5,0,0,406,Shaquille O'Neal,MIA,Miami,1610612748.0,Heat,0,,,,,,0,,,,,,,,MISS O'Neal 9' Jump Shot,13:35 PM
365,0,4,382,0020400528,CLIPPERS Rebound,,8:58,4,2,0,0,1610612746,,,,,,0,,,,,,0,,,,,,,,,13:35 PM
366,2,5,383,0020400528,Brand Lost Ball Turnover (P2.T9),,8:45,4,4,5,0,1882,Elton Brand,LAC,Los Angeles,1610612746.0,Clippers,363,Christian Laettner,MIA,Miami,1610612748.0,Heat,0,,,,,,,,Laettner STEAL (1 STL),13:36 PM
367,42,1,384,0020400528,,,8:41,4,5,5,0,1800,Damon Jones,MIA,Miami,1610612748.0,Heat,1000,Shandon Anderson,MIA,Miami,1610612748.0,Heat,0,,,,,,79 - 82,3,Jones  Driving Layup (5 PTS) (Anderson 1 AST),13:36 PM
368,1,2,385,0020400528,MISS Kittles 19' Jump Shot,,8:22,4,4,0,0,954,Kerry Kittles,LAC,Los Angeles,1610612746.0,Clippers,0,,,,,,0,,,,,,,,,13:36 PM
369,0,4,386,0020400528,,,8:20,4,5,0,0,363,Christian Laettner,MIA,Miami,1610612748.0,Heat,0,,,,,,0,,,,,,,,Laettner REBOUND (Off:0 Def:2),13:36 PM
370,5,1,387,0020400528,,,8:12,4,5,5,0,406,Shaquille O'Neal,MIA,Miami,1610612748.0,Heat,2446,Rasual Butler,MIA,Miami,1610612748.0,Heat,0,,,,,,81 - 82,1,O'Neal  Layup (27 PTS) (Butler 2 AST),13:36 PM
371,1,1,388,0020400528,Martin 18' Jump Shot (9 PTS),,7:58,4,4,0,0,239,Darrick Martin,LAC,Los Angeles,1610612746.0,Clippers,0,,,,,,0,,,,,,81 - 84,3,,13:36 PM
372,1,5,389,0020400528,Rebraca STEAL (1 STL),,7:41,4,5,4,0,406,Shaquille O'Neal,MIA,Miami,1610612748.0,Heat,1442,Zeljko Rebraca,LAC,Los Angeles,1610612746.0,Clippers,0,,,,,,,,O'Neal Bad Pass Turnover (P4.T8),13:37 PM
373,1,2,390,0020400528,MISS Kittles 28' 3PT Jump Shot,,7:33,4,4,0,0,954,Kerry Kittles,LAC,Los Angeles,1610612746.0,Clippers,0,,,,,,0,,,,,,,,,13:37 PM
374,0,4,391,0020400528,CLIPPERS Rebound,,7:33,4,2,0,0,1610612746,,,,,,0,,,,,,0,,,,,,,,,13:37 PM
375,3,6,392,0020400528,,,7:33,4,5,0,1,406,Shaquille O'Neal,MIA,Miami,1610612748.0,Heat,0,,,,,,0,,,,,,,,O'Neal L.B.FOUL (P2.T1),13:37 PM
376,0,8,393,0020400528,SUB: Kaman FOR Rebraca,,7:33,4,4,4,0,1442,Zeljko Rebraca,LAC,Los Angeles,1610612746.0,Clippers,2549,Chris Kaman,LAC,Los Angeles,1610612746.0,Clippers,0,,,,,,,,,13:37 PM
377,0,8,394,0020400528,SUB: Maggette FOR Simmons,,7:33,4,4,4,0,2250,Bobby Simmons,LAC,Los Angeles,1610612746.0,Clippers,1894,Corey Maggette,LAC,Los Angeles,1610612746.0,Clippers,0,,,,,,,,,13:37 PM
378,5,2,395,0020400528,MISS Brand  Layup,,7:17,4,4,0,0,1882,Elton Brand,LAC,Los Angeles,1610612746.0,Clippers,0,,,,,,0,,,,,,,,,13:38 PM
379,0,4,396,0020400528,Brand REBOUND (Off:3 Def:3),,7:16,4,4,0,0,1882,Elton Brand,LAC,Los Angeles,1610612746.0,Clippers,0,,,,,,0,,,,,,,,,13:38 PM
380,1,1,397,0020400528,Kaman 16' Jump Shot (6 PTS) (Martin 6 AST),,7:01,4,4,4,0,2549,Chris Kaman,LAC,Los Angeles,1610612746.0,Clippers,239,Darrick Martin,LAC,Los Angeles,1610612746.0,Clippers,0,,,,,,81 - 86,5,,13:38 PM
381,2,6,398,0020400528,Kittles S.FOUL (P2.T4),,6:38,4,4,0,1,954,Kerry Kittles,LAC,Los Angeles,1610612746.0,Clippers,0,,,,,,0,,,,,,,,,13:39 PM
382,0,8,399,0020400528,,,6:38,4,5,5,0,1000,Shandon Anderson,MIA,Miami,1610612748.0,Heat,224,Eddie Jones,MIA,Miami,1610612748.0,Heat,0,,,,,,,,SUB: Jones FOR Anderson,13:39 PM
383,11,3,400,0020400528,,,6:38,4,5,0,0,363,Christian Laettner,MIA,Miami,1610612748.0,Heat,0,,,,,,0,,,,,,82 - 86,4,Laettner Free Throw 1 of 2 (1 PTS),13:39 PM
384,12,3,401,0020400528,,,6:38,4,5,0,0,363,Christian Laettner,MIA,Miami,1610612748.0,Heat,0,,,,,,0,,,,,,83 - 86,3,Laettner Free Throw 2 of 2 (2 PTS),13:39 PM
385,44,1,402,0020400528,Kaman  Reverse Layup (8 PTS),,6:19,4,4,0,0,2549,Chris Kaman,LAC,Los Angeles,1610612746.0,Clippers,0,,,,,,0,,,,,,83 - 88,5,,13:40 PM
386,1,2,403,0020400528,,,6:04,4,5,0,0,1800,Damon Jones,MIA,Miami,1610612748.0,Heat,0,,,,,,0,,,,,,,,MISS Jones 26' 3PT Jump Shot,13:40 PM
387,0,4,404,0020400528,Brand REBOUND (Off:3 Def:4),,6:02,4,4,0,0,1882,Elton Brand,LAC,Los Angeles,1610612746.0,Clippers,0,,,,,,0,,,,,,,,,13:40 PM
388,5,7,406,0020400528,,,5:59,4,5,0,1,224,Eddie Jones,MIA,Miami,1610612748.0,Heat,0,,,,,,0,,,,,,,,Jones Violation:Kicked Ball,13:40 PM
389,4,9,407,0020400528,,,5:59,4,1,0,0,0,,,,,,0,,,,,,0,,,,,,,,,13:40 PM
390,0,8,409,0020400528,SUB: Moore FOR Brand,,5:59,4,4,4,0,1882,Elton Brand,LAC,Los Angeles,1610612746.0,Clippers,1630,Mikki Moore,LAC,Los Angeles,1610612746.0,Clippers,0,,,,,,,,,13:43 PM
391,1,5,411,0020400528,Kittles Bad Pass Turnover (P1.T10),,5:57,4,4,5,0,954,Kerry Kittles,LAC,Los Angeles,1610612746.0,Clippers,363,Christian Laettner,MIA,Miami,1610612748.0,Heat,0,,,,,,,,Laettner STEAL (2 STL),13:43 PM
392,5,2,412,0020400528,,,5:53,4,5,0,0,363,Christian Laettner,MIA,Miami,1610612748.0,Heat,0,,,,,,0,,,,,,,,MISS Laettner  Layup,13:43 PM
393,0,4,414,0020400528,,,5:49,4,5,0,0,2446,Rasual Butler,MIA,Miami,1610612748.0,Heat,0,,,,,,0,,,,,,,,Butler REBOUND (Off:2 Def:2),13:43 PM
394,4,2,413,0020400528,,,5:49,4,5,0,0,2446,Rasual Butler,MIA,Miami,1610612748.0,Heat,0,,,,,,0,,,,,,,,MISS Butler  Tip Shot,13:43 PM
395,0,4,415,0020400528,Moore REBOUND (Off:0 Def:2),,5:47,4,4,0,0,1630,Mikki Moore,LAC,Los Angeles,1610612746.0,Clippers,0,,,,,,0,,,,,,,,,13:43 PM
396,1,6,416,0020400528,,,5:36,4,5,0,1,224,Eddie Jones,MIA,Miami,1610612748.0,Heat,0,,,,,,0,,,,,,,,Jones P.FOUL (P4.T2),13:43 PM
397,5,2,417,0020400528,MISS Maggette  Layup,,5:24,4,4,0,0,1894,Corey Maggette,LAC,Los Angeles,1610612746.0,Clippers,0,,,,,,0,,,,,,,,,13:44 PM
398,0,4,418,0020400528,,,5:24,4,3,0,0,1610612748,,,,,,0,,,,,,0,,,,,,,,Heat Rebound,13:44 PM
399,1,6,419,0020400528,Kittles P.FOUL (P3.PN),,5:15,4,4,0,1,954,Kerry Kittles,LAC,Los Angeles,1610612746.0,Clippers,0,,,,,,0,,,,,,,,,13:44 PM
400,0,8,420,0020400528,,,5:15,4,5,5,0,363,Christian Laettner,MIA,Miami,1610612748.0,Heat,2617,Udonis Haslem,MIA,Miami,1610612748.0,Heat,0,,,,,,,,SUB: Haslem FOR Laettner,13:44 PM
401,11,3,421,0020400528,,,5:15,4,5,0,0,224,Eddie Jones,MIA,Miami,1610612748.0,Heat,0,,,,,,0,,,,,,84 - 88,4,Jones Free Throw 1 of 2 (16 PTS),13:45 PM
402,12,3,422,0020400528,,,5:15,4,5,0,0,224,Eddie Jones,MIA,Miami,1610612748.0,Heat,0,,,,,,0,,,,,,85 - 88,3,Jones Free Throw 2 of 2 (17 PTS),13:45 PM
403,2,6,423,0020400528,,,4:56,4,5,0,1,406,Shaquille O'Neal,MIA,Miami,1610612748.0,Heat,0,,,,,,0,,,,,,,,O'Neal S.FOUL (P3.T3),13:45 PM
404,0,8,424,0020400528,SUB: Brand FOR Moore,,4:56,4,4,4,0,1630,Mikki Moore,LAC,Los Angeles,1610612746.0,Clippers,1882,Elton Brand,LAC,Los Angeles,1610612746.0,Clippers,0,,,,,,,,,13:45 PM
405,11,3,425,0020400528,Maggette Free Throw 1 of 2 (14 PTS),,4:56,4,4,0,0,1894,Corey Maggette,LAC,Los Angeles,1610612746.0,Clippers,0,,,,,,0,,,,,,85 - 89,4,,13:45 PM
406,12,3,426,0020400528,Maggette Free Throw 2 of 2 (15 PTS),,4:56,4,4,0,0,1894,Corey Maggette,LAC,Los Angeles,1610612746.0,Clippers,0,,,,,,0,,,,,,85 - 90,5,,13:46 PM
407,1,1,427,0020400528,,,4:42,4,5,5,0,1800,Damon Jones,MIA,Miami,1610612748.0,Heat,224,Eddie Jones,MIA,Miami,1610612748.0,Heat,0,,,,,,87 - 90,3,Jones 13' Jump Shot (7 PTS) (Jones 4 AST),13:46 PM
408,2,6,428,0020400528,,,4:29,4,5,0,1,406,Shaquille O'Neal,MIA,Miami,1610612748.0,Heat,0,,,,,,0,,,,,,,,O'Neal S.FOUL (P4.T4),13:47 PM
409,11,3,429,0020400528,Maggette Free Throw 1 of 2 (16 PTS),,4:29,4,4,0,0,1894,Corey Maggette,LAC,Los Angeles,1610612746.0,Clippers,0,,,,,,0,,,,,,87 - 91,4,,13:47 PM
410,12,3,430,0020400528,Maggette Free Throw 2 of 2 (17 PTS),,4:29,4,4,0,0,1894,Corey Maggette,LAC,Los Angeles,1610612746.0,Clippers,0,,,,,,0,,,,,,87 - 92,5,,13:47 PM
411,1,1,431,0020400528,,,4:12,4,5,5,0,2446,Rasual Butler,MIA,Miami,1610612748.0,Heat,406,Shaquille O'Neal,MIA,Miami,1610612748.0,Heat,0,,,,,,90 - 92,2,Butler 25' 3PT Jump Shot (13 PTS) (O'Neal 4 AST),13:48 PM
412,1,2,432,0020400528,MISS Kaman 13' Jump Shot,,3:56,4,4,0,0,2549,Chris Kaman,LAC,Los Angeles,1610612746.0,Clippers,0,,,,,,0,,,,,,,,,13:48 PM
413,0,4,434,0020400528,Brand REBOUND (Off:4 Def:4),,3:55,4,4,0,0,1882,Elton Brand,LAC,Los Angeles,1610612746.0,Clippers,0,,,,,,0,,,,,,,,,13:48 PM
414,4,1,433,0020400528,Brand  Tip Shot (28 PTS),,3:55,4,4,0,0,1882,Elton Brand,LAC,Los Angeles,1610612746.0,Clippers,0,,,,,,0,,,,,,90 - 94,4,,13:48 PM
415,3,2,435,0020400528,,,3:34,4,5,0,0,406,Shaquille O'Neal,MIA,Miami,1610612748.0,Heat,0,,,,,,0,,,,,,,,MISS O'Neal 7' Hook Shot,13:48 PM
416,0,4,436,0020400528,Kaman REBOUND (Off:1 Def:9),,3:32,4,4,0,0,2549,Chris Kaman,LAC,Los Angeles,1610612746.0,Clippers,0,,,,,,0,,,,,,,,,13:48 PM
417,1,2,437,0020400528,MISS Brand 12' Jump Shot,,3:16,4,4,0,0,1882,Elton Brand,LAC,Los Angeles,1610612746.0,Clippers,0,,,,,,0,,,,,,,,,13:48 PM
418,0,4,438,0020400528,,,3:14,4,5,0,0,406,Shaquille O'Neal,MIA,Miami,1610612748.0,Heat,0,,,,,,0,,,,,,,,O'Neal REBOUND (Off:4 Def:4),13:48 PM
419,1,2,439,0020400528,,,3:00,4,5,0,0,224,Eddie Jones,MIA,Miami,1610612748.0,Heat,0,,,,,,0,,,,,,,,MISS Jones 26' 3PT Jump Shot,13:49 PM
420,0,4,440,0020400528,CLIPPERS Rebound,,2:58,4,2,0,0,1610612746,,,,,,0,,,,,,0,,,,,,,,,13:49 PM
421,1,9,441,0020400528,CLIPPERS Timeout: Regular (Full 4 Short 0),,2:58,4,2,0,0,1610612746,,,,,,0,,,,,,0,,,,,,,,,13:49 PM
422,2,6,443,0020400528,,,2:41,4,5,0,1,2446,Rasual Butler,MIA,Miami,1610612748.0,Heat,0,,,,,,0,,,,,,,,Butler S.FOUL (P3.PN),13:52 PM
423,11,3,444,0020400528,Brand Free Throw 1 of 2 (29 PTS),,2:41,4,4,0,0,1882,Elton Brand,LAC,Los Angeles,1610612746.0,Clippers,0,,,,,,0,,,,,,90 - 95,5,,13:52 PM
424,12,3,445,0020400528,MISS Brand Free Throw 2 of 2,,2:41,4,4,0,0,1882,Elton Brand,LAC,Los Angeles,1610612746.0,Clippers,0,,,,,,0,,,,,,,,,13:52 PM
425,0,4,446,0020400528,,,2:40,4,5,0,0,2617,Udonis Haslem,MIA,Miami,1610612748.0,Heat,0,,,,,,0,,,,,,,,Haslem REBOUND (Off:2 Def:6),13:52 PM
426,5,1,447,0020400528,,,2:20,4,5,0,0,406,Shaquille O'Neal,MIA,Miami,1610612748.0,Heat,0,,,,,,0,,,,,,92 - 95,3,O'Neal  Layup (29 PTS),13:53 PM
427,2,6,448,0020400528,,,1:59,4,5,0,1,2617,Udonis Haslem,MIA,Miami,1610612748.0,Heat,0,,,,,,0,,,,,,,,Haslem S.FOUL (P3.PN),13:53 PM
428,11,3,449,0020400528,MISS Kaman Free Throw 1 of 2,,1:59,4,4,0,0,2549,Chris Kaman,LAC,Los Angeles,1610612746.0,Clippers,0,,,,,,0,,,,,,,,,13:53 PM
429,1,4,450,0020400528,CLIPPERS Rebound,,1:59,4,2,0,0,1610612746,,,,,,0,,,,,,0,,,,,,,,,13:53 PM
430,12,3,451,0020400528,Kaman Free Throw 2 of 2 (9 PTS),,1:59,4,4,0,0,2549,Chris Kaman,LAC,Los Angeles,1610612746.0,Clippers,0,,,,,,0,,,,,,92 - 96,4,,13:54 PM
431,1,2,452,0020400528,,,1:43,4,5,0,0,1800,Damon Jones,MIA,Miami,1610612748.0,Heat,0,,,,,,0,,,,,,,,MISS Jones 25' 3PT Jump Shot,13:54 PM
432,0,4,453,0020400528,Maggette REBOUND (Off:1 Def:5),,1:42,4,4,0,0,1894,Corey Maggette,LAC,Los Angeles,1610612746.0,Clippers,0,,,,,,0,,,,,,,,,13:54 PM
433,1,2,454,0020400528,MISS Martin 10' Jump Shot,,1:22,4,4,0,0,239,Darrick Martin,LAC,Los Angeles,1610612746.0,Clippers,0,,,,,,0,,,,,,,,,13:55 PM
434,0,4,455,0020400528,,,1:20,4,5,0,0,406,Shaquille O'Neal,MIA,Miami,1610612748.0,Heat,0,,,,,,0,,,,,,,,O'Neal REBOUND (Off:4 Def:5),13:55 PM
435,2,6,456,0020400528,Kaman S.FOUL (P4.PN),,1:09,4,4,0,1,2549,Chris Kaman,LAC,Los Angeles,1610612746.0,Clippers,0,,,,,,0,,,,,,,,,13:55 PM
436,0,8,457,0020400528,SUB: Simmons FOR Kaman,,1:09,4,4,4,0,2549,Chris Kaman,LAC,Los Angeles,1610612746.0,Clippers,2250,Bobby Simmons,LAC,Los Angeles,1610612746.0,Clippers,0,,,,,,,,,13:55 PM
437,11,3,458,0020400528,,,1:09,4,5,0,0,406,Shaquille O'Neal,MIA,Miami,1610612748.0,Heat,0,,,,,,0,,,,,,93 - 96,3,O'Neal Free Throw 1 of 2 (30 PTS),13:55 PM
438,0,8,460,0020400528,,,1:09,4,5,5,0,2446,Rasual Butler,MIA,Miami,1610612748.0,Heat,1000,Shandon Anderson,MIA,Miami,1610612748.0,Heat,0,,,,,,,,SUB: Anderson FOR Butler,13:56 PM
439,12,3,461,0020400528,,,1:09,4,5,0,0,406,Shaquille O'Neal,MIA,Miami,1610612748.0,Heat,0,,,,,,0,,,,,,,,MISS O'Neal Free Throw 2 of 2,13:56 PM
440,0,4,462,0020400528,Maggette REBOUND (Off:1 Def:6),,1:08,4,4,0,0,1894,Corey Maggette,LAC,Los Angeles,1610612746.0,Clippers,0,,,,,,0,,,,,,,,,13:56 PM
441,1,2,463,0020400528,MISS Maggette 20' Jump Shot,,0:47,4,4,0,0,1894,Corey Maggette,LAC,Los Angeles,1610612746.0,Clippers,0,,,,,,0,,,,,,,,,13:56 PM
442,0,4,464,0020400528,,,0:47,4,3,0,0,1610612748,,,,,,0,,,,,,0,,,,,,,,Heat Rebound,13:56 PM
443,3,6,465,0020400528,Brand L.B.FOUL (P4.PN),,0:47,4,4,0,1,1882,Elton Brand,LAC,Los Angeles,1610612746.0,Clippers,0,,,,,,0,,,,,,,,,13:56 PM
444,11,3,466,0020400528,,,0:47,4,5,0,0,2617,Udonis Haslem,MIA,Miami,1610612748.0,Heat,0,,,,,,0,,,,,,94 - 96,2,Haslem Free Throw 1 of 2 (15 PTS),13:57 PM
445,12,3,467,0020400528,,,0:47,4,5,0,0,2617,Udonis Haslem,MIA,Miami,1610612748.0,Heat,0,,,,,,0,,,,,,95 - 96,1,Haslem Free Throw 2 of 2 (16 PTS),13:57 PM
446,2,9,468,0020400528,CLIPPERS Timeout: Short (Full 4 Short 1),,0:47,4,2,0,0,1610612746,,,,,,0,,,,,,0,,,,,,,,,13:57 PM
447,1,2,470,0020400528,MISS Maggette 7' Jump Shot,,0:26,4,4,0,0,1894,Corey Maggette,LAC,Los Angeles,1610612746.0,Clippers,0,,,,,,0,,,,,,,,,13:59 PM
448,0,4,471,0020400528,,,0:26,4,3,0,0,1610612748,,,,,,0,,,,,,0,,,,,,,,Heat Rebound,13:59 PM
449,1,9,472,0020400528,,,0:26,4,3,0,0,1610612748,,,,,,0,,,,,,0,,,,,,,,Heat Timeout: Regular (Reg.5 Short 1),13:59 PM
450,0,8,474,0020400528,SUB: Kaman FOR Maggette,,0:26,4,4,4,0,1894,Corey Maggette,LAC,Los Angeles,1610612746.0,Clippers,2549,Chris Kaman,LAC,Los Angeles,1610612746.0,Clippers,0,,,,,,,,,14:01 PM
451,0,8,475,0020400528,SUB: Ross FOR Martin,,0:26,4,4,4,0,239,Darrick Martin,LAC,Los Angeles,1610612746.0,Clippers,2624,Quinton Ross,LAC,Los Angeles,1610612746.0,Clippers,0,,,,,,,,,14:01 PM
452,0,8,477,0020400528,,,0:26,4,5,5,0,1000,Shandon Anderson,MIA,Miami,1610612748.0,Heat,2446,Rasual Butler,MIA,Miami,1610612748.0,Heat,0,,,,,,,,SUB: Butler FOR Anderson,14:01 PM
453,2,6,478,0020400528,Kaman S.FOUL (P5.PN),,0:14,4,4,0,1,2549,Chris Kaman,LAC,Los Angeles,1610612746.0,Clippers,0,,,,,,0,,,,,,,,,14:02 PM
454,11,3,479,0020400528,,,0:14,4,5,0,0,406,Shaquille O'Neal,MIA,Miami,1610612748.0,Heat,0,,,,,,0,,,,,,96 - 96,TIE,O'Neal Free Throw 1 of 2 (31 PTS),14:02 PM
455,0,8,480,0020400528,SUB: Maggette FOR Ross,,0:14,4,4,4,0,2624,Quinton Ross,LAC,Los Angeles,1610612746.0,Clippers,1894,Corey Maggette,LAC,Los Angeles,1610612746.0,Clippers,0,,,,,,,,,14:02 PM
456,0,8,481,0020400528,,,0:14,4,5,5,0,2446,Rasual Butler,MIA,Miami,1610612748.0,Heat,1000,Shandon Anderson,MIA,Miami,1610612748.0,Heat,0,,,,,,,,SUB: Anderson FOR Butler,14:02 PM
457,0,8,483,0020400528,SUB: Rebraca FOR Simmons,,0:14,4,4,4,0,2250,Bobby Simmons,LAC,Los Angeles,1610612746.0,Clippers,1442,Zeljko Rebraca,LAC,Los Angeles,1610612746.0,Clippers,0,,,,,,,,,14:02 PM
458,12,3,484,0020400528,,,0:14,4,5,0,0,406,Shaquille O'Neal,MIA,Miami,1610612748.0,Heat,0,,,,,,0,,,,,,,,MISS O'Neal Free Throw 2 of 2,14:02 PM
459,0,4,485,0020400528,Kittles REBOUND (Off:0 Def:5),,0:14,4,4,0,0,954,Kerry Kittles,LAC,Los Angeles,1610612746.0,Clippers,0,,,,,,0,,,,,,,,,14:03 PM
460,1,9,486,0020400528,CLIPPERS Timeout: Regular (Full 5 Short 1),,0:14,4,2,0,0,1610612746,,,,,,0,,,,,,0,,,,,,,,,14:03 PM
461,0,8,488,0020400528,SUB: Martin FOR Kaman,,0:14,4,4,4,0,2549,Chris Kaman,LAC,Los Angeles,1610612746.0,Clippers,239,Darrick Martin,LAC,Los Angeles,1610612746.0,Clippers,0,,,,,,,,,14:04 PM
462,0,8,489,0020400528,SUB: Simmons FOR Rebraca,,0:14,4,4,4,0,1442,Zeljko Rebraca,LAC,Los Angeles,1610612746.0,Clippers,2250,Bobby Simmons,LAC,Los Angeles,1610612746.0,Clippers,0,,,,,,,,,14:04 PM
463,1,2,491,0020400528,MISS Martin 27' 3PT Jump Shot,,0:00,4,4,0,0,239,Darrick Martin,LAC,Los Angeles,1610612746.0,Clippers,0,,,,,,0,,,,,,,,,14:05 PM
464,0,4,492,0020400528,CLIPPERS Rebound,,0:00,4,2,0,0,1610612746,,,,,,0,,,,,,0,,,,,,,,,14:05 PM
465,0,13,493,0020400528,,,0:00,4,0,0,0,0,,,,,,0,,,,,,0,,,,,,96 - 96,TIE,,14:05 PM
466,0,12,495,0020400528,,,5:00,5,0,0,0,0,,,,,,0,,,,,,0,,,,,,96 - 96,TIE,,14:07 PM
467,0,10,496,0020400528,Jump Ball Kaman vs. O'Neal: Tip to Jones,,5:00,5,4,5,5,2549,Chris Kaman,LAC,Los Angeles,1610612746.0,Clippers,406,Shaquille O'Neal,MIA,Miami,1610612748.0,Heat,224,Eddie Jones,MIA,Miami,1610612748.0,Heat,,,,14:07 PM
468,3,2,497,0020400528,,,4:41,5,5,0,0,406,Shaquille O'Neal,MIA,Miami,1610612748.0,Heat,0,,,,,,0,,,,,,,,MISS O'Neal 4' Hook Shot,14:08 PM
469,0,4,498,0020400528,Brand REBOUND (Off:4 Def:5),,4:38,5,4,0,0,1882,Elton Brand,LAC,Los Angeles,1610612746.0,Clippers,0,,,,,,0,,,,,,,,,14:08 PM
470,1,1,499,0020400528,Martin 26' 3PT Jump Shot (12 PTS) (Maggette 4 AST),,4:18,5,4,4,0,239,Darrick Martin,LAC,Los Angeles,1610612746.0,Clippers,1894,Corey Maggette,LAC,Los Angeles,1610612746.0,Clippers,0,,,,,,96 - 99,3,,14:08 PM
471,2,6,500,0020400528,Brand S.FOUL (P5.T1),,3:59,5,4,0,1,1882,Elton Brand,LAC,Los Angeles,1610612746.0,Clippers,0,,,,,,0,,,,,,,,,14:08 PM
472,0,8,502,0020400528,,,3:59,5,5,5,0,1000,Shandon Anderson,MIA,Miami,1610612748.0,Heat,2446,Rasual Butler,MIA,Miami,1610612748.0,Heat,0,,,,,,,,SUB: Butler FOR Anderson,14:09 PM
473,11,3,503,0020400528,,,3:59,5,5,0,0,224,Eddie Jones,MIA,Miami,1610612748.0,Heat,0,,,,,,0,,,,,,97 - 99,2,Jones Free Throw 1 of 2 (18 PTS),14:09 PM
474,12,3,504,0020400528,,,3:59,5,5,0,0,224,Eddie Jones,MIA,Miami,1610612748.0,Heat,0,,,,,,0,,,,,,,,MISS Jones Free Throw 2 of 2,14:09 PM
475,0,4,505,0020400528,Brand REBOUND (Off:4 Def:6),,3:57,5,4,0,0,1882,Elton Brand,LAC,Los Angeles,1610612746.0,Clippers,0,,,,,,0,,,,,,,,,14:09 PM
476,1,1,506,0020400528,Maggette 6' Jump Shot (19 PTS) (Brand 4 AST),,3:42,5,4,4,0,1894,Corey Maggette,LAC,Los Angeles,1610612746.0,Clippers,1882,Elton Brand,LAC,Los Angeles,1610612746.0,Clippers,0,,,,,,97 - 101,4,,14:09 PM
477,5,1,507,0020400528,,,3:22,5,5,0,0,406,Shaquille O'Neal,MIA,Miami,1610612748.0,Heat,0,,,,,,0,,,,,,99 - 101,2,O'Neal  Layup (33 PTS),14:10 PM
478,4,6,508,0020400528,Maggette OFF.Foul (P4),,3:02,5,4,0,1,1894,Corey Maggette,LAC,Los Angeles,1610612746.0,Clippers,0,,,,,,0,,,,,,,,,14:10 PM
479,5,5,509,0020400528,Maggette Foul Turnover (P2.T11),,3:02,5,4,0,1,1894,Corey Maggette,LAC,Los Angeles,1610612746.0,Clippers,0,,,,,,0,,,,,,,,,14:10 PM
480,2,6,510,0020400528,Kaman S.FOUL (P6.T2),,2:47,5,4,0,1,2549,Chris Kaman,LAC,Los Angeles,1610612746.0,Clippers,0,,,,,,0,,,,,,,,,14:10 PM
481,0,8,512,0020400528,SUB: Rebraca FOR Kaman,,2:47,5,4,4,0,2549,Chris Kaman,LAC,Los Angeles,1610612746.0,Clippers,1442,Zeljko Rebraca,LAC,Los Angeles,1610612746.0,Clippers,0,,,,,,,,,14:11 PM
482,11,3,513,0020400528,,,2:47,5,5,0,0,406,Shaquille O'Neal,MIA,Miami,1610612748.0,Heat,0,,,,,,0,,,,,,100 - 101,1,O'Neal Free Throw 1 of 2 (34 PTS),14:12 PM
483,12,3,514,0020400528,,,2:47,5,5,0,0,406,Shaquille O'Neal,MIA,Miami,1610612748.0,Heat,0,,,,,,0,,,,,,,,MISS O'Neal Free Throw 2 of 2,14:12 PM
484,0,4,515,0020400528,Brand REBOUND (Off:4 Def:7),,2:46,5,4,0,0,1882,Elton Brand,LAC,Los Angeles,1610612746.0,Clippers,0,,,,,,0,,,,,,,,,14:12 PM
485,1,9,516,0020400528,CLIPPERS Timeout: Regular (Full 6 Short 1),,2:25,5,2,0,0,1610612746,,,,,,0,,,,,,0,,,,,,,,,14:13 PM
486,1,2,517,0020400528,MISS Martin 5' Jump Shot,,2:21,5,4,0,0,239,Darrick Martin,LAC,Los Angeles,1610612746.0,Clippers,0,,,,,,0,,,,,,,,,14:15 PM
487,0,4,518,0020400528,,,2:19,5,5,0,0,2446,Rasual Butler,MIA,Miami,1610612748.0,Heat,0,,,,,,0,,,,,,,,Butler REBOUND (Off:2 Def:3),14:15 PM
488,1,1,519,0020400528,,,1:57,5,5,5,0,2446,Rasual Butler,MIA,Miami,1610612748.0,Heat,406,Shaquille O'Neal,MIA,Miami,1610612748.0,Heat,0,,,,,,103 - 101,-2,Butler 26' 3PT Jump Shot (16 PTS) (O'Neal 5 AST),14:15 PM
489,2,6,520,0020400528,,,1:39,5,5,0,1,224,Eddie Jones,MIA,Miami,1610612748.0,Heat,0,,,,,,0,,,,,,,,Jones S.FOUL (P5.T1),14:16 PM
490,13,3,521,0020400528,Maggette Free Throw 1 of 3 (20 PTS),,1:39,5,4,0,0,1894,Corey Maggette,LAC,Los Angeles,1610612746.0,Clippers,0,,,,,,0,,,,,,103 - 102,-1,,14:16 PM
491,14,3,522,0020400528,Maggette Free Throw 2 of 3 (21 PTS),,1:39,5,4,0,0,1894,Corey Maggette,LAC,Los Angeles,1610612746.0,Clippers,0,,,,,,0,,,,,,103 - 103,TIE,,14:16 PM
492,15,3,523,0020400528,Maggette Free Throw 3 of 3 (22 PTS),,1:39,5,4,0,0,1894,Corey Maggette,LAC,Los Angeles,1610612746.0,Clippers,0,,,,,,0,,,,,,103 - 104,1,,14:16 PM
493,1,9,524,0020400528,,,1:39,5,3,0,0,1610612748,,,,,,0,,,,,,0,,,,,,,,Heat Timeout: Regular (Reg.6 Short 1),14:17 PM
494,2,6,526,0020400528,Rebraca S.FOUL (P6.T3),,1:22,5,4,0,1,1442,Zeljko Rebraca,LAC,Los Angeles,1610612746.0,Clippers,0,,,,,,0,,,,,,,,,14:19 PM
495,0,8,527,0020400528,SUB: Kittles FOR Rebraca,,1:22,5,4,4,0,1442,Zeljko Rebraca,LAC,Los Angeles,1610612746.0,Clippers,954,Kerry Kittles,LAC,Los Angeles,1610612746.0,Clippers,0,,,,,,,,,14:20 PM
496,11,3,528,0020400528,,,1:22,5,5,0,0,406,Shaquille O'Neal,MIA,Miami,1610612748.0,Heat,0,,,,,,0,,,,,,104 - 104,TIE,O'Neal Free Throw 1 of 2 (35 PTS),14:20 PM
497,12,3,529,0020400528,,,1:22,5,5,0,0,406,Shaquille O'Neal,MIA,Miami,1610612748.0,Heat,0,,,,,,0,,,,,,,,MISS O'Neal Free Throw 2 of 2,14:20 PM
498,0,4,530,0020400528,Kittles REBOUND (Off:0 Def:6),,1:21,5,4,0,0,954,Kerry Kittles,LAC,Los Angeles,1610612746.0,Clippers,0,,,,,,0,,,,,,,,,14:21 PM
499,1,1,531,0020400528,Maggette 10' Jump Shot (24 PTS) (Simmons 8 AST),,1:06,5,4,4,0,1894,Corey Maggette,LAC,Los Angeles,1610612746.0,Clippers,2250,Bobby Simmons,LAC,Los Angeles,1610612746.0,Clippers,0,,,,,,104 - 106,2,,14:21 PM
500,1,2,533,0020400528,,,0:49,5,5,0,0,2446,Rasual Butler,MIA,Miami,1610612748.0,Heat,0,,,,,,0,,,,,,,,MISS Butler 13' Jump Shot,14:21 PM
501,0,4,534,0020400528,Maggette REBOUND (Off:1 Def:7),,0:47,5,4,0,0,1894,Corey Maggette,LAC,Los Angeles,1610612746.0,Clippers,0,,,,,,0,,,,,,,,,14:21 PM
502,1,2,535,0020400528,MISS Maggette 17' Jump Shot,,0:29,5,4,0,0,1894,Corey Maggette,LAC,Los Angeles,1610612746.0,Clippers,0,,,,,,0,,,,,,,,,14:22 PM
503,0,4,536,0020400528,,,0:27,5,5,0,0,1800,Damon Jones,MIA,Miami,1610612748.0,Heat,0,,,,,,0,,,,,,,,Jones REBOUND (Off:0 Def:4),14:22 PM
504,1,9,537,0020400528,,,0:23,5,3,0,0,1610612748,,,,,,0,,,,,,0,,,,,,,,Heat Timeout: Regular (Reg.7 Short 1),14:22 PM
505,0,8,539,0020400528,SUB: Moore FOR Brand,,0:23,5,4,4,0,1882,Elton Brand,LAC,Los Angeles,1610612746.0,Clippers,1630,Mikki Moore,LAC,Los Angeles,1610612746.0,Clippers,0,,,,,,,,,14:24 PM
506,1,2,540,0020400528,,,0:04,5,5,0,0,2446,Rasual Butler,MIA,Miami,1610612748.0,Heat,0,,,,,,0,,,,,,,,MISS Butler 19' Jump Shot,14:24 PM
507,0,4,541,0020400528,,,0:02,5,5,0,0,406,Shaquille O'Neal,MIA,Miami,1610612748.0,Heat,0,,,,,,0,,,,,,,,O'Neal REBOUND (Off:5 Def:5),14:24 PM
508,1,1,542,0020400528,,,0:02,5,5,0,0,406,Shaquille O'Neal,MIA,Miami,1610612748.0,Heat,0,,,,,,0,,,,,,106 - 106,TIE,O'Neal 9' Jump Shot (37 PTS),14:25 PM
509,1,9,543,0020400528,CLIPPERS Timeout: Regular (Full 7 Short 1),,0:02,5,2,0,0,1610612746,,,,,,0,,,,,,0,,,,,,,,,14:25 PM
510,0,8,544,0020400528,SUB: Brand FOR Moore,,0:02,5,4,4,0,1630,Mikki Moore,LAC,Los Angeles,1610612746.0,Clippers,1882,Elton Brand,LAC,Los Angeles,1610612746.0,Clippers,0,,,,,,,,,14:26 PM
511,0,8,545,0020400528,,,0:02,5,5,5,0,2446,Rasual Butler,MIA,Miami,1610612748.0,Heat,1000,Shandon Anderson,MIA,Miami,1610612748.0,Heat,0,,,,,,,,SUB: Anderson FOR Butler,14:26 PM
512,1,2,546,0020400528,MISS Martin 26' 3PT Jump Shot,,0:00,5,4,0,0,239,Darrick Martin,LAC,Los Angeles,1610612746.0,Clippers,0,,,,,,0,,,,,,,,,14:27 PM
513,0,4,547,0020400528,CLIPPERS Rebound,,0:00,5,2,0,0,1610612746,,,,,,0,,,,,,0,,,,,,,,,14:27 PM
514,0,13,548,0020400528,,,0:00,5,0,0,0,0,,,,,,0,,,,,,0,,,,,,106 - 106,TIE,,14:27 PM
515,0,12,550,0020400528,,,5:00,6,0,0,0,0,,,,,,0,,,,,,0,,,,,,106 - 106,TIE,,14:29 PM
516,0,10,551,0020400528,Jump Ball N'diaye vs. O'Neal: Tip to Jones,,5:00,6,4,5,5,2055,Mamadou N'diaye,LAC,Los Angeles,1610612746.0,Clippers,406,Shaquille O'Neal,MIA,Miami,1610612748.0,Heat,1800,Damon Jones,MIA,Miami,1610612748.0,Heat,,,,14:29 PM
517,1,6,552,0020400528,N'diaye P.FOUL (P2.T1),,4:41,6,4,0,1,2055,Mamadou N'diaye,LAC,Los Angeles,1610612746.0,Clippers,0,,,,,,0,,,,,,,,,14:30 PM
518,1,2,553,0020400528,,,4:36,6,5,0,0,2446,Rasual Butler,MIA,Miami,1610612748.0,Heat,0,,,,,,0,,,,,,,,MISS Butler 16' Jump Shot,14:30 PM
519,0,4,554,0020400528,Maggette REBOUND (Off:1 Def:8),,4:35,6,4,0,0,1894,Corey Maggette,LAC,Los Angeles,1610612746.0,Clippers,0,,,,,,0,,,,,,,,,14:30 PM
520,1,1,555,0020400528,Simmons 21' Jump Shot (14 PTS) (Martin 7 AST),,4:17,6,4,4,0,2250,Bobby Simmons,LAC,Los Angeles,1610612746.0,Clippers,239,Darrick Martin,LAC,Los Angeles,1610612746.0,Clippers,0,,,,,,106 - 108,2,,14:31 PM
521,5,1,556,0020400528,,,3:53,6,5,5,0,2446,Rasual Butler,MIA,Miami,1610612748.0,Heat,224,Eddie Jones,MIA,Miami,1610612748.0,Heat,0,,,,,,108 - 108,TIE,Butler  Layup (18 PTS) (Jones 5 AST),14:31 PM
522,42,1,557,0020400528,Simmons  Driving Layup (16 PTS) (Maggette 5 AST),,3:33,6,4,4,0,2250,Bobby Simmons,LAC,Los Angeles,1610612746.0,Clippers,1894,Corey Maggette,LAC,Los Angeles,1610612746.0,Clippers,0,,,,,,108 - 110,2,,14:31 PM
523,3,1,558,0020400528,,,3:14,6,5,0,0,406,Shaquille O'Neal,MIA,Miami,1610612748.0,Heat,0,,,,,,0,,,,,,110 - 110,TIE,O'Neal 5' Hook Shot (39 PTS),14:32 PM
524,2,6,559,0020400528,N'diaye S.FOUL (P3.T2),,3:14,6,4,0,1,2055,Mamadou N'diaye,LAC,Los Angeles,1610612746.0,Clippers,0,,,,,,0,,,,,,,,,14:32 PM
525,10,3,560,0020400528,,,3:14,6,5,0,0,406,Shaquille O'Neal,MIA,Miami,1610612748.0,Heat,0,,,,,,0,,,,,,,,MISS O'Neal Free Throw 1 of 1,14:32 PM
526,0,4,561,0020400528,Simmons REBOUND (Off:1 Def:12),,3:13,6,4,0,0,2250,Bobby Simmons,LAC,Los Angeles,1610612746.0,Clippers,0,,,,,,0,,,,,,,,,14:32 PM
527,1,2,563,0020400528,MISS Brand 17' Jump Shot,,2:48,6,4,0,0,1882,Elton Brand,LAC,Los Angeles,1610612746.0,Clippers,0,,,,,,0,,,,,,,,,14:33 PM
528,0,4,564,0020400528,,,2:46,6,5,0,0,224,Eddie Jones,MIA,Miami,1610612748.0,Heat,0,,,,,,0,,,,,,,,Jones REBOUND (Off:1 Def:10),14:33 PM
529,1,2,565,0020400528,,,2:27,6,5,0,0,224,Eddie Jones,MIA,Miami,1610612748.0,Heat,0,,,,,,0,,,,,,,,MISS Jones 19' Jump Shot,14:33 PM
530,0,4,566,0020400528,Brand REBOUND (Off:4 Def:8),,2:25,6,4,0,0,1882,Elton Brand,LAC,Los Angeles,1610612746.0,Clippers,0,,,,,,0,,,,,,,,,14:33 PM
531,1,2,567,0020400528,MISS Maggette 18' Jump Shot,,2:07,6,4,0,0,1894,Corey Maggette,LAC,Los Angeles,1610612746.0,Clippers,0,,,,,,0,,,,,,,,,14:34 PM
532,0,4,568,0020400528,,,2:05,6,5,0,0,2617,Udonis Haslem,MIA,Miami,1610612748.0,Heat,0,,,,,,0,,,,,,,,Haslem REBOUND (Off:2 Def:7),14:34 PM
533,1,2,569,0020400528,,,1:47,6,5,0,0,2617,Udonis Haslem,MIA,Miami,1610612748.0,Heat,0,,,,,,0,,,,,,,,MISS Haslem 15' Jump Shot,14:34 PM
534,0,4,570,0020400528,Maggette REBOUND (Off:1 Def:9),,1:46,6,4,0,0,1894,Corey Maggette,LAC,Los Angeles,1610612746.0,Clippers,0,,,,,,0,,,,,,,,,14:34 PM
535,1,5,571,0020400528,Brand Bad Pass Turnover (P3.T12),,1:26,6,4,0,0,1882,Elton Brand,LAC,Los Angeles,1610612746.0,Clippers,0,,,,,,0,,,,,,,,,14:34 PM
536,1,9,573,0020400528,,,1:26,6,3,0,0,1610612748,,,,,,0,,,,,,0,,,,,,,,Heat Timeout: Regular (Reg.8 Short 1),14:35 PM
537,1,2,574,0020400528,,,1:09,6,5,0,0,406,Shaquille O'Neal,MIA,Miami,1610612748.0,Heat,0,,,,,,0,,,,,,,,MISS O'Neal 7' Jump Shot,14:37 PM
538,0,4,575,0020400528,Brand REBOUND (Off:4 Def:9),,1:07,6,4,0,0,1882,Elton Brand,LAC,Los Angeles,1610612746.0,Clippers,0,,,,,,0,,,,,,,,,14:37 PM
539,1,2,576,0020400528,MISS Martin 23' Jump Shot,,0:51,6,4,0,0,239,Darrick Martin,LAC,Los Angeles,1610612746.0,Clippers,0,,,,,,0,,,,,,,,,14:37 PM
540,0,4,577,0020400528,,,0:50,6,5,0,0,2617,Udonis Haslem,MIA,Miami,1610612748.0,Heat,0,,,,,,0,,,,,,,,Haslem REBOUND (Off:2 Def:8),14:37 PM
541,1,2,578,0020400528,N'diaye BLOCK (2 BLK),,0:41,6,5,0,4,2617,Udonis Haslem,MIA,Miami,1610612748.0,Heat,0,,,,,,2055,Mamadou N'diaye,LAC,Los Angeles,1610612746.0,Clippers,,,MISS Haslem 4' Jump Shot,14:37 PM
542,0,4,579,0020400528,,,0:40,6,3,0,0,1610612748,,,,,,0,,,,,,0,,,,,,,,Heat Rebound,14:37 PM
543,2,9,580,0020400528,,,0:40,6,3,0,0,1610612748,,,,,,0,,,,,,0,,,,,,,,Heat Timeout: Short (Reg.8 Short 2),14:38 PM
544,1,1,582,0020400528,,,0:32,6,5,5,0,1800,Damon Jones,MIA,Miami,1610612748.0,Heat,224,Eddie Jones,MIA,Miami,1610612748.0,Heat,0,,,,,,112 - 110,-2,Jones 18' Jump Shot (9 PTS) (Jones 6 AST),14:39 PM
545,1,9,583,0020400528,CLIPPERS Timeout: Regular (Full 8 Short 1),,0:32,6,2,0,0,1610612746,,,,,,0,,,,,,0,,,,,,,,,14:39 PM
546,0,8,585,0020400528,SUB: Kittles FOR N'diaye,,0:32,6,4,4,0,2055,Mamadou N'diaye,LAC,Los Angeles,1610612746.0,Clippers,954,Kerry Kittles,LAC,Los Angeles,1610612746.0,Clippers,0,,,,,,,,,14:41 PM
547,0,8,586,0020400528,,,0:32,6,5,5,0,2446,Rasual Butler,MIA,Miami,1610612748.0,Heat,1000,Shandon Anderson,MIA,Miami,1610612748.0,Heat,0,,,,,,,,SUB: Anderson FOR Butler,14:41 PM
548,42,1,587,0020400528,Maggette  Driving Layup (26 PTS),,0:26,6,4,0,0,1894,Corey Maggette,LAC,Los Angeles,1610612746.0,Clippers,0,,,,,,0,,,,,,112 - 112,TIE,,14:41 PM
549,1,9,588,0020400528,,,0:26,6,3,0,0,1610612748,,,,,,0,,,,,,0,,,,,,,,Heat Timeout: Regular (Reg.9 Short 2),14:41 PM
550,0,8,591,0020400528,,,0:26,6,5,5,0,2617,Udonis Haslem,MIA,Miami,1610612748.0,Heat,2446,Rasual Butler,MIA,Miami,1610612748.0,Heat,0,,,,,,,,SUB: Butler FOR Haslem,14:43 PM
551,0,8,592,0020400528,SUB: N'diaye FOR Brand,,0:26,6,4,4,0,1882,Elton Brand,LAC,Los Angeles,1610612746.0,Clippers,2055,Mamadou N'diaye,LAC,Los Angeles,1610612746.0,Clippers,0,,,,,,,,,14:44 PM
552,0,8,593,0020400528,SUB: Ross FOR Martin,,0:26,6,4,4,0,239,Darrick Martin,LAC,Los Angeles,1610612746.0,Clippers,2624,Quinton Ross,LAC,Los Angeles,1610612746.0,Clippers,0,,,,,,,,,14:44 PM
553,0,8,594,0020400528,,,0:03,6,5,5,0,1800,Damon Jones,MIA,Miami,1610612748.0,Heat,2617,Udonis Haslem,MIA,Miami,1610612748.0,Heat,0,,,,,,,,SUB: Haslem FOR Jones,14:45 PM
554,0,8,595,0020400528,SUB: Brand FOR Simmons,,0:03,6,4,4,0,2250,Bobby Simmons,LAC,Los Angeles,1610612746.0,Clippers,1882,Elton Brand,LAC,Los Angeles,1610612746.0,Clippers,0,,,,,,,,,14:45 PM
555,0,8,596,0020400528,SUB: Moore FOR Kittles,,0:03,6,4,4,0,954,Kerry Kittles,LAC,Los Angeles,1610612746.0,Clippers,1630,Mikki Moore,LAC,Los Angeles,1610612746.0,Clippers,0,,,,,,,,,14:45 PM
556,11,5,598,0020400528,,,0:02,6,3,0,1,1610612748,,,,,,0,,,,,,0,,,,,,,,Heat Turnover: Shot Clock (T#9),14:46 PM
557,1,9,599,0020400528,CLIPPERS Timeout: Regular (Full 9 Short 1),,0:02,6,2,0,0,1610612746,,,,,,0,,,,,,0,,,,,,,,,14:46 PM
558,0,8,601,0020400528,SUB: Martin FOR Moore,,0:02,6,4,4,0,1630,Mikki Moore,LAC,Los Angeles,1610612746.0,Clippers,239,Darrick Martin,LAC,Los Angeles,1610612746.0,Clippers,0,,,,,,,,,14:48 PM
559,0,8,602,0020400528,SUB: Kittles FOR Ross,,0:02,6,4,4,0,2624,Quinton Ross,LAC,Los Angeles,1610612746.0,Clippers,954,Kerry Kittles,LAC,Los Angeles,1610612746.0,Clippers,0,,,,,,,,,14:48 PM
560,0,8,603,0020400528,SUB: Simmons FOR N'diaye,,0:02,6,4,4,0,2055,Mamadou N'diaye,LAC,Los Angeles,1610612746.0,Clippers,2250,Bobby Simmons,LAC,Los Angeles,1610612746.0,Clippers,0,,,,,,,,,14:48 PM
561,0,8,604,0020400528,,,0:02,6,5,5,0,2446,Rasual Butler,MIA,Miami,1610612748.0,Heat,1800,Damon Jones,MIA,Miami,1610612748.0,Heat,0,,,,,,,,SUB: Jones FOR Butler,14:48 PM
562,1,1,606,0020400528,Maggette 23' Jump Shot (28 PTS) (Kittles 1 AST),,0:00,6,4,4,0,1894,Corey Maggette,LAC,Los Angeles,1610612746.0,Clippers,954,Kerry Kittles,LAC,Los Angeles,1610612746.0,Clippers,0,,,,,,112 - 114,2,,14:48 PM
563,1,5,608,0020400528,,,0:00,6,5,0,0,2617,Udonis Haslem,MIA,Miami,1610612748.0,Heat,0,,,,,,0,,,,,,,,Haslem Bad Pass Turnover (P1.T10),14:48 PM
564,0,13,610,0020400528,,,0:00,6,0,0,0,0,,,,,,0,,,,,,0,,,,,,112 - 114,2,,14:49 PM
