,EVENTMSGACTIONTYPE,EVENTMSGTYPE,EVENTNUM,GAME_ID,HOMEDESCRIPTION,NEUTRALDESCRIPTION,PCTIMESTRING,PERIOD,PERSON1TYPE,PERSON2TYPE,PERSON3TYPE,PLAYER1_ID,PLAYER1_NAME,PLAYER1_TEAM_ABBREVIATION,PLAYER1_TEAM_CITY,PLAYER1_TEAM_ID,PLAYER1_TEAM_NICKNAME,PLAYER2_ID,PLAYER2_NAME,PLAYER2_TEAM_ABBREVIATION,PLAYER2_TEAM_CITY,PLAYER2_TEAM_ID,PLAYER2_TEAM_NICKNAME,PLAYER3_ID,PLAYER3_NAME,PLAYER3_TEAM_ABBREVIATION,PLAYER3_TEAM_CITY,PLAYER3_TEAM_ID,PLAYER3_TEAM_NICKNAME,SCORE,SCOREMARGIN,VISITORDESCRIPTION,WCTIMESTRING
0,0,12,0,0020600445,,,12:00,1,0,0,0,0,,,,,,0,,,,,,0,,,,,,,,,8:09 PM
1,0,10,1,0020600445,Jump Ball Al. Johnson vs. Nesterovic: Tip to Calderon,,12:00,1,4,5,5,200792,Alexander Johnson,MEM,Memphis,1610612763.0,Grizzlies,1725,Rasho Nesterovic,TOR,Toronto,1610612761.0,Raptors,101181,Jose Calderon,TOR,Toronto,1610612761.0,Raptors,,,,8:09 PM
2,1,1,2,0020600445,,,11:47,1,5,5,0,200816,Jorge Garbajosa,TOR,Toronto,1610612761.0,Raptors,1725,Rasho Nesterovic,TOR,Toronto,1610612761.0,Raptors,0,,,,,,2 - 0,-2,Garbajosa 18' Jump Shot (2 PTS) (Nesterovic 1 AST),8:10 PM
3,5,1,3,0020600445,Gasol  Layup (2 PTS) (Stoudamire 1 AST),,11:31,1,4,4,0,2200,Pau Gasol,MEM,Memphis,1610612763.0,Grizzlies,757,Damon Stoudamire,MEM,Memphis,1610612763.0,Grizzlies,0,,,,,,2 - 2,TIE,,8:10 PM
4,1,5,4,0020600445,Jones STEAL (1 STL),,11:20,1,5,4,0,1725,Rasho Nesterovic,TOR,Toronto,1610612761.0,Raptors,224,Eddie Jones,MEM,Memphis,1610612763.0,Grizzlies,0,,,,,,,,Nesterovic Bad Pass Turnover (P1.T1),8:10 PM
5,4,6,5,0020600445,Al. Johnson OFF.Foul (P1),,11:16,1,4,5,1,200792,Alexander Johnson,MEM,Memphis,1610612763.0,Grizzlies,200816,Jorge Garbajosa,TOR,Toronto,1610612761.0,Raptors,0,,,,,,,,,8:10 PM
6,5,5,6,0020600445,Al. Johnson Foul Turnover (P1.T1),,11:16,1,4,0,1,200792,Alexander Johnson,MEM,Memphis,1610612763.0,Grizzlies,0,,,,,,0,,,,,,,,,8:10 PM
7,1,5,7,0020600445,,,11:03,1,5,0,0,200816,Jorge Garbajosa,TOR,Toronto,1610612761.0,Raptors,0,,,,,,0,,,,,,,,Garbajosa Bad Pass Turnover (P1.T2),8:11 PM
8,1,1,8,0020600445,Miller 25' 3PT Jump Shot (3 PTS) (Gasol 1 AST),,10:46,1,4,4,0,2034,Mike Miller,MEM,Memphis,1610612763.0,Grizzlies,2200,Pau Gasol,MEM,Memphis,1610612763.0,Grizzlies,0,,,,,,2 - 5,3,,8:11 PM
9,1,1,9,0020600445,,,10:20,1,5,5,0,101181,Jose Calderon,TOR,Toronto,1610612761.0,Raptors,1515,Anthony Parker,TOR,Toronto,1610612761.0,Raptors,0,,,,,,4 - 5,1,Calderon 21' Jump Shot (2 PTS) (Parker 1 AST),8:12 PM
10,1,2,10,0020600445,MISS Gasol 18' Jump Shot,,10:00,1,4,0,0,2200,Pau Gasol,MEM,Memphis,1610612763.0,Grizzlies,0,,,,,,0,,,,,,,,,8:12 PM
11,0,4,11,0020600445,,,9:59,1,5,0,0,101121,Joey Graham,TOR,Toronto,1610612761.0,Raptors,0,,,,,,0,,,,,,,,Graham REBOUND (Off:0 Def:1),8:12 PM
12,1,1,12,0020600445,,,9:53,1,5,5,0,200816,Jorge Garbajosa,TOR,Toronto,1610612761.0,Raptors,101181,Jose Calderon,TOR,Toronto,1610612761.0,Raptors,0,,,,,,6 - 5,-1,Garbajosa 20' Jump Shot (4 PTS) (Calderon 1 AST),8:12 PM
13,5,1,13,0020600445,Jones  Layup (2 PTS),,9:47,1,4,0,0,224,Eddie Jones,MEM,Memphis,1610612763.0,Grizzlies,0,,,,,,0,,,,,,6 - 7,1,,8:12 PM
14,2,6,14,0020600445,,,9:47,1,5,4,1,101121,Joey Graham,TOR,Toronto,1610612761.0,Raptors,224,Eddie Jones,MEM,Memphis,1610612763.0,Grizzlies,0,,,,,,,,Graham S.FOUL (P1.T1),8:12 PM
15,10,3,15,0020600445,Jones Free Throw 1 of 1 (3 PTS),,9:47,1,4,0,0,224,Eddie Jones,MEM,Memphis,1610612763.0,Grizzlies,0,,,,,,0,,,,,,6 - 8,2,,8:12 PM
16,2,6,16,0020600445,Al. Johnson S.FOUL (P2.T1),,9:27,1,4,5,1,200792,Alexander Johnson,MEM,Memphis,1610612763.0,Grizzlies,101121,Joey Graham,TOR,Toronto,1610612761.0,Raptors,0,,,,,,,,,8:13 PM
17,11,3,17,0020600445,,,9:27,1,5,0,0,101121,Joey Graham,TOR,Toronto,1610612761.0,Raptors,0,,,,,,0,,,,,,7 - 8,1,Graham Free Throw 1 of 2 (1 PTS),8:13 PM
18,0,8,18,0020600445,SUB: Warrick FOR Al. Johnson,,9:27,1,4,4,0,200792,Alexander Johnson,MEM,Memphis,1610612763.0,Grizzlies,101124,Hakim Warrick,MEM,Memphis,1610612763.0,Grizzlies,0,,,,,,,,,8:14 PM
19,12,3,19,0020600445,,,9:27,1,5,0,0,101121,Joey Graham,TOR,Toronto,1610612761.0,Raptors,0,,,,,,0,,,,,,8 - 8,TIE,Graham Free Throw 2 of 2 (2 PTS),8:14 PM
20,1,2,20,0020600445,MISS Stoudamire 22' Jump Shot,,9:14,1,4,0,0,757,Damon Stoudamire,MEM,Memphis,1610612763.0,Grizzlies,0,,,,,,0,,,,,,,,,8:14 PM
21,0,4,21,0020600445,Miller REBOUND (Off:1 Def:0),,9:13,1,4,0,0,2034,Mike Miller,MEM,Memphis,1610612763.0,Grizzlies,0,,,,,,0,,,,,,,,,8:14 PM
22,1,2,22,0020600445,MISS Miller 29' 3PT Jump Shot,,9:07,1,4,0,0,2034,Mike Miller,MEM,Memphis,1610612763.0,Grizzlies,0,,,,,,0,,,,,,,,,8:14 PM
23,0,4,23,0020600445,,,9:06,1,5,0,0,200816,Jorge Garbajosa,TOR,Toronto,1610612761.0,Raptors,0,,,,,,0,,,,,,,,Garbajosa REBOUND (Off:0 Def:1),8:14 PM
24,47,2,24,0020600445,,,8:52,1,5,0,0,1725,Rasho Nesterovic,TOR,Toronto,1610612761.0,Raptors,0,,,,,,0,,,,,,,,MISS Nesterovic 9' Turnaround Jump Shot,8:15 PM
25,0,4,25,0020600445,Gasol REBOUND (Off:0 Def:1),,8:50,1,4,0,0,2200,Pau Gasol,MEM,Memphis,1610612763.0,Grizzlies,0,,,,,,0,,,,,,,,,8:15 PM
26,1,1,26,0020600445,Stoudamire 12' Jump Shot (2 PTS),,8:30,1,4,0,0,757,Damon Stoudamire,MEM,Memphis,1610612763.0,Grizzlies,0,,,,,,0,,,,,,8 - 10,2,,8:15 PM
27,2,6,27,0020600445,Jones S.FOUL (P1.T2),,8:18,1,4,5,1,224,Eddie Jones,MEM,Memphis,1610612763.0,Grizzlies,1725,Rasho Nesterovic,TOR,Toronto,1610612761.0,Raptors,0,,,,,,,,,8:15 PM
28,11,3,28,0020600445,,,8:18,1,5,0,0,1725,Rasho Nesterovic,TOR,Toronto,1610612761.0,Raptors,0,,,,,,0,,,,,,9 - 10,1,Nesterovic Free Throw 1 of 2 (1 PTS),8:15 PM
29,0,8,29,0020600445,SUB: Swift FOR Gasol,,8:18,1,4,4,0,2200,Pau Gasol,MEM,Memphis,1610612763.0,Grizzlies,2031,Stromile Swift,MEM,Memphis,1610612763.0,Grizzlies,0,,,,,,,,,8:16 PM
30,12,3,30,0020600445,,,8:18,1,5,0,0,1725,Rasho Nesterovic,TOR,Toronto,1610612761.0,Raptors,0,,,,,,0,,,,,,,,MISS Nesterovic Free Throw 2 of 2,8:16 PM
31,0,4,31,0020600445,Swift REBOUND (Off:0 Def:1),,8:17,1,4,0,0,2031,Stromile Swift,MEM,Memphis,1610612763.0,Grizzlies,0,,,,,,0,,,,,,,,,8:16 PM
32,7,1,32,0020600445,Warrick  Dunk (2 PTS) (Jones 1 AST),,8:10,1,4,4,0,101124,Hakim Warrick,MEM,Memphis,1610612763.0,Grizzlies,224,Eddie Jones,MEM,Memphis,1610612763.0,Grizzlies,0,,,,,,9 - 12,3,,8:16 PM
33,2,6,33,0020600445,Jones S.FOUL (P2.T3),,7:52,1,4,5,1,224,Eddie Jones,MEM,Memphis,1610612763.0,Grizzlies,101121,Joey Graham,TOR,Toronto,1610612761.0,Raptors,0,,,,,,,,,8:16 PM
34,11,3,34,0020600445,,,7:52,1,5,0,0,101121,Joey Graham,TOR,Toronto,1610612761.0,Raptors,0,,,,,,0,,,,,,10 - 12,2,Graham Free Throw 1 of 2 (3 PTS),8:17 PM
35,0,8,35,0020600445,SUB: Gay FOR Jones,,7:52,1,4,4,0,224,Eddie Jones,MEM,Memphis,1610612763.0,Grizzlies,200752,Rudy Gay,MEM,Memphis,1610612763.0,Grizzlies,0,,,,,,,,,8:17 PM
36,12,3,36,0020600445,,,7:52,1,5,0,0,101121,Joey Graham,TOR,Toronto,1610612761.0,Raptors,0,,,,,,0,,,,,,11 - 12,1,Graham Free Throw 2 of 2 (4 PTS),8:17 PM
37,4,6,37,0020600445,Warrick OFF.Foul (P1),,7:47,1,4,5,1,101124,Hakim Warrick,MEM,Memphis,1610612763.0,Grizzlies,200816,Jorge Garbajosa,TOR,Toronto,1610612761.0,Raptors,0,,,,,,,,,8:17 PM
38,5,5,38,0020600445,Warrick Foul Turnover (P1.T2),,7:47,1,4,0,1,101124,Hakim Warrick,MEM,Memphis,1610612763.0,Grizzlies,0,,,,,,0,,,,,,,,,8:17 PM
39,0,8,39,0020600445,,,7:47,1,5,5,0,101121,Joey Graham,TOR,Toronto,1610612761.0,Raptors,2050,Morris Peterson,TOR,Toronto,1610612761.0,Raptors,0,,,,,,,,SUB: Peterson FOR Graham,8:17 PM
40,1,2,40,0020600445,,,7:31,1,5,0,0,101181,Jose Calderon,TOR,Toronto,1610612761.0,Raptors,0,,,,,,0,,,,,,,,MISS Calderon 22' Jump Shot,8:18 PM
41,0,4,41,0020600445,Warrick REBOUND (Off:0 Def:1),,7:30,1,4,0,0,101124,Hakim Warrick,MEM,Memphis,1610612763.0,Grizzlies,0,,,,,,0,,,,,,,,,8:18 PM
42,1,1,42,0020600445,Miller 22' Jump Shot (5 PTS),,7:11,1,4,0,0,2034,Mike Miller,MEM,Memphis,1610612763.0,Grizzlies,0,,,,,,0,,,,,,11 - 14,3,,8:18 PM
43,1,2,43,0020600445,,,7:00,1,5,0,0,1725,Rasho Nesterovic,TOR,Toronto,1610612761.0,Raptors,0,,,,,,0,,,,,,,,MISS Nesterovic 8' Jump Shot,8:18 PM
44,0,4,44,0020600445,,,6:59,1,5,0,0,1515,Anthony Parker,TOR,Toronto,1610612761.0,Raptors,0,,,,,,0,,,,,,,,Parker REBOUND (Off:1 Def:0),8:18 PM
45,66,2,45,0020600445,,,6:57,1,5,0,0,1515,Anthony Parker,TOR,Toronto,1610612761.0,Raptors,0,,,,,,0,,,,,,,,MISS Parker 7' Jump Bank Shot,8:19 PM
46,0,4,46,0020600445,Miller REBOUND (Off:1 Def:1),,6:54,1,4,0,0,2034,Mike Miller,MEM,Memphis,1610612763.0,Grizzlies,0,,,,,,0,,,,,,,,,8:19 PM
47,41,2,47,0020600445,MISS Stoudamire  Running Layup,,6:35,1,4,0,5,757,Damon Stoudamire,MEM,Memphis,1610612763.0,Grizzlies,0,,,,,,1725,Rasho Nesterovic,TOR,Toronto,1610612761.0,Raptors,,,Nesterovic BLOCK (1 BLK),8:19 PM
48,0,4,48,0020600445,GRIZZLIES Rebound,,6:33,1,2,0,0,1610612763,,,,,,0,,,,,,0,,,,,,,,,8:19 PM
49,11,5,49,0020600445,GRIZZLIES Turnover: Shot Clock (T#3),,6:33,1,2,0,1,1610612763,,,,,,0,,,,,,0,,,,,,,,,8:19 PM
50,0,8,50,0020600445,SUB: Atkins FOR Stoudamire,,6:33,1,4,4,0,757,Damon Stoudamire,MEM,Memphis,1610612763.0,Grizzlies,1088,Chucky Atkins,MEM,Memphis,1610612763.0,Grizzlies,0,,,,,,,,,8:19 PM
51,1,2,51,0020600445,,,6:20,1,5,0,0,2050,Morris Peterson,TOR,Toronto,1610612761.0,Raptors,0,,,,,,0,,,,,,,,MISS Peterson 24' 3PT Jump Shot,8:20 PM
52,0,4,52,0020600445,Gay REBOUND (Off:0 Def:1),,6:19,1,4,0,0,200752,Rudy Gay,MEM,Memphis,1610612763.0,Grizzlies,0,,,,,,0,,,,,,,,,8:20 PM
53,1,1,53,0020600445,Miller 25' 3PT Jump Shot (8 PTS) (Atkins 1 AST),,6:01,1,4,4,0,2034,Mike Miller,MEM,Memphis,1610612763.0,Grizzlies,1088,Chucky Atkins,MEM,Memphis,1610612763.0,Grizzlies,0,,,,,,11 - 17,6,,8:20 PM
54,1,2,54,0020600445,,,5:45,1,5,0,0,2050,Morris Peterson,TOR,Toronto,1610612761.0,Raptors,0,,,,,,0,,,,,,,,MISS Peterson  3PT Jump Shot,8:20 PM
55,0,4,55,0020600445,Swift REBOUND (Off:0 Def:2),,5:44,1,4,0,0,2031,Stromile Swift,MEM,Memphis,1610612763.0,Grizzlies,0,,,,,,0,,,,,,,,,8:20 PM
56,1,1,56,0020600445,Miller 25' 3PT Jump Shot (11 PTS) (Atkins 2 AST),,5:37,1,4,4,0,2034,Mike Miller,MEM,Memphis,1610612763.0,Grizzlies,1088,Chucky Atkins,MEM,Memphis,1610612763.0,Grizzlies,0,,,,,,11 - 20,9,,8:21 PM
57,1,9,57,0020600445,,,5:30,1,3,0,0,1610612761,,,,,,0,,,,,,0,,,,,,,,Raptors Timeout: Regular (Reg.1 Short 0),8:21 PM
58,0,8,59,0020600445,,,5:30,1,5,5,0,1725,Rasho Nesterovic,TOR,Toronto,1610612761.0,Raptors,200745,Andrea Bargnani,TOR,Toronto,1610612761.0,Raptors,0,,,,,,,,SUB: Bargnani FOR Nesterovic,8:23 PM
59,0,8,60,0020600445,,,5:30,1,5,5,0,1515,Anthony Parker,TOR,Toronto,1610612761.0,Raptors,2410,Fred Jones,TOR,Toronto,1610612761.0,Raptors,0,,,,,,,,SUB: Jones FOR Parker,8:23 PM
60,1,2,62,0020600445,,,5:17,1,5,0,0,2050,Morris Peterson,TOR,Toronto,1610612761.0,Raptors,0,,,,,,0,,,,,,,,MISS Peterson 25' 3PT Jump Shot,8:23 PM
61,0,4,63,0020600445,Swift REBOUND (Off:0 Def:3),,5:17,1,4,0,0,2031,Stromile Swift,MEM,Memphis,1610612763.0,Grizzlies,0,,,,,,0,,,,,,,,,8:23 PM
62,1,2,64,0020600445,MISS Gay 22' Jump Shot,,5:09,1,4,0,0,200752,Rudy Gay,MEM,Memphis,1610612763.0,Grizzlies,0,,,,,,0,,,,,,,,,8:24 PM
63,0,4,65,0020600445,,,5:08,1,5,0,0,200816,Jorge Garbajosa,TOR,Toronto,1610612761.0,Raptors,0,,,,,,0,,,,,,,,Garbajosa REBOUND (Off:0 Def:2),8:24 PM
64,1,6,66,0020600445,Gay P.FOUL (P1.T4),,5:01,1,4,5,1,200752,Rudy Gay,MEM,Memphis,1610612763.0,Grizzlies,2410,Fred Jones,TOR,Toronto,1610612761.0,Raptors,0,,,,,,,,,8:24 PM
65,1,1,67,0020600445,,,4:53,1,5,5,0,200816,Jorge Garbajosa,TOR,Toronto,1610612761.0,Raptors,101181,Jose Calderon,TOR,Toronto,1610612761.0,Raptors,0,,,,,,13 - 20,7,Garbajosa 20' Jump Shot (6 PTS) (Calderon 2 AST),8:24 PM
66,49,1,68,0020600445,Gay  Driving Dunk (2 PTS),,4:46,1,4,0,0,200752,Rudy Gay,MEM,Memphis,1610612763.0,Grizzlies,0,,,,,,0,,,,,,13 - 22,9,,8:24 PM
67,2,6,69,0020600445,Warrick S.FOUL (P2.PN),,4:29,1,4,5,1,101124,Hakim Warrick,MEM,Memphis,1610612763.0,Grizzlies,200745,Andrea Bargnani,TOR,Toronto,1610612761.0,Raptors,0,,,,,,,,,8:25 PM
68,11,3,70,0020600445,,,4:29,1,5,0,0,200745,Andrea Bargnani,TOR,Toronto,1610612761.0,Raptors,0,,,,,,0,,,,,,14 - 22,8,Bargnani Free Throw 1 of 2 (1 PTS),8:25 PM
69,0,8,71,0020600445,SUB: Gasol FOR Warrick,,4:29,1,4,4,0,101124,Hakim Warrick,MEM,Memphis,1610612763.0,Grizzlies,2200,Pau Gasol,MEM,Memphis,1610612763.0,Grizzlies,0,,,,,,,,,8:25 PM
70,12,3,72,0020600445,,,4:29,1,5,0,0,200745,Andrea Bargnani,TOR,Toronto,1610612761.0,Raptors,0,,,,,,0,,,,,,,,MISS Bargnani Free Throw 2 of 2,8:25 PM
71,0,4,73,0020600445,Gasol REBOUND (Off:0 Def:2),,4:28,1,4,0,0,2200,Pau Gasol,MEM,Memphis,1610612763.0,Grizzlies,0,,,,,,0,,,,,,,,,8:25 PM
72,47,1,74,0020600445,Swift 6' Turnaround Jump Shot (2 PTS) (Miller 1 AST),,4:18,1,4,4,0,2031,Stromile Swift,MEM,Memphis,1610612763.0,Grizzlies,2034,Mike Miller,MEM,Memphis,1610612763.0,Grizzlies,0,,,,,,14 - 24,10,,8:26 PM
73,4,5,75,0020600445,,,3:58,1,5,0,1,200745,Andrea Bargnani,TOR,Toronto,1610612761.0,Raptors,0,,,,,,0,,,,,,,,Bargnani Traveling Turnover (P1.T3),8:26 PM
74,2,6,76,0020600445,,,3:49,1,5,4,1,200816,Jorge Garbajosa,TOR,Toronto,1610612761.0,Raptors,2031,Stromile Swift,MEM,Memphis,1610612763.0,Grizzlies,0,,,,,,,,Garbajosa S.FOUL (P1.T2),8:26 PM
75,11,3,77,0020600445,Swift Free Throw 1 of 2 (3 PTS),,3:49,1,4,0,0,2031,Stromile Swift,MEM,Memphis,1610612763.0,Grizzlies,0,,,,,,0,,,,,,14 - 25,11,,8:27 PM
76,0,8,78,0020600445,SUB: Jones FOR Miller,,3:49,1,4,4,0,2034,Mike Miller,MEM,Memphis,1610612763.0,Grizzlies,2563,Dahntay Jones,MEM,Memphis,1610612763.0,Grizzlies,0,,,,,,,,,8:27 PM
77,12,3,79,0020600445,Swift Free Throw 2 of 2 (4 PTS),,3:49,1,4,0,0,2031,Stromile Swift,MEM,Memphis,1610612763.0,Grizzlies,0,,,,,,0,,,,,,14 - 26,12,,8:27 PM
78,1,6,80,0020600445,Jones P.FOUL (P1.PN),,3:38,1,4,5,1,2563,Dahntay Jones,MEM,Memphis,1610612763.0,Grizzlies,101181,Jose Calderon,TOR,Toronto,1610612761.0,Raptors,0,,,,,,,,,8:27 PM
79,11,3,81,0020600445,,,3:38,1,5,0,0,101181,Jose Calderon,TOR,Toronto,1610612761.0,Raptors,0,,,,,,0,,,,,,15 - 26,11,Calderon Free Throw 1 of 2 (3 PTS),8:28 PM
80,12,3,82,0020600445,,,3:38,1,5,0,0,101181,Jose Calderon,TOR,Toronto,1610612761.0,Raptors,0,,,,,,0,,,,,,16 - 26,10,Calderon Free Throw 2 of 2 (4 PTS),8:28 PM
81,41,1,83,0020600445,Swift  Running Layup (6 PTS),,3:31,1,4,0,0,2031,Stromile Swift,MEM,Memphis,1610612763.0,Grizzlies,0,,,,,,0,,,,,,16 - 28,12,,8:28 PM
82,4,6,84,0020600445,,,3:07,1,5,4,1,200816,Jorge Garbajosa,TOR,Toronto,1610612761.0,Raptors,2563,Dahntay Jones,MEM,Memphis,1610612763.0,Grizzlies,0,,,,,,,,Garbajosa OFF.Foul (P2),8:29 PM
83,5,5,85,0020600445,,,3:07,1,5,0,1,200816,Jorge Garbajosa,TOR,Toronto,1610612761.0,Raptors,0,,,,,,0,,,,,,,,Garbajosa Foul Turnover (P2.T4),8:29 PM
84,0,8,86,0020600445,,,3:07,1,5,5,0,200816,Jorge Garbajosa,TOR,Toronto,1610612761.0,Raptors,1725,Rasho Nesterovic,TOR,Toronto,1610612761.0,Raptors,0,,,,,,,,SUB: Nesterovic FOR Garbajosa,8:29 PM
85,1,2,87,0020600445,MISS Gasol 13' Jump Shot,,2:47,1,4,0,0,2200,Pau Gasol,MEM,Memphis,1610612763.0,Grizzlies,0,,,,,,0,,,,,,,,,8:29 PM
86,0,4,89,0020600445,Jones REBOUND (Off:1 Def:0),,2:46,1,4,0,0,2563,Dahntay Jones,MEM,Memphis,1610612763.0,Grizzlies,0,,,,,,0,,,,,,,,,8:29 PM
87,64,1,88,0020600445,Jones  Follow Up Dunk (2 PTS),,2:46,1,4,0,0,2563,Dahntay Jones,MEM,Memphis,1610612763.0,Grizzlies,0,,,,,,0,,,,,,16 - 30,14,,8:29 PM
88,1,2,90,0020600445,,,2:28,1,5,0,0,200745,Andrea Bargnani,TOR,Toronto,1610612761.0,Raptors,0,,,,,,0,,,,,,,,MISS Bargnani 25' 3PT Jump Shot,8:30 PM
89,0,4,91,0020600445,Jones REBOUND (Off:1 Def:1),,2:26,1,4,0,0,2563,Dahntay Jones,MEM,Memphis,1610612763.0,Grizzlies,0,,,,,,0,,,,,,,,,8:30 PM
90,8,1,92,0020600445,Jones  Slam Dunk (4 PTS),,2:22,1,4,0,0,2563,Dahntay Jones,MEM,Memphis,1610612763.0,Grizzlies,0,,,,,,0,,,,,,16 - 32,16,,8:30 PM
91,2,9,93,0020600445,,,2:19,1,3,0,0,1610612761,,,,,,0,,,,,,0,,,,,,,,Raptors Timeout: Short (Reg.1 Short 1),8:30 PM
92,1,9,94,0020600445,GRIZZLIES Timeout: Regular (Full 1 Short 0),,2:19,1,2,0,0,1610612763,,,,,,0,,,,,,0,,,,,,,,,8:30 PM
93,0,8,96,0020600445,,,2:19,1,5,5,0,2050,Morris Peterson,TOR,Toronto,1610612761.0,Raptors,101121,Joey Graham,TOR,Toronto,1610612761.0,Raptors,0,,,,,,,,SUB: Graham FOR Peterson,8:32 PM
94,5,2,98,0020600445,Swift BLOCK (1 BLK),,1:55,1,5,0,4,101121,Joey Graham,TOR,Toronto,1610612761.0,Raptors,0,,,,,,2031,Stromile Swift,MEM,Memphis,1610612763.0,Grizzlies,,,MISS Graham  Layup,8:33 PM
95,0,4,99,0020600445,Swift REBOUND (Off:0 Def:4),,1:53,1,4,0,0,2031,Stromile Swift,MEM,Memphis,1610612763.0,Grizzlies,0,,,,,,0,,,,,,,,,8:33 PM
96,44,2,100,0020600445,MISS Gay  Reverse Layup,,1:50,1,4,0,5,200752,Rudy Gay,MEM,Memphis,1610612763.0,Grizzlies,0,,,,,,2410,Fred Jones,TOR,Toronto,1610612761.0,Raptors,,,Jones BLOCK (1 BLK),8:33 PM
97,0,4,101,0020600445,,,1:48,1,5,0,0,200745,Andrea Bargnani,TOR,Toronto,1610612761.0,Raptors,0,,,,,,0,,,,,,,,Bargnani REBOUND (Off:0 Def:1),8:33 PM
98,4,6,102,0020600445,,,1:45,1,5,4,1,101121,Joey Graham,TOR,Toronto,1610612761.0,Raptors,2031,Stromile Swift,MEM,Memphis,1610612763.0,Grizzlies,0,,,,,,,,Graham OFF.Foul (P2),8:34 PM
99,5,5,103,0020600445,,,1:45,1,5,0,1,101121,Joey Graham,TOR,Toronto,1610612761.0,Raptors,0,,,,,,0,,,,,,,,Graham Foul Turnover (P1.T5),8:34 PM
100,0,8,104,0020600445,,,1:45,1,5,5,0,101181,Jose Calderon,TOR,Toronto,1610612761.0,Raptors,239,Darrick Martin,TOR,Toronto,1610612761.0,Raptors,0,,,,,,,,SUB: Martin FOR Calderon,8:34 PM
101,1,1,105,0020600445,Atkins 26' 3PT Jump Shot (3 PTS) (Jones 1 AST),,1:32,1,4,4,0,1088,Chucky Atkins,MEM,Memphis,1610612763.0,Grizzlies,2563,Dahntay Jones,MEM,Memphis,1610612763.0,Grizzlies,0,,,,,,16 - 35,19,,8:34 PM
102,40,5,106,0020600445,,,1:14,1,5,0,0,101121,Joey Graham,TOR,Toronto,1610612761.0,Raptors,0,,,,,,0,,,,,,,,Graham Out of Bounds Lost Ball Turnover (P2.T6),8:34 PM
103,1,2,107,0020600445,MISS Jones 20' Jump Shot,,0:59,1,4,0,0,2563,Dahntay Jones,MEM,Memphis,1610612763.0,Grizzlies,0,,,,,,0,,,,,,,,,8:35 PM
104,0,4,108,0020600445,,,0:58,1,5,0,0,1725,Rasho Nesterovic,TOR,Toronto,1610612761.0,Raptors,0,,,,,,0,,,,,,,,Nesterovic REBOUND (Off:0 Def:1),8:35 PM
105,4,5,109,0020600445,,,0:39,1,5,0,1,2410,Fred Jones,TOR,Toronto,1610612761.0,Raptors,0,,,,,,0,,,,,,,,Jones Traveling Turnover (P1.T7),8:35 PM
106,7,1,110,0020600445,Swift  Dunk (8 PTS),,0:28,1,4,0,0,2031,Stromile Swift,MEM,Memphis,1610612763.0,Grizzlies,0,,,,,,0,,,,,,16 - 37,21,,8:36 PM
107,1,1,111,0020600445,,,0:07,1,5,0,0,200745,Andrea Bargnani,TOR,Toronto,1610612761.0,Raptors,0,,,,,,0,,,,,,18 - 37,19,Bargnani 15' Jump Shot (3 PTS),8:36 PM
108,1,6,112,0020600445,,,0:05,1,5,4,1,239,Darrick Martin,TOR,Toronto,1610612761.0,Raptors,1088,Chucky Atkins,MEM,Memphis,1610612763.0,Grizzlies,0,,,,,,,,Martin P.FOUL (P1.T3),8:36 PM
109,1,6,113,0020600445,,,0:03,1,5,4,1,239,Darrick Martin,TOR,Toronto,1610612761.0,Raptors,1088,Chucky Atkins,MEM,Memphis,1610612763.0,Grizzlies,0,,,,,,,,Martin P.FOUL (P2.PN),8:37 PM
110,11,3,114,0020600445,Atkins Free Throw 1 of 2 (4 PTS),,0:03,1,4,0,0,1088,Chucky Atkins,MEM,Memphis,1610612763.0,Grizzlies,0,,,,,,0,,,,,,18 - 38,20,,8:37 PM
111,12,3,115,0020600445,Atkins Free Throw 2 of 2 (5 PTS),,0:03,1,4,0,0,1088,Chucky Atkins,MEM,Memphis,1610612763.0,Grizzlies,0,,,,,,0,,,,,,18 - 39,21,,8:37 PM
112,1,2,116,0020600445,,,0:01,1,5,0,0,2410,Fred Jones,TOR,Toronto,1610612761.0,Raptors,0,,,,,,0,,,,,,,,MISS Jones 47' 3PT Jump Shot,8:37 PM
113,0,4,118,0020600445,,,0:00,1,3,0,0,1610612761,,,,,,0,,,,,,0,,,,,,,,Raptors Rebound,8:37 PM
114,0,13,117,0020600445,,,0:00,1,0,0,0,0,,,,,,0,,,,,,0,,,,,,18 - 39,21,,8:37 PM
115,0,12,120,0020600445,,,12:00,2,0,0,0,0,,,,,,0,,,,,,0,,,,,,18 - 39,21,,8:40 PM
116,1,1,121,0020600445,Jones 26' 3PT Jump Shot (6 PTS) (Gasol 2 AST),,11:42,2,4,4,0,224,Eddie Jones,MEM,Memphis,1610612763.0,Grizzlies,2200,Pau Gasol,MEM,Memphis,1610612763.0,Grizzlies,0,,,,,,18 - 42,24,,8:40 PM
117,2,6,122,0020600445,Miller S.FOUL (P1.T1),,11:29,2,4,5,1,2034,Mike Miller,MEM,Memphis,1610612763.0,Grizzlies,1515,Anthony Parker,TOR,Toronto,1610612761.0,Raptors,0,,,,,,,,,8:41 PM
118,11,3,123,0020600445,,,11:29,2,5,0,0,1515,Anthony Parker,TOR,Toronto,1610612761.0,Raptors,0,,,,,,0,,,,,,19 - 42,23,Parker Free Throw 1 of 2 (1 PTS),8:41 PM
119,0,8,124,0020600445,SUB: Al. Johnson FOR Swift,,11:29,2,4,4,0,2031,Stromile Swift,MEM,Memphis,1610612763.0,Grizzlies,200792,Alexander Johnson,MEM,Memphis,1610612763.0,Grizzlies,0,,,,,,,,,8:41 PM
120,12,3,125,0020600445,,,11:29,2,5,0,0,1515,Anthony Parker,TOR,Toronto,1610612761.0,Raptors,0,,,,,,0,,,,,,20 - 42,22,Parker Free Throw 2 of 2 (2 PTS),8:41 PM
121,62,1,126,0020600445,Miller 5' Turnaround Finger Roll (13 PTS),,11:14,2,4,0,0,2034,Mike Miller,MEM,Memphis,1610612763.0,Grizzlies,0,,,,,,0,,,,,,20 - 44,24,,8:42 PM
122,1,2,127,0020600445,,,11:02,2,5,0,0,200745,Andrea Bargnani,TOR,Toronto,1610612761.0,Raptors,0,,,,,,0,,,,,,,,MISS Bargnani 13' Jump Shot,8:42 PM
123,0,4,128,0020600445,,,11:01,2,3,0,0,1610612761,,,,,,0,,,,,,0,,,,,,,,Raptors Rebound,8:42 PM
124,1,1,129,0020600445,,,10:50,2,5,0,0,1515,Anthony Parker,TOR,Toronto,1610612761.0,Raptors,0,,,,,,0,,,,,,22 - 44,22,Parker 5' Jump Shot (4 PTS),8:42 PM
125,1,2,130,0020600445,MISS Al. Johnson 6' Jump Shot,,10:36,2,4,0,0,200792,Alexander Johnson,MEM,Memphis,1610612763.0,Grizzlies,0,,,,,,0,,,,,,,,,8:43 PM
126,0,4,131,0020600445,,,10:33,2,5,0,0,1515,Anthony Parker,TOR,Toronto,1610612761.0,Raptors,0,,,,,,0,,,,,,,,Parker REBOUND (Off:1 Def:1),8:43 PM
127,1,2,132,0020600445,,,10:22,2,5,0,0,1515,Anthony Parker,TOR,Toronto,1610612761.0,Raptors,0,,,,,,0,,,,,,,,MISS Parker 27' 3PT Jump Shot,8:43 PM
128,0,4,133,0020600445,,,10:19,2,5,0,0,1725,Rasho Nesterovic,TOR,Toronto,1610612761.0,Raptors,0,,,,,,0,,,,,,,,Nesterovic REBOUND (Off:1 Def:1),8:43 PM
129,5,2,134,0020600445,Gasol BLOCK (1 BLK),,10:18,2,5,0,4,1725,Rasho Nesterovic,TOR,Toronto,1610612761.0,Raptors,0,,,,,,2200,Pau Gasol,MEM,Memphis,1610612763.0,Grizzlies,,,MISS Nesterovic  Layup,8:43 PM
130,0,4,135,0020600445,Gasol REBOUND (Off:0 Def:3),,10:15,2,4,0,0,2200,Pau Gasol,MEM,Memphis,1610612763.0,Grizzlies,0,,,,,,0,,,,,,,,,8:43 PM
131,1,2,136,0020600445,MISS Miller 25' 3PT Jump Shot,,10:11,2,4,0,0,2034,Mike Miller,MEM,Memphis,1610612763.0,Grizzlies,0,,,,,,0,,,,,,,,,8:43 PM
132,0,4,137,0020600445,,,10:08,2,5,0,0,200745,Andrea Bargnani,TOR,Toronto,1610612761.0,Raptors,0,,,,,,0,,,,,,,,Bargnani REBOUND (Off:0 Def:2),8:43 PM
133,5,1,138,0020600445,,,9:59,2,5,5,0,1725,Rasho Nesterovic,TOR,Toronto,1610612761.0,Raptors,239,Darrick Martin,TOR,Toronto,1610612761.0,Raptors,0,,,,,,24 - 44,20,Nesterovic  Layup (3 PTS) (Martin 1 AST),8:43 PM
134,1,5,139,0020600445,Gasol Bad Pass Turnover (P1.T4),,9:37,2,4,5,0,2200,Pau Gasol,MEM,Memphis,1610612763.0,Grizzlies,1515,Anthony Parker,TOR,Toronto,1610612761.0,Raptors,0,,,,,,,,Parker STEAL (1 STL),8:44 PM
135,4,6,140,0020600445,,,9:31,2,5,4,1,2410,Fred Jones,TOR,Toronto,1610612761.0,Raptors,200792,Alexander Johnson,MEM,Memphis,1610612763.0,Grizzlies,0,,,,,,,,Jones OFF.Foul (P1),8:44 PM
136,5,5,141,0020600445,,,9:31,2,5,0,1,2410,Fred Jones,TOR,Toronto,1610612761.0,Raptors,0,,,,,,0,,,,,,,,Jones Foul Turnover (P2.T8),8:44 PM
137,1,6,142,0020600445,,,9:20,2,5,4,1,1515,Anthony Parker,TOR,Toronto,1610612761.0,Raptors,2200,Pau Gasol,MEM,Memphis,1610612763.0,Grizzlies,0,,,,,,,,Parker P.FOUL (P1.T1),8:44 PM
138,51,1,143,0020600445,Gasol  Reverse Dunk (4 PTS) (Jones 2 AST),,9:11,2,4,4,0,2200,Pau Gasol,MEM,Memphis,1610612763.0,Grizzlies,224,Eddie Jones,MEM,Memphis,1610612763.0,Grizzlies,0,,,,,,24 - 46,22,,8:45 PM
139,5,1,144,0020600445,,,8:57,2,5,5,0,1725,Rasho Nesterovic,TOR,Toronto,1610612761.0,Raptors,239,Darrick Martin,TOR,Toronto,1610612761.0,Raptors,0,,,,,,26 - 46,20,Nesterovic  Layup (5 PTS) (Martin 2 AST),8:45 PM
140,45,2,148,0020600445,MISS Stoudamire 6' Jump Shot,,8:39,2,4,0,0,757,Damon Stoudamire,MEM,Memphis,1610612763.0,Grizzlies,0,,,,,,0,,,,,,,,,8:45 PM
141,0,4,145,0020600445,,,8:39,2,5,0,0,200745,Andrea Bargnani,TOR,Toronto,1610612761.0,Raptors,0,,,,,,0,,,,,,,,Bargnani REBOUND (Off:0 Def:3),8:45 PM
142,1,2,146,0020600445,,,8:30,2,5,0,0,200745,Andrea Bargnani,TOR,Toronto,1610612761.0,Raptors,0,,,,,,0,,,,,,,,MISS Bargnani 26' 3PT Jump Shot,8:45 PM
143,0,4,147,0020600445,Gasol REBOUND (Off:0 Def:4),,8:27,2,4,0,0,2200,Pau Gasol,MEM,Memphis,1610612763.0,Grizzlies,0,,,,,,0,,,,,,,,,8:45 PM
144,21,5,149,0020600445,Al. Johnson Palming Turnover (P2.T5),,8:13,2,4,0,1,200792,Alexander Johnson,MEM,Memphis,1610612763.0,Grizzlies,0,,,,,,0,,,,,,,,,8:46 PM
145,4,9,150,0020600445,,,8:13,2,1,0,0,0,,,,,,0,,,,,,0,,,,,,,,,8:46 PM
146,0,8,152,0020600445,,,8:13,2,5,5,0,2410,Fred Jones,TOR,Toronto,1610612761.0,Raptors,200816,Jorge Garbajosa,TOR,Toronto,1610612761.0,Raptors,0,,,,,,,,SUB: Garbajosa FOR Jones,8:48 PM
147,0,8,153,0020600445,SUB: Swift FOR Al. Johnson,,8:13,2,4,4,0,200792,Alexander Johnson,MEM,Memphis,1610612763.0,Grizzlies,2031,Stromile Swift,MEM,Memphis,1610612763.0,Grizzlies,0,,,,,,,,,8:48 PM
148,0,8,155,0020600445,SUB: Warrick FOR Gasol,,8:09,2,4,4,0,2200,Pau Gasol,MEM,Memphis,1610612763.0,Grizzlies,101124,Hakim Warrick,MEM,Memphis,1610612763.0,Grizzlies,0,,,,,,,,,8:48 PM
149,1,2,156,0020600445,,,7:56,2,5,0,0,239,Darrick Martin,TOR,Toronto,1610612761.0,Raptors,0,,,,,,0,,,,,,,,MISS Martin 25' 3PT Jump Shot,8:48 PM
150,0,4,157,0020600445,GRIZZLIES Rebound,,7:56,2,2,0,0,1610612763,,,,,,0,,,,,,0,,,,,,,,,8:48 PM
151,1,5,158,0020600445,Swift Bad Pass Turnover (P1.T6),,7:37,2,4,5,0,2031,Stromile Swift,MEM,Memphis,1610612763.0,Grizzlies,239,Darrick Martin,TOR,Toronto,1610612761.0,Raptors,0,,,,,,,,Martin STEAL (1 STL),8:49 PM
152,3,6,159,0020600445,Swift L.B.FOUL (P1.T2),,7:37,2,4,5,1,2031,Stromile Swift,MEM,Memphis,1610612763.0,Grizzlies,239,Darrick Martin,TOR,Toronto,1610612761.0,Raptors,0,,,,,,,,,8:49 PM
153,2,5,160,0020600445,Miller STEAL (1 STL),,7:25,2,5,4,0,200745,Andrea Bargnani,TOR,Toronto,1610612761.0,Raptors,2034,Mike Miller,MEM,Memphis,1610612763.0,Grizzlies,0,,,,,,,,Bargnani Lost Ball Turnover (P2.T9),8:49 PM
154,4,6,161,0020600445,Miller OFF.Foul (P2),,7:20,2,4,5,1,2034,Mike Miller,MEM,Memphis,1610612763.0,Grizzlies,239,Darrick Martin,TOR,Toronto,1610612761.0,Raptors,0,,,,,,,,,8:49 PM
155,5,5,162,0020600445,Miller Foul Turnover (P1.T7),,7:20,2,4,0,1,2034,Mike Miller,MEM,Memphis,1610612763.0,Grizzlies,0,,,,,,0,,,,,,,,,8:49 PM
156,0,8,163,0020600445,,,7:20,2,5,5,0,1725,Rasho Nesterovic,TOR,Toronto,1610612761.0,Raptors,2743,Kris Humphries,TOR,Toronto,1610612761.0,Raptors,0,,,,,,,,SUB: Humphries FOR Nesterovic,8:49 PM
157,7,1,164,0020600445,,,7:10,2,5,5,0,2743,Kris Humphries,TOR,Toronto,1610612761.0,Raptors,200745,Andrea Bargnani,TOR,Toronto,1610612761.0,Raptors,0,,,,,,28 - 46,18,Humphries  Dunk (2 PTS) (Bargnani 1 AST),8:50 PM
158,2,6,165,0020600445,,,7:00,2,5,4,1,200816,Jorge Garbajosa,TOR,Toronto,1610612761.0,Raptors,224,Eddie Jones,MEM,Memphis,1610612763.0,Grizzlies,0,,,,,,,,Garbajosa S.FOUL (P3.T2),8:50 PM
159,11,3,166,0020600445,Jones Free Throw 1 of 2 (7 PTS),,7:00,2,4,0,0,224,Eddie Jones,MEM,Memphis,1610612763.0,Grizzlies,0,,,,,,0,,,,,,28 - 47,19,,8:50 PM
160,12,3,167,0020600445,Jones Free Throw 2 of 2 (8 PTS),,7:00,2,4,0,0,224,Eddie Jones,MEM,Memphis,1610612763.0,Grizzlies,0,,,,,,0,,,,,,28 - 48,20,,8:50 PM
161,1,2,168,0020600445,,,6:41,2,5,0,0,200745,Andrea Bargnani,TOR,Toronto,1610612761.0,Raptors,0,,,,,,0,,,,,,,,MISS Bargnani 26' 3PT Jump Shot,8:51 PM
162,0,4,169,0020600445,Stoudamire REBOUND (Off:0 Def:1),,6:39,2,4,0,0,757,Damon Stoudamire,MEM,Memphis,1610612763.0,Grizzlies,0,,,,,,0,,,,,,,,,8:51 PM
163,8,2,170,0020600445,MISS Warrick  Slam Dunk,,6:34,2,4,0,0,101124,Hakim Warrick,MEM,Memphis,1610612763.0,Grizzlies,0,,,,,,0,,,,,,,,,8:51 PM
164,0,4,171,0020600445,,,6:31,2,5,0,0,200816,Jorge Garbajosa,TOR,Toronto,1610612761.0,Raptors,0,,,,,,0,,,,,,,,Garbajosa REBOUND (Off:0 Def:3),8:51 PM
165,1,2,172,0020600445,,,6:26,2,5,0,0,200816,Jorge Garbajosa,TOR,Toronto,1610612761.0,Raptors,0,,,,,,0,,,,,,,,MISS Garbajosa 27' 3PT Jump Shot,8:51 PM
166,0,4,173,0020600445,Warrick REBOUND (Off:0 Def:2),,6:22,2,4,0,0,101124,Hakim Warrick,MEM,Memphis,1610612763.0,Grizzlies,0,,,,,,0,,,,,,,,,8:51 PM
167,1,5,174,0020600445,Stoudamire Bad Pass Turnover (P1.T8),,6:20,2,4,5,0,757,Damon Stoudamire,MEM,Memphis,1610612763.0,Grizzlies,200816,Jorge Garbajosa,TOR,Toronto,1610612761.0,Raptors,0,,,,,,,,Garbajosa STEAL (1 STL),8:51 PM
168,1,1,175,0020600445,,,6:04,2,5,5,0,239,Darrick Martin,TOR,Toronto,1610612761.0,Raptors,1515,Anthony Parker,TOR,Toronto,1610612761.0,Raptors,0,,,,,,31 - 48,17,Martin 25' 3PT Jump Shot (3 PTS) (Parker 2 AST),8:51 PM
169,5,2,176,0020600445,MISS Swift  Layup,,5:52,2,4,0,0,2031,Stromile Swift,MEM,Memphis,1610612763.0,Grizzlies,0,,,,,,0,,,,,,,,,8:52 PM
170,0,4,177,0020600445,Swift REBOUND (Off:1 Def:4),,5:48,2,4,0,0,2031,Stromile Swift,MEM,Memphis,1610612763.0,Grizzlies,0,,,,,,0,,,,,,,,,8:52 PM
171,5,2,178,0020600445,MISS Swift  Layup,,5:46,2,4,0,0,2031,Stromile Swift,MEM,Memphis,1610612763.0,Grizzlies,0,,,,,,0,,,,,,,,,8:52 PM
172,0,4,179,0020600445,,,5:44,2,5,0,0,200816,Jorge Garbajosa,TOR,Toronto,1610612761.0,Raptors,0,,,,,,0,,,,,,,,Garbajosa REBOUND (Off:0 Def:4),8:52 PM
173,1,1,180,0020600445,,,5:39,2,5,5,0,1515,Anthony Parker,TOR,Toronto,1610612761.0,Raptors,239,Darrick Martin,TOR,Toronto,1610612761.0,Raptors,0,,,,,,34 - 48,14,Parker 24' 3PT Jump Shot (7 PTS) (Martin 3 AST),8:52 PM
174,1,9,181,0020600445,GRIZZLIES Timeout: Regular (Full 2 Short 0),,5:38,2,2,0,0,1610612763,,,,,,0,,,,,,0,,,,,,,,,8:52 PM
175,0,8,185,0020600445,SUB: Atkins FOR Jones,,5:38,2,4,4,0,224,Eddie Jones,MEM,Memphis,1610612763.0,Grizzlies,1088,Chucky Atkins,MEM,Memphis,1610612763.0,Grizzlies,0,,,,,,,,,8:54 PM
176,0,8,186,0020600445,SUB: Jones FOR Stoudamire,,5:38,2,4,4,0,757,Damon Stoudamire,MEM,Memphis,1610612763.0,Grizzlies,2563,Dahntay Jones,MEM,Memphis,1610612763.0,Grizzlies,0,,,,,,,,,8:54 PM
177,0,8,187,0020600445,SUB: Gasol FOR Warrick,,5:38,2,4,4,0,101124,Hakim Warrick,MEM,Memphis,1610612763.0,Grizzlies,2200,Pau Gasol,MEM,Memphis,1610612763.0,Grizzlies,0,,,,,,,,,8:54 PM
178,0,8,188,0020600445,,,5:38,2,5,5,0,200816,Jorge Garbajosa,TOR,Toronto,1610612761.0,Raptors,2050,Morris Peterson,TOR,Toronto,1610612761.0,Raptors,0,,,,,,,,SUB: Peterson FOR Garbajosa,8:54 PM
179,1,1,189,0020600445,Miller 26' 3PT Jump Shot (16 PTS) (Gasol 3 AST),,5:23,2,4,4,0,2034,Mike Miller,MEM,Memphis,1610612763.0,Grizzlies,2200,Pau Gasol,MEM,Memphis,1610612763.0,Grizzlies,0,,,,,,34 - 51,17,,8:55 PM
180,4,6,190,0020600445,,,5:09,2,5,4,1,2743,Kris Humphries,TOR,Toronto,1610612761.0,Raptors,2034,Mike Miller,MEM,Memphis,1610612763.0,Grizzlies,0,,,,,,,,Humphries OFF.Foul (P1),8:55 PM
181,5,5,191,0020600445,,,5:09,2,5,0,1,2743,Kris Humphries,TOR,Toronto,1610612761.0,Raptors,0,,,,,,0,,,,,,,,Humphries Foul Turnover (P1.T10),8:55 PM
182,2,6,193,0020600445,,,5:02,2,5,4,1,200745,Andrea Bargnani,TOR,Toronto,1610612761.0,Raptors,2200,Pau Gasol,MEM,Memphis,1610612763.0,Grizzlies,0,,,,,,,,Bargnani S.FOUL (P1.T3),8:55 PM
183,11,3,194,0020600445,Gasol Free Throw 1 of 2 (5 PTS),,5:02,2,4,0,0,2200,Pau Gasol,MEM,Memphis,1610612763.0,Grizzlies,0,,,,,,0,,,,,,34 - 52,18,,8:55 PM
184,12,3,195,0020600445,Gasol Free Throw 2 of 2 (6 PTS),,5:02,2,4,0,0,2200,Pau Gasol,MEM,Memphis,1610612763.0,Grizzlies,0,,,,,,0,,,,,,34 - 53,19,,8:56 PM
185,1,2,196,0020600445,Swift BLOCK (2 BLK),,4:47,2,5,0,4,1515,Anthony Parker,TOR,Toronto,1610612761.0,Raptors,0,,,,,,2031,Stromile Swift,MEM,Memphis,1610612763.0,Grizzlies,,,MISS Parker 25' 3PT Jump Shot,8:56 PM
186,0,4,197,0020600445,Miller REBOUND (Off:1 Def:2),,4:45,2,4,0,0,2034,Mike Miller,MEM,Memphis,1610612763.0,Grizzlies,0,,,,,,0,,,,,,,,,8:56 PM
187,2,6,198,0020600445,,,4:44,2,5,4,1,200745,Andrea Bargnani,TOR,Toronto,1610612761.0,Raptors,2563,Dahntay Jones,MEM,Memphis,1610612763.0,Grizzlies,0,,,,,,,,Bargnani S.FOUL (P2.T4),8:56 PM
188,11,3,199,0020600445,Jones Free Throw 1 of 2 (5 PTS),,4:44,2,4,0,0,2563,Dahntay Jones,MEM,Memphis,1610612763.0,Grizzlies,0,,,,,,0,,,,,,34 - 54,20,,8:57 PM
189,12,3,200,0020600445,Jones Free Throw 2 of 2 (6 PTS),,4:44,2,4,0,0,2563,Dahntay Jones,MEM,Memphis,1610612763.0,Grizzlies,0,,,,,,0,,,,,,34 - 55,21,,8:57 PM
190,63,2,201,0020600445,,,4:23,2,5,0,0,2743,Kris Humphries,TOR,Toronto,1610612761.0,Raptors,0,,,,,,0,,,,,,,,MISS Humphries 12' Fadeaway Jumper,8:57 PM
191,0,4,202,0020600445,Gasol REBOUND (Off:0 Def:5),,4:21,2,4,0,0,2200,Pau Gasol,MEM,Memphis,1610612763.0,Grizzlies,0,,,,,,0,,,,,,,,,8:57 PM
192,1,2,203,0020600445,MISS Miller 27' 3PT Jump Shot,,4:17,2,4,0,0,2034,Mike Miller,MEM,Memphis,1610612763.0,Grizzlies,0,,,,,,0,,,,,,,,,8:57 PM
193,0,4,204,0020600445,,,4:14,2,5,0,0,2050,Morris Peterson,TOR,Toronto,1610612761.0,Raptors,0,,,,,,0,,,,,,,,Peterson REBOUND (Off:0 Def:1),8:57 PM
194,42,2,205,0020600445,,,4:05,2,5,0,0,239,Darrick Martin,TOR,Toronto,1610612761.0,Raptors,0,,,,,,0,,,,,,,,MISS Martin  Driving Layup,8:58 PM
195,0,4,206,0020600445,Gasol REBOUND (Off:0 Def:6),,4:03,2,4,0,0,2200,Pau Gasol,MEM,Memphis,1610612763.0,Grizzlies,0,,,,,,0,,,,,,,,,8:58 PM
196,1,5,207,0020600445,Atkins Bad Pass Turnover (P1.T9),,3:59,2,4,5,0,1088,Chucky Atkins,MEM,Memphis,1610612763.0,Grizzlies,2050,Morris Peterson,TOR,Toronto,1610612761.0,Raptors,0,,,,,,,,Peterson STEAL (1 STL),8:58 PM
197,7,1,208,0020600445,,,3:54,2,5,5,0,2743,Kris Humphries,TOR,Toronto,1610612761.0,Raptors,2050,Morris Peterson,TOR,Toronto,1610612761.0,Raptors,0,,,,,,36 - 55,19,Humphries  Dunk (4 PTS) (Peterson 1 AST),8:58 PM
198,61,2,209,0020600445,MISS Swift  Driving Finger Roll,,3:42,2,4,0,0,2031,Stromile Swift,MEM,Memphis,1610612763.0,Grizzlies,0,,,,,,0,,,,,,,,,8:58 PM
199,0,4,210,0020600445,,,3:36,2,5,0,0,2050,Morris Peterson,TOR,Toronto,1610612761.0,Raptors,0,,,,,,0,,,,,,,,Peterson REBOUND (Off:0 Def:2),8:58 PM
200,2,6,211,0020600445,Jones S.FOUL (P2.T3),,3:26,2,4,5,1,2563,Dahntay Jones,MEM,Memphis,1610612763.0,Grizzlies,200745,Andrea Bargnani,TOR,Toronto,1610612761.0,Raptors,0,,,,,,,,,8:58 PM
201,0,8,212,0020600445,,,3:26,2,5,5,0,239,Darrick Martin,TOR,Toronto,1610612761.0,Raptors,101181,Jose Calderon,TOR,Toronto,1610612761.0,Raptors,0,,,,,,,,SUB: Calderon FOR Martin,8:59 PM
202,11,3,213,0020600445,,,3:26,2,5,0,0,200745,Andrea Bargnani,TOR,Toronto,1610612761.0,Raptors,0,,,,,,0,,,,,,37 - 55,18,Bargnani Free Throw 1 of 2 (4 PTS),8:59 PM
203,0,8,214,0020600445,SUB: Gay FOR Miller,,3:26,2,4,4,0,2034,Mike Miller,MEM,Memphis,1610612763.0,Grizzlies,200752,Rudy Gay,MEM,Memphis,1610612763.0,Grizzlies,0,,,,,,,,,8:59 PM
204,12,3,215,0020600445,,,3:26,2,5,0,0,200745,Andrea Bargnani,TOR,Toronto,1610612761.0,Raptors,0,,,,,,0,,,,,,38 - 55,17,Bargnani Free Throw 2 of 2 (5 PTS),8:59 PM
205,1,2,216,0020600445,MISS Swift 7' Jump Shot,,3:12,2,4,0,0,2031,Stromile Swift,MEM,Memphis,1610612763.0,Grizzlies,0,,,,,,0,,,,,,,,,8:59 PM
206,0,4,217,0020600445,,,3:11,2,5,0,0,1515,Anthony Parker,TOR,Toronto,1610612761.0,Raptors,0,,,,,,0,,,,,,,,Parker REBOUND (Off:1 Def:2),8:59 PM
207,1,1,218,0020600445,,,3:03,2,5,5,0,2050,Morris Peterson,TOR,Toronto,1610612761.0,Raptors,1515,Anthony Parker,TOR,Toronto,1610612761.0,Raptors,0,,,,,,41 - 55,14,Peterson 26' 3PT Jump Shot (3 PTS) (Parker 3 AST),9:00 PM
208,4,5,220,0020600445,Jones Traveling Turnover (P1.T10),,2:53,2,4,0,1,2563,Dahntay Jones,MEM,Memphis,1610612763.0,Grizzlies,0,,,,,,0,,,,,,,,,9:00 PM
209,1,9,221,0020600445,,,2:53,2,3,0,0,1610612761,,,,,,0,,,,,,0,,,,,,,,Raptors Timeout: Regular (Reg.2 Short 1),9:00 PM
210,1,2,225,0020600445,,,2:38,2,5,0,0,2743,Kris Humphries,TOR,Toronto,1610612761.0,Raptors,0,,,,,,0,,,,,,,,MISS Humphries 8' Jump Shot,9:03 PM
211,0,4,226,0020600445,Swift REBOUND (Off:1 Def:5),,2:37,2,4,0,0,2031,Stromile Swift,MEM,Memphis,1610612763.0,Grizzlies,0,,,,,,0,,,,,,,,,9:03 PM
212,46,2,227,0020600445,MISS Jones 6' Running Jump Shot,,2:32,2,4,0,5,2563,Dahntay Jones,MEM,Memphis,1610612763.0,Grizzlies,0,,,,,,2743,Kris Humphries,TOR,Toronto,1610612761.0,Raptors,,,Humphries BLOCK (1 BLK),9:03 PM
213,0,4,228,0020600445,GRIZZLIES Rebound,,2:32,2,2,0,0,1610612763,,,,,,0,,,,,,0,,,,,,,,,9:03 PM
214,1,1,229,0020600445,Atkins 26' 3PT Jump Shot (8 PTS) (Gasol 4 AST),,2:21,2,4,4,0,1088,Chucky Atkins,MEM,Memphis,1610612763.0,Grizzlies,2200,Pau Gasol,MEM,Memphis,1610612763.0,Grizzlies,0,,,,,,41 - 58,17,,9:03 PM
215,1,1,230,0020600445,,,2:01,2,5,0,0,200745,Andrea Bargnani,TOR,Toronto,1610612761.0,Raptors,0,,,,,,0,,,,,,43 - 58,15,Bargnani 18' Jump Shot (7 PTS),9:03 PM
216,1,2,231,0020600445,MISS Gasol 5' Jump Shot,,1:47,2,4,0,5,2200,Pau Gasol,MEM,Memphis,1610612763.0,Grizzlies,0,,,,,,2050,Morris Peterson,TOR,Toronto,1610612761.0,Raptors,,,Peterson BLOCK (1 BLK),9:04 PM
217,0,4,232,0020600445,,,1:43,2,5,0,0,1515,Anthony Parker,TOR,Toronto,1610612761.0,Raptors,0,,,,,,0,,,,,,,,Parker REBOUND (Off:1 Def:3),9:04 PM
218,2,6,233,0020600445,Jones S.FOUL (P3.T4),,1:42,2,4,5,1,2563,Dahntay Jones,MEM,Memphis,1610612763.0,Grizzlies,101181,Jose Calderon,TOR,Toronto,1610612761.0,Raptors,0,,,,,,,,,9:04 PM
219,0,8,234,0020600445,SUB: Kinsey FOR Jones,,1:42,2,4,4,0,2563,Dahntay Jones,MEM,Memphis,1610612763.0,Grizzlies,200814,Tarence Kinsey,MEM,Memphis,1610612763.0,Grizzlies,0,,,,,,,,,9:04 PM
220,11,3,235,0020600445,,,1:42,2,5,0,0,101181,Jose Calderon,TOR,Toronto,1610612761.0,Raptors,0,,,,,,0,,,,,,44 - 58,14,Calderon Free Throw 1 of 2 (5 PTS),9:04 PM
221,12,3,236,0020600445,,,1:42,2,5,0,0,101181,Jose Calderon,TOR,Toronto,1610612761.0,Raptors,0,,,,,,0,,,,,,45 - 58,13,Calderon Free Throw 2 of 2 (6 PTS),9:05 PM
222,42,1,237,0020600445,Gay 2' Driving Layup (4 PTS),,1:19,2,4,0,0,200752,Rudy Gay,MEM,Memphis,1610612763.0,Grizzlies,0,,,,,,0,,,,,,45 - 60,15,,9:05 PM
223,1,1,238,0020600445,,,1:02,2,5,5,0,101181,Jose Calderon,TOR,Toronto,1610612761.0,Raptors,1515,Anthony Parker,TOR,Toronto,1610612761.0,Raptors,0,,,,,,47 - 60,13,Calderon 14' Jump Shot (8 PTS) (Parker 4 AST),9:05 PM
224,1,2,239,0020600445,MISS Kinsey 20' Jump Shot,,0:50,2,4,0,0,200814,Tarence Kinsey,MEM,Memphis,1610612763.0,Grizzlies,0,,,,,,0,,,,,,,,,9:06 PM
225,0,4,240,0020600445,Swift REBOUND (Off:2 Def:5),,0:48,2,4,0,0,2031,Stromile Swift,MEM,Memphis,1610612763.0,Grizzlies,0,,,,,,0,,,,,,,,,9:06 PM
226,2,5,241,0020600445,Swift Lost Ball Turnover (P2.T11),,0:45,2,4,5,0,2031,Stromile Swift,MEM,Memphis,1610612763.0,Grizzlies,2743,Kris Humphries,TOR,Toronto,1610612761.0,Raptors,0,,,,,,,,Humphries STEAL (1 STL),9:06 PM
227,5,1,242,0020600445,,,0:42,2,5,0,0,2050,Morris Peterson,TOR,Toronto,1610612761.0,Raptors,0,,,,,,0,,,,,,49 - 60,11,Peterson  Layup (5 PTS),9:06 PM
228,7,1,243,0020600445,Gasol  Dunk (8 PTS) (Atkins 3 AST),,0:41,2,4,4,0,2200,Pau Gasol,MEM,Memphis,1610612763.0,Grizzlies,1088,Chucky Atkins,MEM,Memphis,1610612763.0,Grizzlies,0,,,,,,49 - 62,13,,9:06 PM
229,2,6,244,0020600445,Atkins S.FOUL (P1.PN),,0:31,2,4,5,1,1088,Chucky Atkins,MEM,Memphis,1610612763.0,Grizzlies,101181,Jose Calderon,TOR,Toronto,1610612761.0,Raptors,0,,,,,,,,,9:06 PM
230,11,3,245,0020600445,,,0:31,2,5,0,0,101181,Jose Calderon,TOR,Toronto,1610612761.0,Raptors,0,,,,,,0,,,,,,,,MISS Calderon Free Throw 1 of 2,9:06 PM
231,1,4,246,0020600445,,,0:31,2,3,0,0,1610612761,,,,,,0,,,,,,0,,,,,,,,Raptors Rebound,9:06 PM
232,0,8,247,0020600445,,,0:31,2,5,5,0,200745,Andrea Bargnani,TOR,Toronto,1610612761.0,Raptors,200782,PJ Tucker,TOR,Toronto,1610612761.0,Raptors,0,,,,,,,,SUB: Tucker FOR Bargnani,9:07 PM
233,12,3,248,0020600445,,,0:31,2,5,0,0,101181,Jose Calderon,TOR,Toronto,1610612761.0,Raptors,0,,,,,,0,,,,,,50 - 62,12,Calderon Free Throw 2 of 2 (9 PTS),9:07 PM
234,42,1,249,0020600445,Atkins  Driving Layup (10 PTS),,0:24,2,4,0,0,1088,Chucky Atkins,MEM,Memphis,1610612763.0,Grizzlies,0,,,,,,0,,,,,,50 - 64,14,,9:07 PM
235,2,6,250,0020600445,,,0:24,2,5,4,1,101181,Jose Calderon,TOR,Toronto,1610612761.0,Raptors,1088,Chucky Atkins,MEM,Memphis,1610612763.0,Grizzlies,0,,,,,,,,Calderon S.FOUL (P1.PN),9:07 PM
236,10,3,251,0020600445,MISS Atkins Free Throw 1 of 1,,0:24,2,4,0,0,1088,Chucky Atkins,MEM,Memphis,1610612763.0,Grizzlies,0,,,,,,0,,,,,,,,,9:07 PM
237,0,4,252,0020600445,,,0:22,2,5,0,0,2743,Kris Humphries,TOR,Toronto,1610612761.0,Raptors,0,,,,,,0,,,,,,,,Humphries REBOUND (Off:0 Def:1),9:08 PM
238,0,13,253,0020600445,,,0:00,2,0,0,0,0,,,,,,0,,,,,,0,,,,,,50 - 64,14,,9:08 PM
239,0,12,255,0020600445,,,12:00,3,0,0,0,0,,,,,,0,,,,,,0,,,,,,50 - 64,14,,9:25 PM
240,1,2,256,0020600445,MISS Stoudamire 20' Jump Shot,,11:36,3,4,0,0,757,Damon Stoudamire,MEM,Memphis,1610612763.0,Grizzlies,0,,,,,,0,,,,,,,,,9:25 PM
241,0,4,257,0020600445,,,11:33,3,5,0,0,1725,Rasho Nesterovic,TOR,Toronto,1610612761.0,Raptors,0,,,,,,0,,,,,,,,Nesterovic REBOUND (Off:1 Def:2),9:25 PM
242,1,1,258,0020600445,,,11:20,3,5,5,0,200816,Jorge Garbajosa,TOR,Toronto,1610612761.0,Raptors,1515,Anthony Parker,TOR,Toronto,1610612761.0,Raptors,0,,,,,,52 - 64,12,Garbajosa 22' Jump Shot (8 PTS) (Parker 5 AST),9:26 PM
243,1,2,259,0020600445,MISS Miller 26' 3PT Jump Shot,,11:02,3,4,0,0,2034,Mike Miller,MEM,Memphis,1610612763.0,Grizzlies,0,,,,,,0,,,,,,,,,9:26 PM
244,0,4,260,0020600445,,,11:00,3,5,0,0,101121,Joey Graham,TOR,Toronto,1610612761.0,Raptors,0,,,,,,0,,,,,,,,Graham REBOUND (Off:0 Def:2),9:26 PM
245,42,2,261,0020600445,,,10:46,3,5,0,0,200816,Jorge Garbajosa,TOR,Toronto,1610612761.0,Raptors,0,,,,,,0,,,,,,,,MISS Garbajosa 1' Driving Layup,9:26 PM
246,0,4,262,0020600445,Gasol REBOUND (Off:0 Def:7),,10:41,3,4,0,0,2200,Pau Gasol,MEM,Memphis,1610612763.0,Grizzlies,0,,,,,,0,,,,,,,,,9:26 PM
247,1,2,263,0020600445,MISS Gasol 16' Jump Shot,,10:36,3,4,0,0,2200,Pau Gasol,MEM,Memphis,1610612763.0,Grizzlies,0,,,,,,0,,,,,,,,,9:26 PM
248,0,4,264,0020600445,,,10:34,3,5,0,0,101121,Joey Graham,TOR,Toronto,1610612761.0,Raptors,0,,,,,,0,,,,,,,,Graham REBOUND (Off:0 Def:3),9:26 PM
249,1,2,265,0020600445,,,10:26,3,5,0,0,1725,Rasho Nesterovic,TOR,Toronto,1610612761.0,Raptors,0,,,,,,0,,,,,,,,MISS Nesterovic 12' Jump Shot,9:26 PM
250,0,4,266,0020600445,Gasol REBOUND (Off:0 Def:8),,10:24,3,4,0,0,2200,Pau Gasol,MEM,Memphis,1610612763.0,Grizzlies,0,,,,,,0,,,,,,,,,9:27 PM
251,5,1,267,0020600445,Gasol  Layup (10 PTS) (Jones 3 AST),,10:12,3,4,4,0,2200,Pau Gasol,MEM,Memphis,1610612763.0,Grizzlies,224,Eddie Jones,MEM,Memphis,1610612763.0,Grizzlies,0,,,,,,52 - 66,14,,9:27 PM
252,42,1,268,0020600445,,,9:57,3,5,0,0,1725,Rasho Nesterovic,TOR,Toronto,1610612761.0,Raptors,0,,,,,,0,,,,,,54 - 66,12,Nesterovic  Driving Layup (7 PTS),9:27 PM
253,1,2,269,0020600445,MISS Jones 25' 3PT Jump Shot,,9:36,3,4,0,0,224,Eddie Jones,MEM,Memphis,1610612763.0,Grizzlies,0,,,,,,0,,,,,,,,,9:27 PM
254,0,4,270,0020600445,,,9:34,3,5,0,0,101181,Jose Calderon,TOR,Toronto,1610612761.0,Raptors,0,,,,,,0,,,,,,,,Calderon REBOUND (Off:0 Def:1),9:27 PM
255,42,2,271,0020600445,,,9:28,3,5,0,0,1515,Anthony Parker,TOR,Toronto,1610612761.0,Raptors,0,,,,,,0,,,,,,,,MISS Parker  Driving Layup,9:27 PM
256,0,4,272,0020600445,Jones REBOUND (Off:0 Def:1),,9:24,3,4,0,0,224,Eddie Jones,MEM,Memphis,1610612763.0,Grizzlies,0,,,,,,0,,,,,,,,,9:28 PM
257,1,2,273,0020600445,MISS Gasol 23' Jump Shot,,9:10,3,4,0,0,2200,Pau Gasol,MEM,Memphis,1610612763.0,Grizzlies,0,,,,,,0,,,,,,,,,9:28 PM
258,0,4,274,0020600445,,,9:08,3,5,0,0,101181,Jose Calderon,TOR,Toronto,1610612761.0,Raptors,0,,,,,,0,,,,,,,,Calderon REBOUND (Off:0 Def:2),9:28 PM
259,1,1,275,0020600445,,,8:54,3,5,5,0,1515,Anthony Parker,TOR,Toronto,1610612761.0,Raptors,1725,Rasho Nesterovic,TOR,Toronto,1610612761.0,Raptors,0,,,,,,56 - 66,10,Parker 16' Jump Shot (9 PTS) (Nesterovic 2 AST),9:28 PM
260,1,5,276,0020600445,Miller Bad Pass Turnover (P2.T12),,8:37,3,4,5,0,2034,Mike Miller,MEM,Memphis,1610612763.0,Grizzlies,101181,Jose Calderon,TOR,Toronto,1610612761.0,Raptors,0,,,,,,,,Calderon STEAL (1 STL),9:28 PM
261,1,6,277,0020600445,Jones P.FOUL (P3.T1),,8:36,3,4,5,1,224,Eddie Jones,MEM,Memphis,1610612763.0,Grizzlies,101181,Jose Calderon,TOR,Toronto,1610612761.0,Raptors,0,,,,,,,,,9:28 PM
262,0,8,278,0020600445,SUB: Swift FOR Al. Johnson,,8:36,3,4,4,0,200792,Alexander Johnson,MEM,Memphis,1610612763.0,Grizzlies,2031,Stromile Swift,MEM,Memphis,1610612763.0,Grizzlies,0,,,,,,,,,9:29 PM
263,1,5,279,0020600445,Gasol STEAL (1 STL),,8:29,3,5,4,0,101181,Jose Calderon,TOR,Toronto,1610612761.0,Raptors,2200,Pau Gasol,MEM,Memphis,1610612763.0,Grizzlies,0,,,,,,,,Calderon Bad Pass Turnover (P1.T11),9:29 PM
264,2,6,280,0020600445,,,8:21,3,5,4,1,1725,Rasho Nesterovic,TOR,Toronto,1610612761.0,Raptors,2031,Stromile Swift,MEM,Memphis,1610612763.0,Grizzlies,0,,,,,,,,Nesterovic S.FOUL (P1.T1),9:29 PM
265,11,3,281,0020600445,Swift Free Throw 1 of 2 (9 PTS),,8:21,3,4,0,0,2031,Stromile Swift,MEM,Memphis,1610612763.0,Grizzlies,0,,,,,,0,,,,,,56 - 67,11,,9:29 PM
266,12,3,282,0020600445,Swift Free Throw 2 of 2 (10 PTS),,8:21,3,4,0,0,2031,Stromile Swift,MEM,Memphis,1610612763.0,Grizzlies,0,,,,,,0,,,,,,56 - 68,12,,9:29 PM
267,1,1,283,0020600445,,,8:08,3,5,5,0,200816,Jorge Garbajosa,TOR,Toronto,1610612761.0,Raptors,101181,Jose Calderon,TOR,Toronto,1610612761.0,Raptors,0,,,,,,58 - 68,10,Garbajosa 23' Jump Shot (10 PTS) (Calderon 3 AST),9:30 PM
268,1,5,284,0020600445,Stoudamire Bad Pass Turnover (P2.T13),,7:56,3,4,5,0,757,Damon Stoudamire,MEM,Memphis,1610612763.0,Grizzlies,101121,Joey Graham,TOR,Toronto,1610612761.0,Raptors,0,,,,,,,,Graham STEAL (1 STL),9:30 PM
269,1,1,285,0020600445,,,7:48,3,5,0,0,101121,Joey Graham,TOR,Toronto,1610612761.0,Raptors,0,,,,,,0,,,,,,60 - 68,8,Graham 13' Jump Shot (6 PTS),9:30 PM
270,1,6,286,0020600445,,,7:43,3,5,4,1,101121,Joey Graham,TOR,Toronto,1610612761.0,Raptors,224,Eddie Jones,MEM,Memphis,1610612763.0,Grizzlies,0,,,,,,,,Graham P.FOUL (P3.T2),9:30 PM
271,1,2,287,0020600445,MISS Jones 26' 3PT Jump Shot,,7:36,3,4,0,0,224,Eddie Jones,MEM,Memphis,1610612763.0,Grizzlies,0,,,,,,0,,,,,,,,,9:31 PM
272,0,4,288,0020600445,,,7:34,3,5,0,0,200816,Jorge Garbajosa,TOR,Toronto,1610612761.0,Raptors,0,,,,,,0,,,,,,,,Garbajosa REBOUND (Off:0 Def:5),9:31 PM
273,2,6,289,0020600445,Gasol S.FOUL (P1.T2),,7:27,3,4,5,1,2200,Pau Gasol,MEM,Memphis,1610612763.0,Grizzlies,101121,Joey Graham,TOR,Toronto,1610612761.0,Raptors,0,,,,,,,,,9:31 PM
274,11,3,290,0020600445,,,7:27,3,5,0,0,101121,Joey Graham,TOR,Toronto,1610612761.0,Raptors,0,,,,,,0,,,,,,,,MISS Graham Free Throw 1 of 2,9:31 PM
275,1,4,291,0020600445,,,7:27,3,3,0,0,1610612761,,,,,,0,,,,,,0,,,,,,,,Raptors Rebound,9:31 PM
276,0,8,292,0020600445,SUB: Atkins FOR Stoudamire,,7:27,3,4,4,0,757,Damon Stoudamire,MEM,Memphis,1610612763.0,Grizzlies,1088,Chucky Atkins,MEM,Memphis,1610612763.0,Grizzlies,0,,,,,,,,,9:31 PM
277,0,8,293,0020600445,SUB: Gay FOR Jones,,7:27,3,4,4,0,224,Eddie Jones,MEM,Memphis,1610612763.0,Grizzlies,200752,Rudy Gay,MEM,Memphis,1610612763.0,Grizzlies,0,,,,,,,,,9:31 PM
278,12,3,294,0020600445,,,7:27,3,5,0,0,101121,Joey Graham,TOR,Toronto,1610612761.0,Raptors,0,,,,,,0,,,,,,61 - 68,7,Graham Free Throw 2 of 2 (7 PTS),9:32 PM
279,47,2,295,0020600445,MISS Gasol 5' Turnaround Jump Shot,,7:12,3,4,0,0,2200,Pau Gasol,MEM,Memphis,1610612763.0,Grizzlies,0,,,,,,0,,,,,,,,,9:32 PM
280,0,4,296,0020600445,,,7:11,3,5,0,0,101181,Jose Calderon,TOR,Toronto,1610612761.0,Raptors,0,,,,,,0,,,,,,,,Calderon REBOUND (Off:0 Def:3),9:32 PM
281,42,2,297,0020600445,,,7:07,3,5,0,0,1515,Anthony Parker,TOR,Toronto,1610612761.0,Raptors,0,,,,,,0,,,,,,,,MISS Parker  Driving Layup,9:32 PM
282,0,4,298,0020600445,Gay REBOUND (Off:0 Def:2),,7:03,3,4,0,0,200752,Rudy Gay,MEM,Memphis,1610612763.0,Grizzlies,0,,,,,,0,,,,,,,,,9:32 PM
283,7,1,299,0020600445,Gasol  Dunk (12 PTS) (Atkins 4 AST),,6:59,3,4,4,0,2200,Pau Gasol,MEM,Memphis,1610612763.0,Grizzlies,1088,Chucky Atkins,MEM,Memphis,1610612763.0,Grizzlies,0,,,,,,61 - 70,9,,9:32 PM
284,1,5,300,0020600445,Swift STEAL (1 STL),,6:45,3,5,4,0,101181,Jose Calderon,TOR,Toronto,1610612761.0,Raptors,2031,Stromile Swift,MEM,Memphis,1610612763.0,Grizzlies,0,,,,,,,,Calderon Bad Pass Turnover (P2.T12),9:32 PM
285,2,6,301,0020600445,,,6:42,3,5,4,1,200816,Jorge Garbajosa,TOR,Toronto,1610612761.0,Raptors,2034,Mike Miller,MEM,Memphis,1610612763.0,Grizzlies,0,,,,,,,,Garbajosa S.FOUL (P4.T3),9:33 PM
286,11,3,302,0020600445,Miller Free Throw 1 of 2 (17 PTS),,6:42,3,4,0,0,2034,Mike Miller,MEM,Memphis,1610612763.0,Grizzlies,0,,,,,,0,,,,,,61 - 71,10,,9:33 PM
287,0,8,303,0020600445,,,6:42,3,5,5,0,200816,Jorge Garbajosa,TOR,Toronto,1610612761.0,Raptors,200745,Andrea Bargnani,TOR,Toronto,1610612761.0,Raptors,0,,,,,,,,SUB: Bargnani FOR Garbajosa,9:33 PM
288,12,3,304,0020600445,Miller Free Throw 2 of 2 (18 PTS),,6:42,3,4,0,0,2034,Mike Miller,MEM,Memphis,1610612763.0,Grizzlies,0,,,,,,0,,,,,,61 - 72,11,,9:33 PM
289,4,5,305,0020600445,,,6:28,3,5,0,1,1515,Anthony Parker,TOR,Toronto,1610612761.0,Raptors,0,,,,,,0,,,,,,,,Parker Traveling Turnover (P1.T13),9:33 PM
290,62,1,306,0020600445,Gasol  Turnaround Finger Roll (14 PTS),,6:15,3,4,0,0,2200,Pau Gasol,MEM,Memphis,1610612763.0,Grizzlies,0,,,,,,0,,,,,,61 - 74,13,,9:34 PM
291,1,9,307,0020600445,,,6:09,3,3,0,0,1610612761,,,,,,0,,,,,,0,,,,,,,,Raptors Timeout: Regular (Reg.3 Short 1),9:34 PM
292,1,2,311,0020600445,,,5:57,3,5,0,0,101121,Joey Graham,TOR,Toronto,1610612761.0,Raptors,0,,,,,,0,,,,,,,,MISS Graham 19' Jump Shot,9:36 PM
293,0,4,312,0020600445,Swift REBOUND (Off:2 Def:6),,5:55,3,4,0,0,2031,Stromile Swift,MEM,Memphis,1610612763.0,Grizzlies,0,,,,,,0,,,,,,,,,9:36 PM
294,1,2,313,0020600445,MISS Atkins 18' Jump Shot,,5:49,3,4,0,0,1088,Chucky Atkins,MEM,Memphis,1610612763.0,Grizzlies,0,,,,,,0,,,,,,,,,9:36 PM
295,0,4,314,0020600445,,,5:47,3,5,0,0,1725,Rasho Nesterovic,TOR,Toronto,1610612761.0,Raptors,0,,,,,,0,,,,,,,,Nesterovic REBOUND (Off:1 Def:3),9:37 PM
296,3,1,315,0020600445,,,5:29,3,5,5,0,1725,Rasho Nesterovic,TOR,Toronto,1610612761.0,Raptors,1515,Anthony Parker,TOR,Toronto,1610612761.0,Raptors,0,,,,,,63 - 74,11,Nesterovic 7' Hook Shot (9 PTS) (Parker 6 AST),9:37 PM
297,47,2,316,0020600445,MISS Gay 11' Turnaround Jump Shot,,5:11,3,4,0,0,200752,Rudy Gay,MEM,Memphis,1610612763.0,Grizzlies,0,,,,,,0,,,,,,,,,9:37 PM
298,0,4,317,0020600445,,,5:10,3,5,0,0,1725,Rasho Nesterovic,TOR,Toronto,1610612761.0,Raptors,0,,,,,,0,,,,,,,,Nesterovic REBOUND (Off:1 Def:4),9:37 PM
299,0,8,318,0020600445,,,4:56,3,5,5,0,101121,Joey Graham,TOR,Toronto,1610612761.0,Raptors,2050,Morris Peterson,TOR,Toronto,1610612761.0,Raptors,0,,,,,,,,SUB: Peterson FOR Graham,9:38 PM
300,0,8,319,0020600445,SUB: Warrick FOR Gasol,,4:56,3,4,4,0,2200,Pau Gasol,MEM,Memphis,1610612763.0,Grizzlies,101124,Hakim Warrick,MEM,Memphis,1610612763.0,Grizzlies,0,,,,,,,,,9:38 PM
301,45,2,336,0020600445,,,4:51,3,5,0,0,1515,Anthony Parker,TOR,Toronto,1610612761.0,Raptors,0,,,,,,0,,,,,,,,MISS Parker 3' Jump Shot,9:38 PM
302,0,4,337,0020600445,,,4:51,3,3,0,0,1610612761,,,,,,0,,,,,,0,,,,,,,,Raptors Rebound,9:38 PM
303,3,6,320,0020600445,Warrick L.B.FOUL (P3.T3),,4:51,3,4,5,1,101124,Hakim Warrick,MEM,Memphis,1610612763.0,Grizzlies,1515,Anthony Parker,TOR,Toronto,1610612761.0,Raptors,0,,,,,,,,,9:38 PM
304,1,1,321,0020600445,,,4:41,3,5,5,0,101181,Jose Calderon,TOR,Toronto,1610612761.0,Raptors,2050,Morris Peterson,TOR,Toronto,1610612761.0,Raptors,0,,,,,,65 - 74,9,Calderon 18' Jump Shot (11 PTS) (Peterson 2 AST),9:39 PM
305,1,5,322,0020600445,Miller Bad Pass Turnover (P3.T14),,4:29,3,4,5,0,2034,Mike Miller,MEM,Memphis,1610612763.0,Grizzlies,1515,Anthony Parker,TOR,Toronto,1610612761.0,Raptors,0,,,,,,,,Parker STEAL (2 STL),9:39 PM
306,5,1,323,0020600445,,,4:24,3,5,0,0,101181,Jose Calderon,TOR,Toronto,1610612761.0,Raptors,0,,,,,,0,,,,,,67 - 74,7,Calderon  Layup (13 PTS),9:39 PM
307,44,1,324,0020600445,Gay  Reverse Layup (6 PTS),,4:09,3,4,0,0,200752,Rudy Gay,MEM,Memphis,1610612763.0,Grizzlies,0,,,,,,0,,,,,,67 - 76,9,,9:39 PM
308,1,2,325,0020600445,,,3:44,3,5,0,0,200745,Andrea Bargnani,TOR,Toronto,1610612761.0,Raptors,0,,,,,,0,,,,,,,,MISS Bargnani 27' 3PT Jump Shot,9:40 PM
309,0,4,326,0020600445,,,3:42,3,5,0,0,1725,Rasho Nesterovic,TOR,Toronto,1610612761.0,Raptors,0,,,,,,0,,,,,,,,Nesterovic REBOUND (Off:2 Def:4),9:40 PM
310,1,2,327,0020600445,,,3:34,3,5,0,0,2050,Morris Peterson,TOR,Toronto,1610612761.0,Raptors,0,,,,,,0,,,,,,,,MISS Peterson  3PT Jump Shot,9:40 PM
311,0,4,328,0020600445,Swift REBOUND (Off:2 Def:7),,3:33,3,4,0,0,2031,Stromile Swift,MEM,Memphis,1610612763.0,Grizzlies,0,,,,,,0,,,,,,,,,9:40 PM
312,1,1,329,0020600445,Miller 26' 3PT Jump Shot (21 PTS) (Atkins 5 AST),,3:18,3,4,4,0,2034,Mike Miller,MEM,Memphis,1610612763.0,Grizzlies,1088,Chucky Atkins,MEM,Memphis,1610612763.0,Grizzlies,0,,,,,,67 - 79,12,,9:40 PM
313,1,1,330,0020600445,,,2:59,3,5,5,0,1515,Anthony Parker,TOR,Toronto,1610612761.0,Raptors,200745,Andrea Bargnani,TOR,Toronto,1610612761.0,Raptors,0,,,,,,70 - 79,9,Parker 24' 3PT Jump Shot (12 PTS) (Bargnani 2 AST),9:40 PM
314,1,2,331,0020600445,MISS Miller 28' 3PT Jump Shot,,2:46,3,4,0,0,2034,Mike Miller,MEM,Memphis,1610612763.0,Grizzlies,0,,,,,,0,,,,,,,,,9:40 PM
315,0,4,332,0020600445,,,2:45,3,5,0,0,1725,Rasho Nesterovic,TOR,Toronto,1610612761.0,Raptors,0,,,,,,0,,,,,,,,Nesterovic REBOUND (Off:2 Def:5),9:40 PM
316,1,1,333,0020600445,,,2:31,3,5,0,0,200745,Andrea Bargnani,TOR,Toronto,1610612761.0,Raptors,0,,,,,,0,,,,,,72 - 79,7,Bargnani 19' Jump Shot (9 PTS),9:41 PM
317,1,9,334,0020600445,GRIZZLIES Timeout: Regular (Full 3 Short 0),,2:27,3,2,0,0,1610612763,,,,,,0,,,,,,0,,,,,,,,,9:41 PM
318,0,8,338,0020600445,,,2:27,3,5,5,0,1515,Anthony Parker,TOR,Toronto,1610612761.0,Raptors,239,Darrick Martin,TOR,Toronto,1610612761.0,Raptors,0,,,,,,,,SUB: Martin FOR Parker,9:43 PM
319,0,8,339,0020600445,,,2:27,3,5,5,0,101181,Jose Calderon,TOR,Toronto,1610612761.0,Raptors,2410,Fred Jones,TOR,Toronto,1610612761.0,Raptors,0,,,,,,,,SUB: Jones FOR Calderon,9:43 PM
320,1,6,342,0020600445,,,2:17,3,5,4,1,200745,Andrea Bargnani,TOR,Toronto,1610612761.0,Raptors,101124,Hakim Warrick,MEM,Memphis,1610612763.0,Grizzlies,0,,,,,,,,Bargnani P.FOUL (P3.T4),9:43 PM
321,2,6,343,0020600445,,,2:13,3,5,4,1,239,Darrick Martin,TOR,Toronto,1610612761.0,Raptors,1088,Chucky Atkins,MEM,Memphis,1610612763.0,Grizzlies,0,,,,,,,,Martin S.FOUL (P3.PN),9:44 PM
322,11,3,344,0020600445,Atkins Free Throw 1 of 2 (11 PTS),,2:13,3,4,0,0,1088,Chucky Atkins,MEM,Memphis,1610612763.0,Grizzlies,0,,,,,,0,,,,,,72 - 80,8,,9:44 PM
323,12,3,345,0020600445,Atkins Free Throw 2 of 2 (12 PTS),,2:13,3,4,0,0,1088,Chucky Atkins,MEM,Memphis,1610612763.0,Grizzlies,0,,,,,,0,,,,,,72 - 81,9,,9:44 PM
324,1,1,346,0020600445,,,1:52,3,5,5,0,2050,Morris Peterson,TOR,Toronto,1610612761.0,Raptors,239,Darrick Martin,TOR,Toronto,1610612761.0,Raptors,0,,,,,,75 - 81,6,Peterson 24' 3PT Jump Shot (8 PTS) (Martin 4 AST),9:45 PM
325,52,1,347,0020600445,Swift  Alley Oop Dunk (12 PTS) (Atkins 6 AST),,1:42,3,4,4,0,2031,Stromile Swift,MEM,Memphis,1610612763.0,Grizzlies,1088,Chucky Atkins,MEM,Memphis,1610612763.0,Grizzlies,0,,,,,,75 - 83,8,,9:45 PM
326,2,6,348,0020600445,,,1:42,3,5,4,1,1725,Rasho Nesterovic,TOR,Toronto,1610612761.0,Raptors,2031,Stromile Swift,MEM,Memphis,1610612763.0,Grizzlies,0,,,,,,,,Nesterovic S.FOUL (P2.PN),9:45 PM
327,0,8,349,0020600445,SUB: Jones FOR Miller,,1:42,3,4,4,0,2034,Mike Miller,MEM,Memphis,1610612763.0,Grizzlies,2563,Dahntay Jones,MEM,Memphis,1610612763.0,Grizzlies,0,,,,,,,,,9:45 PM
328,0,8,350,0020600445,,,1:42,3,5,5,0,1725,Rasho Nesterovic,TOR,Toronto,1610612761.0,Raptors,2743,Kris Humphries,TOR,Toronto,1610612761.0,Raptors,0,,,,,,,,SUB: Humphries FOR Nesterovic,9:45 PM
329,10,3,351,0020600445,Swift Free Throw 1 of 1 (13 PTS),,1:42,3,4,0,0,2031,Stromile Swift,MEM,Memphis,1610612763.0,Grizzlies,0,,,,,,0,,,,,,75 - 84,9,,9:45 PM
330,1,2,352,0020600445,,,1:19,3,5,0,0,200745,Andrea Bargnani,TOR,Toronto,1610612761.0,Raptors,0,,,,,,0,,,,,,,,MISS Bargnani 22' Jump Shot,9:46 PM
331,0,4,353,0020600445,,,1:17,3,5,0,0,200745,Andrea Bargnani,TOR,Toronto,1610612761.0,Raptors,0,,,,,,0,,,,,,,,Bargnani REBOUND (Off:1 Def:3),9:46 PM
332,1,2,354,0020600445,,,1:13,3,5,0,0,2050,Morris Peterson,TOR,Toronto,1610612761.0,Raptors,0,,,,,,0,,,,,,,,MISS Peterson 24' 3PT Jump Shot,9:46 PM
333,0,4,355,0020600445,,,1:13,3,5,0,0,200745,Andrea Bargnani,TOR,Toronto,1610612761.0,Raptors,0,,,,,,0,,,,,,,,Bargnani REBOUND (Off:2 Def:3),9:46 PM
334,4,5,356,0020600445,,,1:13,3,5,0,1,200745,Andrea Bargnani,TOR,Toronto,1610612761.0,Raptors,0,,,,,,0,,,,,,,,Bargnani Traveling Turnover (P3.T14),9:46 PM
335,1,2,357,0020600445,MISS Atkins 5' Jump Shot,,1:04,3,4,0,0,1088,Chucky Atkins,MEM,Memphis,1610612763.0,Grizzlies,0,,,,,,0,,,,,,,,,9:46 PM
336,0,4,358,0020600445,,,1:01,3,5,0,0,200745,Andrea Bargnani,TOR,Toronto,1610612761.0,Raptors,0,,,,,,0,,,,,,,,Bargnani REBOUND (Off:2 Def:4),9:46 PM
337,1,2,359,0020600445,,,0:46,3,5,0,0,200745,Andrea Bargnani,TOR,Toronto,1610612761.0,Raptors,0,,,,,,0,,,,,,,,MISS Bargnani 5' Jump Shot,9:47 PM
338,0,4,360,0020600445,Jones REBOUND (Off:1 Def:2),,0:44,3,4,0,0,2563,Dahntay Jones,MEM,Memphis,1610612763.0,Grizzlies,0,,,,,,0,,,,,,,,,9:47 PM
339,40,5,361,0020600445,Gay Out of Bounds Lost Ball Turnover (P1.T15),,0:42,3,4,0,1,200752,Rudy Gay,MEM,Memphis,1610612763.0,Grizzlies,0,,,,,,0,,,,,,,,,9:47 PM
340,1,1,362,0020600445,,,0:23,3,5,5,0,2410,Fred Jones,TOR,Toronto,1610612761.0,Raptors,239,Darrick Martin,TOR,Toronto,1610612761.0,Raptors,0,,,,,,78 - 84,6,Jones 26' 3PT Jump Shot (3 PTS) (Martin 5 AST),9:47 PM
341,5,2,363,0020600445,MISS Atkins  Layup,,0:01,3,4,0,5,1088,Chucky Atkins,MEM,Memphis,1610612763.0,Grizzlies,0,,,,,,2050,Morris Peterson,TOR,Toronto,1610612761.0,Raptors,,,Peterson BLOCK (2 BLK),9:48 PM
342,0,4,365,0020600445,Swift REBOUND (Off:3 Def:7),,0:01,3,4,0,0,2031,Stromile Swift,MEM,Memphis,1610612763.0,Grizzlies,0,,,,,,0,,,,,,,,,9:48 PM
343,5,1,364,0020600445,Swift  Layup (15 PTS),,0:01,3,4,0,0,2031,Stromile Swift,MEM,Memphis,1610612763.0,Grizzlies,0,,,,,,0,,,,,,78 - 86,8,,9:48 PM
344,0,13,366,0020600445,,,0:00,3,0,0,0,0,,,,,,0,,,,,,0,,,,,,78 - 86,8,,9:48 PM
345,0,12,368,0020600445,,,12:00,4,0,0,0,0,,,,,,0,,,,,,0,,,,,,78 - 86,8,,9:51 PM
346,2,6,369,0020600445,Gay S.FOUL (P2.T1),,11:37,4,4,5,1,200752,Rudy Gay,MEM,Memphis,1610612763.0,Grizzlies,2050,Morris Peterson,TOR,Toronto,1610612761.0,Raptors,0,,,,,,,,,9:51 PM
347,13,3,370,0020600445,,,11:37,4,5,0,0,2050,Morris Peterson,TOR,Toronto,1610612761.0,Raptors,0,,,,,,0,,,,,,79 - 86,7,Peterson Free Throw 1 of 3 (9 PTS),9:51 PM
348,14,3,371,0020600445,,,11:37,4,5,0,0,2050,Morris Peterson,TOR,Toronto,1610612761.0,Raptors,0,,,,,,0,,,,,,,,MISS Peterson Free Throw 2 of 3,9:51 PM
349,1,4,372,0020600445,,,11:37,4,3,0,0,1610612761,,,,,,0,,,,,,0,,,,,,,,Raptors Rebound,9:51 PM
350,15,3,373,0020600445,,,11:37,4,5,0,0,2050,Morris Peterson,TOR,Toronto,1610612761.0,Raptors,0,,,,,,0,,,,,,80 - 86,6,Peterson Free Throw 3 of 3 (10 PTS),9:52 PM
351,1,1,374,0020600445,Gay 8' Jump Shot (8 PTS) (Atkins 7 AST),,11:23,4,4,4,0,200752,Rudy Gay,MEM,Memphis,1610612763.0,Grizzlies,1088,Chucky Atkins,MEM,Memphis,1610612763.0,Grizzlies,0,,,,,,80 - 88,8,,9:52 PM
352,1,5,375,0020600445,Atkins STEAL (1 STL),,11:03,4,5,4,0,2410,Fred Jones,TOR,Toronto,1610612761.0,Raptors,1088,Chucky Atkins,MEM,Memphis,1610612763.0,Grizzlies,0,,,,,,,,Jones Bad Pass Turnover (P3.T15),9:53 PM
353,2,5,376,0020600445,Gay Lost Ball Turnover (P2.T16),,10:57,4,4,5,0,200752,Rudy Gay,MEM,Memphis,1610612763.0,Grizzlies,200816,Jorge Garbajosa,TOR,Toronto,1610612761.0,Raptors,0,,,,,,,,Garbajosa STEAL (2 STL),9:53 PM
354,46,1,377,0020600445,,,10:51,4,5,0,0,2050,Morris Peterson,TOR,Toronto,1610612761.0,Raptors,0,,,,,,0,,,,,,82 - 88,6,Peterson 5' Running Jump Shot (12 PTS),9:53 PM
355,2,6,378,0020600445,Warrick S.FOUL (P4.T2),,10:51,4,4,5,1,101124,Hakim Warrick,MEM,Memphis,1610612763.0,Grizzlies,2050,Morris Peterson,TOR,Toronto,1610612761.0,Raptors,0,,,,,,,,,9:53 PM
356,10,3,379,0020600445,,,10:51,4,5,0,0,2050,Morris Peterson,TOR,Toronto,1610612761.0,Raptors,0,,,,,,0,,,,,,83 - 88,5,Peterson Free Throw 1 of 1 (13 PTS),9:53 PM
357,1,2,380,0020600445,MISS Gay 16' Jump Shot,,10:36,4,4,0,0,200752,Rudy Gay,MEM,Memphis,1610612763.0,Grizzlies,0,,,,,,0,,,,,,,,,9:54 PM
358,0,4,381,0020600445,Swift REBOUND (Off:4 Def:7),,10:34,4,4,0,0,2031,Stromile Swift,MEM,Memphis,1610612763.0,Grizzlies,0,,,,,,0,,,,,,,,,9:54 PM
359,7,2,382,0020600445,MISS Swift  Dunk,,10:32,4,4,0,0,2031,Stromile Swift,MEM,Memphis,1610612763.0,Grizzlies,0,,,,,,0,,,,,,,,,9:54 PM
360,0,4,383,0020600445,,,10:30,4,5,0,0,239,Darrick Martin,TOR,Toronto,1610612761.0,Raptors,0,,,,,,0,,,,,,,,Martin REBOUND (Off:0 Def:1),9:54 PM
361,1,2,384,0020600445,,,10:26,4,5,0,0,200816,Jorge Garbajosa,TOR,Toronto,1610612761.0,Raptors,0,,,,,,0,,,,,,,,MISS Garbajosa 20' Jump Shot,9:54 PM
362,0,4,385,0020600445,Swift REBOUND (Off:4 Def:8),,10:23,4,4,0,0,2031,Stromile Swift,MEM,Memphis,1610612763.0,Grizzlies,0,,,,,,0,,,,,,,,,9:54 PM
363,1,1,386,0020600445,Warrick 6' Jump Shot (4 PTS),,10:08,4,4,0,0,101124,Hakim Warrick,MEM,Memphis,1610612763.0,Grizzlies,0,,,,,,0,,,,,,83 - 90,7,,9:54 PM
364,1,1,387,0020600445,,,9:43,4,5,0,0,239,Darrick Martin,TOR,Toronto,1610612761.0,Raptors,0,,,,,,0,,,,,,85 - 90,5,Martin 22' Jump Shot (5 PTS),9:54 PM
365,1,6,388,0020600445,,,9:27,4,5,4,1,2050,Morris Peterson,TOR,Toronto,1610612761.0,Raptors,200752,Rudy Gay,MEM,Memphis,1610612763.0,Grizzlies,0,,,,,,,,Peterson P.FOUL (P1.T1),9:55 PM
366,0,8,389,0020600445,SUB: Miller FOR Jones,,9:27,4,4,4,0,2563,Dahntay Jones,MEM,Memphis,1610612763.0,Grizzlies,2034,Mike Miller,MEM,Memphis,1610612763.0,Grizzlies,0,,,,,,,,,9:55 PM
367,0,8,390,0020600445,SUB: Gasol FOR Swift,,9:27,4,4,4,0,2031,Stromile Swift,MEM,Memphis,1610612763.0,Grizzlies,2200,Pau Gasol,MEM,Memphis,1610612763.0,Grizzlies,0,,,,,,,,,9:55 PM
368,0,8,391,0020600445,,,9:27,4,5,5,0,2743,Kris Humphries,TOR,Toronto,1610612761.0,Raptors,1725,Rasho Nesterovic,TOR,Toronto,1610612761.0,Raptors,0,,,,,,,,SUB: Nesterovic FOR Humphries,9:55 PM
369,1,2,392,0020600445,MISS Gasol 15' Jump Shot,,9:14,4,4,0,0,2200,Pau Gasol,MEM,Memphis,1610612763.0,Grizzlies,0,,,,,,0,,,,,,,,,9:56 PM
370,0,4,393,0020600445,,,9:12,4,5,0,0,239,Darrick Martin,TOR,Toronto,1610612761.0,Raptors,0,,,,,,0,,,,,,,,Martin REBOUND (Off:0 Def:2),9:56 PM
371,5,1,394,0020600445,,,9:00,4,5,5,0,1725,Rasho Nesterovic,TOR,Toronto,1610612761.0,Raptors,239,Darrick Martin,TOR,Toronto,1610612761.0,Raptors,0,,,,,,87 - 90,3,Nesterovic  Layup (11 PTS) (Martin 6 AST),9:56 PM
372,1,2,395,0020600445,MISS Atkins 27' 3PT Jump Shot,,8:39,4,4,0,0,1088,Chucky Atkins,MEM,Memphis,1610612763.0,Grizzlies,0,,,,,,0,,,,,,,,,9:56 PM
373,0,4,396,0020600445,Miller REBOUND (Off:2 Def:2),,8:38,4,4,0,0,2034,Mike Miller,MEM,Memphis,1610612763.0,Grizzlies,0,,,,,,0,,,,,,,,,9:56 PM
374,1,2,397,0020600445,MISS Gay 25' 3PT Jump Shot,,8:22,4,4,0,0,200752,Rudy Gay,MEM,Memphis,1610612763.0,Grizzlies,0,,,,,,0,,,,,,,,,9:56 PM
375,0,4,398,0020600445,,,8:21,4,5,0,0,239,Darrick Martin,TOR,Toronto,1610612761.0,Raptors,0,,,,,,0,,,,,,,,Martin REBOUND (Off:0 Def:3),9:56 PM
376,1,5,399,0020600445,Gay STEAL (1 STL),,8:09,4,5,4,0,239,Darrick Martin,TOR,Toronto,1610612761.0,Raptors,200752,Rudy Gay,MEM,Memphis,1610612763.0,Grizzlies,0,,,,,,,,Martin Bad Pass Turnover (P1.T16),9:57 PM
377,8,1,400,0020600445,Gay  Slam Dunk (10 PTS),,8:03,4,4,0,0,200752,Rudy Gay,MEM,Memphis,1610612763.0,Grizzlies,0,,,,,,0,,,,,,87 - 92,5,,9:57 PM
378,4,9,401,0020600445,,,7:43,4,1,0,0,0,,,,,,0,,,,,,0,,,,,,,,,9:57 PM
379,0,8,403,0020600445,,,7:43,4,5,5,0,2410,Fred Jones,TOR,Toronto,1610612761.0,Raptors,1515,Anthony Parker,TOR,Toronto,1610612761.0,Raptors,0,,,,,,,,SUB: Parker FOR Jones,9:59 PM
380,2,6,405,0020600445,Atkins S.FOUL (P2.T3),,7:34,4,4,5,1,1088,Chucky Atkins,MEM,Memphis,1610612763.0,Grizzlies,239,Darrick Martin,TOR,Toronto,1610612761.0,Raptors,0,,,,,,,,,10:00 PM
381,11,3,406,0020600445,,,7:34,4,5,0,0,239,Darrick Martin,TOR,Toronto,1610612761.0,Raptors,0,,,,,,0,,,,,,88 - 92,4,Martin Free Throw 1 of 2 (6 PTS),10:00 PM
382,12,3,407,0020600445,,,7:34,4,5,0,0,239,Darrick Martin,TOR,Toronto,1610612761.0,Raptors,0,,,,,,0,,,,,,89 - 92,3,Martin Free Throw 2 of 2 (7 PTS),10:00 PM
383,59,1,408,0020600445,Gasol  Finger Roll (16 PTS),,7:20,4,4,0,0,2200,Pau Gasol,MEM,Memphis,1610612763.0,Grizzlies,0,,,,,,0,,,,,,89 - 94,5,,10:01 PM
384,1,1,409,0020600445,,,7:02,4,5,5,0,200816,Jorge Garbajosa,TOR,Toronto,1610612761.0,Raptors,239,Darrick Martin,TOR,Toronto,1610612761.0,Raptors,0,,,,,,92 - 94,2,Garbajosa 26' 3PT Jump Shot (13 PTS) (Martin 7 AST),10:01 PM
385,1,2,410,0020600445,MISS Atkins 26' 3PT Jump Shot,,6:44,4,4,0,0,1088,Chucky Atkins,MEM,Memphis,1610612763.0,Grizzlies,0,,,,,,0,,,,,,,,,10:02 PM
386,0,4,411,0020600445,,,6:43,4,5,0,0,1515,Anthony Parker,TOR,Toronto,1610612761.0,Raptors,0,,,,,,0,,,,,,,,Parker REBOUND (Off:1 Def:4),10:02 PM
387,1,1,412,0020600445,,,6:29,4,5,5,0,2050,Morris Peterson,TOR,Toronto,1610612761.0,Raptors,239,Darrick Martin,TOR,Toronto,1610612761.0,Raptors,0,,,,,,95 - 94,-1,Peterson  3PT Jump Shot (16 PTS) (Martin 8 AST),10:02 PM
388,1,1,413,0020600445,Miller 26' 3PT Jump Shot (24 PTS) (Atkins 8 AST),,6:21,4,4,4,0,2034,Mike Miller,MEM,Memphis,1610612763.0,Grizzlies,1088,Chucky Atkins,MEM,Memphis,1610612763.0,Grizzlies,0,,,,,,95 - 97,2,,10:02 PM
389,1,2,414,0020600445,,,6:02,4,5,0,0,200816,Jorge Garbajosa,TOR,Toronto,1610612761.0,Raptors,0,,,,,,0,,,,,,,,MISS Garbajosa 14' Jump Shot,10:02 PM
390,0,4,415,0020600445,Gasol REBOUND (Off:0 Def:9),,6:00,4,4,0,0,2200,Pau Gasol,MEM,Memphis,1610612763.0,Grizzlies,0,,,,,,0,,,,,,,,,10:02 PM
391,1,1,416,0020600445,Miller 27' 3PT Jump Shot (27 PTS) (Atkins 9 AST),,5:56,4,4,4,0,2034,Mike Miller,MEM,Memphis,1610612763.0,Grizzlies,1088,Chucky Atkins,MEM,Memphis,1610612763.0,Grizzlies,0,,,,,,95 - 100,5,,10:02 PM
392,1,9,417,0020600445,,,5:54,4,3,0,0,1610612761,,,,,,0,,,,,,0,,,,,,,,Raptors Timeout: Regular (Reg.4 Short 1),10:03 PM
393,0,8,421,0020600445,SUB: Swift FOR Warrick,,5:54,4,4,4,0,101124,Hakim Warrick,MEM,Memphis,1610612763.0,Grizzlies,2031,Stromile Swift,MEM,Memphis,1610612763.0,Grizzlies,0,,,,,,,,,10:05 PM
394,39,5,422,0020600445,,,5:40,4,5,0,1,2050,Morris Peterson,TOR,Toronto,1610612761.0,Raptors,0,,,,,,0,,,,,,,,Peterson Step Out of Bounds Turnover (P1.T17),10:05 PM
395,1,5,423,0020600445,Atkins Bad Pass Turnover (P2.T17),,5:26,4,4,5,0,1088,Chucky Atkins,MEM,Memphis,1610612763.0,Grizzlies,2050,Morris Peterson,TOR,Toronto,1610612761.0,Raptors,0,,,,,,,,Peterson STEAL (2 STL),10:06 PM
396,5,2,424,0020600445,,,5:21,4,5,0,0,1515,Anthony Parker,TOR,Toronto,1610612761.0,Raptors,0,,,,,,0,,,,,,,,MISS Parker  Layup,10:06 PM
397,0,4,425,0020600445,,,5:19,4,5,0,0,2050,Morris Peterson,TOR,Toronto,1610612761.0,Raptors,0,,,,,,0,,,,,,,,Peterson REBOUND (Off:1 Def:2),10:06 PM
398,5,1,426,0020600445,,,5:07,4,5,5,0,1725,Rasho Nesterovic,TOR,Toronto,1610612761.0,Raptors,239,Darrick Martin,TOR,Toronto,1610612761.0,Raptors,0,,,,,,97 - 100,3,Nesterovic  Layup (13 PTS) (Martin 9 AST),10:06 PM
399,2,6,427,0020600445,,,4:51,4,5,4,1,1725,Rasho Nesterovic,TOR,Toronto,1610612761.0,Raptors,2200,Pau Gasol,MEM,Memphis,1610612763.0,Grizzlies,0,,,,,,,,Nesterovic S.FOUL (P3.T2),10:06 PM
400,11,3,428,0020600445,Gasol Free Throw 1 of 2 (17 PTS),,4:51,4,4,0,0,2200,Pau Gasol,MEM,Memphis,1610612763.0,Grizzlies,0,,,,,,0,,,,,,97 - 101,4,,10:07 PM
401,0,8,429,0020600445,SUB: Jones FOR Gay,,4:51,4,4,4,0,200752,Rudy Gay,MEM,Memphis,1610612763.0,Grizzlies,224,Eddie Jones,MEM,Memphis,1610612763.0,Grizzlies,0,,,,,,,,,10:07 PM
402,12,3,430,0020600445,Gasol Free Throw 2 of 2 (18 PTS),,4:51,4,4,0,0,2200,Pau Gasol,MEM,Memphis,1610612763.0,Grizzlies,0,,,,,,0,,,,,,97 - 102,5,,10:07 PM
403,2,5,431,0020600445,Atkins STEAL (2 STL),,4:31,4,5,4,0,239,Darrick Martin,TOR,Toronto,1610612761.0,Raptors,1088,Chucky Atkins,MEM,Memphis,1610612763.0,Grizzlies,0,,,,,,,,Martin Lost Ball Turnover (P2.T18),10:07 PM
404,2,5,432,0020600445,Jones Lost Ball Turnover (P1.T18),,4:13,4,4,5,0,224,Eddie Jones,MEM,Memphis,1610612763.0,Grizzlies,1515,Anthony Parker,TOR,Toronto,1610612761.0,Raptors,0,,,,,,,,Parker STEAL (3 STL),10:08 PM
405,1,2,433,0020600445,,,4:07,4,5,0,0,200816,Jorge Garbajosa,TOR,Toronto,1610612761.0,Raptors,0,,,,,,0,,,,,,,,MISS Garbajosa 4' Jump Shot,10:08 PM
406,0,4,434,0020600445,,,4:04,4,5,0,0,2050,Morris Peterson,TOR,Toronto,1610612761.0,Raptors,0,,,,,,0,,,,,,,,Peterson REBOUND (Off:2 Def:2),10:08 PM
407,1,1,435,0020600445,,,3:59,4,5,0,0,2050,Morris Peterson,TOR,Toronto,1610612761.0,Raptors,0,,,,,,0,,,,,,100 - 102,2,Peterson 26' 3PT Jump Shot (19 PTS),10:08 PM
408,1,5,436,0020600445,Gasol Bad Pass Turnover (P2.T19),,3:45,4,4,5,0,2200,Pau Gasol,MEM,Memphis,1610612763.0,Grizzlies,200816,Jorge Garbajosa,TOR,Toronto,1610612761.0,Raptors,0,,,,,,,,Garbajosa STEAL (3 STL),10:08 PM
409,2,6,437,0020600445,Miller S.FOUL (P3.T4),,3:42,4,4,5,1,2034,Mike Miller,MEM,Memphis,1610612763.0,Grizzlies,1515,Anthony Parker,TOR,Toronto,1610612761.0,Raptors,0,,,,,,,,,10:08 PM
410,11,3,438,0020600445,,,3:42,4,5,0,0,1515,Anthony Parker,TOR,Toronto,1610612761.0,Raptors,0,,,,,,0,,,,,,,,MISS Parker Free Throw 1 of 2,10:09 PM
411,1,4,439,0020600445,,,3:42,4,3,0,0,1610612761,,,,,,0,,,,,,0,,,,,,,,Raptors Rebound,10:09 PM
412,0,8,445,0020600445,,,3:42,4,5,5,0,239,Darrick Martin,TOR,Toronto,1610612761.0,Raptors,101181,Jose Calderon,TOR,Toronto,1610612761.0,Raptors,0,,,,,,,,SUB: Calderon FOR Martin,10:09 PM
413,12,3,440,0020600445,,,3:42,4,5,0,0,1515,Anthony Parker,TOR,Toronto,1610612761.0,Raptors,0,,,,,,0,,,,,,,,MISS Parker Free Throw 2 of 2,10:09 PM
414,0,4,441,0020600445,Swift REBOUND (Off:4 Def:9),,3:36,4,4,0,0,2031,Stromile Swift,MEM,Memphis,1610612763.0,Grizzlies,0,,,,,,0,,,,,,,,,10:09 PM
415,4,6,442,0020600445,Swift OFF.Foul (P2),,3:33,4,4,5,1,2031,Stromile Swift,MEM,Memphis,1610612763.0,Grizzlies,200816,Jorge Garbajosa,TOR,Toronto,1610612761.0,Raptors,0,,,,,,,,,10:09 PM
416,5,5,443,0020600445,Swift Foul Turnover (P3.T20),,3:33,4,4,0,1,2031,Stromile Swift,MEM,Memphis,1610612763.0,Grizzlies,0,,,,,,0,,,,,,,,,10:09 PM
417,0,8,444,0020600445,,,3:33,4,5,5,0,1515,Anthony Parker,TOR,Toronto,1610612761.0,Raptors,2410,Fred Jones,TOR,Toronto,1610612761.0,Raptors,0,,,,,,,,SUB: Jones FOR Parker,10:10 PM
418,1,2,446,0020600445,,,3:18,4,5,0,0,2050,Morris Peterson,TOR,Toronto,1610612761.0,Raptors,0,,,,,,0,,,,,,,,MISS Peterson 24' 3PT Jump Shot,10:10 PM
419,0,4,447,0020600445,Atkins REBOUND (Off:0 Def:1),,3:16,4,4,0,0,1088,Chucky Atkins,MEM,Memphis,1610612763.0,Grizzlies,0,,,,,,0,,,,,,,,,10:10 PM
420,63,1,448,0020600445,Gasol 9' Fadeaway Jumper (20 PTS),,3:02,4,4,0,0,2200,Pau Gasol,MEM,Memphis,1610612763.0,Grizzlies,0,,,,,,0,,,,,,100 - 104,4,,10:10 PM
421,2,6,449,0020600445,,,3:02,4,5,4,1,1725,Rasho Nesterovic,TOR,Toronto,1610612761.0,Raptors,2200,Pau Gasol,MEM,Memphis,1610612763.0,Grizzlies,0,,,,,,,,Nesterovic S.FOUL (P4.T3),10:10 PM
422,0,8,450,0020600445,,,3:02,4,5,5,0,101181,Jose Calderon,TOR,Toronto,1610612761.0,Raptors,239,Darrick Martin,TOR,Toronto,1610612761.0,Raptors,0,,,,,,,,SUB: Martin FOR Calderon,10:10 PM
423,10,3,451,0020600445,MISS Gasol Free Throw 1 of 1,,3:02,4,4,0,0,2200,Pau Gasol,MEM,Memphis,1610612763.0,Grizzlies,0,,,,,,0,,,,,,,,,10:11 PM
424,0,4,452,0020600445,,,3:00,4,5,0,0,1725,Rasho Nesterovic,TOR,Toronto,1610612761.0,Raptors,0,,,,,,0,,,,,,,,Nesterovic REBOUND (Off:2 Def:6),10:11 PM
425,1,2,453,0020600445,,,2:44,4,5,0,0,200816,Jorge Garbajosa,TOR,Toronto,1610612761.0,Raptors,0,,,,,,0,,,,,,,,MISS Garbajosa 20' Jump Shot,10:11 PM
426,0,4,454,0020600445,Gasol REBOUND (Off:0 Def:10),,2:43,4,4,0,0,2200,Pau Gasol,MEM,Memphis,1610612763.0,Grizzlies,0,,,,,,0,,,,,,,,,10:11 PM
427,1,9,455,0020600445,GRIZZLIES Timeout: Regular (Full 4 Short 0),,2:43,4,2,0,0,1610612763,,,,,,0,,,,,,0,,,,,,,,,10:11 PM
428,5,2,459,0020600445,MISS Miller  Layup,,2:32,4,4,0,5,2034,Mike Miller,MEM,Memphis,1610612763.0,Grizzlies,0,,,,,,2410,Fred Jones,TOR,Toronto,1610612761.0,Raptors,,,Jones BLOCK (2 BLK),10:14 PM
429,0,4,460,0020600445,GRIZZLIES Rebound,,2:32,4,2,0,0,1610612763,,,,,,0,,,,,,0,,,,,,,,,10:14 PM
430,1,5,461,0020600445,Gasol Bad Pass Turnover (P3.T21),,2:19,4,4,5,0,2200,Pau Gasol,MEM,Memphis,1610612763.0,Grizzlies,200816,Jorge Garbajosa,TOR,Toronto,1610612761.0,Raptors,0,,,,,,,,Garbajosa STEAL (4 STL),10:14 PM
431,1,2,462,0020600445,,,2:12,4,5,0,0,2050,Morris Peterson,TOR,Toronto,1610612761.0,Raptors,0,,,,,,0,,,,,,,,MISS Peterson  3PT Jump Shot,10:14 PM
432,0,4,463,0020600445,,,2:10,4,5,0,0,1725,Rasho Nesterovic,TOR,Toronto,1610612761.0,Raptors,0,,,,,,0,,,,,,,,Nesterovic REBOUND (Off:3 Def:6),10:14 PM
433,1,2,464,0020600445,,,2:07,4,5,0,0,239,Darrick Martin,TOR,Toronto,1610612761.0,Raptors,0,,,,,,0,,,,,,,,MISS Martin 25' 3PT Jump Shot,10:14 PM
434,0,4,465,0020600445,Swift REBOUND (Off:4 Def:10),,2:05,4,4,0,0,2031,Stromile Swift,MEM,Memphis,1610612763.0,Grizzlies,0,,,,,,0,,,,,,,,,10:14 PM
435,46,1,466,0020600445,Atkins 8' Running Jump Shot (14 PTS),,1:55,4,4,0,0,1088,Chucky Atkins,MEM,Memphis,1610612763.0,Grizzlies,0,,,,,,0,,,,,,100 - 106,6,,10:15 PM
436,1,6,467,0020600445,Jones P.FOUL (P4.PN),,1:45,4,4,5,1,224,Eddie Jones,MEM,Memphis,1610612763.0,Grizzlies,2410,Fred Jones,TOR,Toronto,1610612761.0,Raptors,0,,,,,,,,,10:15 PM
437,11,3,468,0020600445,,,1:45,4,5,0,0,2410,Fred Jones,TOR,Toronto,1610612761.0,Raptors,0,,,,,,0,,,,,,101 - 106,5,Jones Free Throw 1 of 2 (4 PTS),10:15 PM
438,12,3,469,0020600445,,,1:45,4,5,0,0,2410,Fred Jones,TOR,Toronto,1610612761.0,Raptors,0,,,,,,0,,,,,,102 - 106,4,Jones Free Throw 2 of 2 (5 PTS),10:15 PM
439,1,2,470,0020600445,MISS Gasol 8' Jump Shot,,1:27,4,4,0,0,2200,Pau Gasol,MEM,Memphis,1610612763.0,Grizzlies,0,,,,,,0,,,,,,,,,10:16 PM
440,0,4,471,0020600445,,,1:25,4,5,0,0,2050,Morris Peterson,TOR,Toronto,1610612761.0,Raptors,0,,,,,,0,,,,,,,,Peterson REBOUND (Off:2 Def:3),10:16 PM
441,1,1,472,0020600445,,,1:14,4,5,5,0,200816,Jorge Garbajosa,TOR,Toronto,1610612761.0,Raptors,239,Darrick Martin,TOR,Toronto,1610612761.0,Raptors,0,,,,,,104 - 106,2,Garbajosa 22' Jump Shot (15 PTS) (Martin 10 AST),10:16 PM
442,4,5,473,0020600445,Swift Traveling Turnover (P4.T22),,1:01,4,4,0,1,2031,Stromile Swift,MEM,Memphis,1610612763.0,Grizzlies,0,,,,,,0,,,,,,,,,10:17 PM
443,1,9,474,0020600445,,,1:01,4,3,0,0,1610612761,,,,,,0,,,,,,0,,,,,,,,Raptors Timeout: Regular (Reg.5 Short 1),10:17 PM
444,5,2,478,0020600445,Gasol BLOCK (2 BLK),,0:39,4,5,0,4,239,Darrick Martin,TOR,Toronto,1610612761.0,Raptors,0,,,,,,2200,Pau Gasol,MEM,Memphis,1610612763.0,Grizzlies,,,MISS Martin  Layup,10:19 PM
445,0,4,479,0020600445,Jones REBOUND (Off:0 Def:2),,0:36,4,4,0,0,224,Eddie Jones,MEM,Memphis,1610612763.0,Grizzlies,0,,,,,,0,,,,,,,,,10:19 PM
446,1,6,480,0020600445,,,0:30,4,5,4,1,2050,Morris Peterson,TOR,Toronto,1610612761.0,Raptors,1088,Chucky Atkins,MEM,Memphis,1610612763.0,Grizzlies,0,,,,,,,,Peterson P.FOUL (P2.T4),10:19 PM
447,0,8,481,0020600445,,,0:30,4,5,5,0,200816,Jorge Garbajosa,TOR,Toronto,1610612761.0,Raptors,200745,Andrea Bargnani,TOR,Toronto,1610612761.0,Raptors,0,,,,,,,,SUB: Bargnani FOR Garbajosa,10:19 PM
448,2,9,482,0020600445,GRIZZLIES Timeout: Short (Full 4 Short 1),,0:30,4,2,0,0,1610612763,,,,,,0,,,,,,0,,,,,,,,,10:19 PM
449,1,2,484,0020600445,MISS Atkins 26' 3PT Jump Shot,,0:15,4,4,0,0,1088,Chucky Atkins,MEM,Memphis,1610612763.0,Grizzlies,0,,,,,,0,,,,,,,,,10:21 PM
450,0,4,485,0020600445,Gasol REBOUND (Off:1 Def:10),,0:14,4,4,0,0,2200,Pau Gasol,MEM,Memphis,1610612763.0,Grizzlies,0,,,,,,0,,,,,,,,,10:21 PM
451,1,6,486,0020600445,,,0:13,4,5,4,1,2050,Morris Peterson,TOR,Toronto,1610612761.0,Raptors,2200,Pau Gasol,MEM,Memphis,1610612763.0,Grizzlies,0,,,,,,,,Peterson P.FOUL (P3.PN),10:21 PM
452,11,3,487,0020600445,Gasol Free Throw 1 of 2 (21 PTS),,0:13,4,4,0,0,2200,Pau Gasol,MEM,Memphis,1610612763.0,Grizzlies,0,,,,,,0,,,,,,104 - 107,3,,10:21 PM
453,0,8,488,0020600445,,,0:13,4,5,5,0,239,Darrick Martin,TOR,Toronto,1610612761.0,Raptors,2743,Kris Humphries,TOR,Toronto,1610612761.0,Raptors,0,,,,,,,,SUB: Humphries FOR Martin,10:22 PM
454,12,3,489,0020600445,Gasol Free Throw 2 of 2 (22 PTS),,0:13,4,4,0,0,2200,Pau Gasol,MEM,Memphis,1610612763.0,Grizzlies,0,,,,,,0,,,,,,104 - 108,4,,10:22 PM
455,2,9,490,0020600445,,,0:13,4,3,0,0,1610612761,,,,,,0,,,,,,0,,,,,,,,Raptors Timeout: Short (Reg.5 Short 2),10:22 PM
456,0,8,492,0020600445,,,0:13,4,5,5,0,1725,Rasho Nesterovic,TOR,Toronto,1610612761.0,Raptors,239,Darrick Martin,TOR,Toronto,1610612761.0,Raptors,0,,,,,,,,SUB: Martin FOR Nesterovic,10:23 PM
457,0,8,493,0020600445,,,0:13,4,5,5,0,2743,Kris Humphries,TOR,Toronto,1610612761.0,Raptors,1515,Anthony Parker,TOR,Toronto,1610612761.0,Raptors,0,,,,,,,,SUB: Parker FOR Humphries,10:23 PM
458,1,2,495,0020600445,,,0:04,4,5,0,0,200745,Andrea Bargnani,TOR,Toronto,1610612761.0,Raptors,0,,,,,,0,,,,,,,,MISS Bargnani 26' 3PT Jump Shot,10:24 PM
459,0,4,496,0020600445,Atkins REBOUND (Off:0 Def:2),,0:03,4,4,0,0,1088,Chucky Atkins,MEM,Memphis,1610612763.0,Grizzlies,0,,,,,,0,,,,,,,,,10:24 PM
460,1,6,497,0020600445,,,0:02,4,5,4,1,239,Darrick Martin,TOR,Toronto,1610612761.0,Raptors,1088,Chucky Atkins,MEM,Memphis,1610612763.0,Grizzlies,0,,,,,,,,Martin P.FOUL (P4.PN),10:24 PM
461,11,3,498,0020600445,Atkins Free Throw 1 of 2 (15 PTS),,0:02,4,4,0,0,1088,Chucky Atkins,MEM,Memphis,1610612763.0,Grizzlies,0,,,,,,0,,,,,,104 - 109,5,,10:24 PM
462,12,3,499,0020600445,Atkins Free Throw 2 of 2 (16 PTS),,0:02,4,4,0,0,1088,Chucky Atkins,MEM,Memphis,1610612763.0,Grizzlies,0,,,,,,0,,,,,,104 - 110,6,,10:24 PM
463,0,13,500,0020600445,,,0:00,4,0,0,0,0,,,,,,0,,,,,,0,,,,,,104 - 110,6,,10:25 PM
