,EVENTMSGACTIONTYPE,EVENTMSGTYPE,EVENTNUM,GAME_ID,HOMEDESCRIPTION,NEUTRALDESCRIPTION,PCTIMESTRING,PERIOD,PERSON1TYPE,PERSON2TYPE,PERSON3TYPE,PLAYER1_ID,PLAYER1_NAME,PLAYER1_TEAM_ABBREVIATION,PLAYER1_TEAM_CITY,PLAYER1_TEAM_ID,PLAYER1_TEAM_NICKNAME,PLAYER2_ID,PLAYER2_NAME,PLAYER2_TEAM_ABBREVIATION,PLAYER2_TEAM_CITY,PLAYER2_TEAM_ID,PLAYER2_TEAM_NICKNAME,PLAYER3_ID,PLAYER3_NAME,PLAYER3_TEAM_ABBREVIATION,PLAYER3_TEAM_CITY,PLAYER3_TEAM_ID,PLAYER3_TEAM_NICKNAME,SCORE,SCOREMARGIN,VISITORDESCRIPTION,WCTIMESTRING
0,0,12,0,0020800310,,,12:00,1,0,0,0,0,,,,,,0,,,,,,0,,,,,,,,,8:43 PM
1,0,10,1,0020800310,Jump Ball Yao vs. Smith: Tip to Bibby,,12:00,1,4,5,5,2397,Yao Ming,HOU,Houston,1610612745.0,Rockets,2746,Josh Smith,ATL,Atlanta,1610612737.0,Hawks,1710,Mike Bibby,ATL,Atlanta,1610612737.0,Hawks,,,,8:43 PM
2,1,2,2,0020800310,,,11:42,1,5,0,0,1710,Mike Bibby,ATL,Atlanta,1610612737.0,Hawks,0,,,,,,0,,,,,,,,MISS Bibby 21' Jump Shot,8:44 PM
3,0,4,3,0020800310,Yao REBOUND (Off:0 Def:1),,11:41,1,4,0,0,2397,Yao Ming,HOU,Houston,1610612745.0,Rockets,0,,,,,,0,,,,,,,,,8:44 PM
4,2,6,4,0020800310,,,11:27,1,5,4,1,201143,Al Horford,ATL,Atlanta,1610612737.0,Hawks,2397,Yao Ming,HOU,Houston,1610612745.0,Rockets,0,,,,,,,,Horford S.FOUL (P1.T1),8:44 PM
5,11,3,5,0020800310,Yao Free Throw 1 of 2 (1 PTS),,11:27,1,4,0,0,2397,Yao Ming,HOU,Houston,1610612745.0,Rockets,0,,,,,,0,,,,,,0 - 1,1,,8:44 PM
6,12,3,7,0020800310,Yao Free Throw 2 of 2 (2 PTS),,11:27,1,4,0,0,2397,Yao Ming,HOU,Houston,1610612745.0,Rockets,0,,,,,,0,,,,,,0 - 2,2,,8:45 PM
7,1,2,9,0020800310,,,11:13,1,5,0,0,2207,Joe Johnson,ATL,Atlanta,1610612737.0,Hawks,0,,,,,,0,,,,,,,,MISS Johnson  3PT Jump Shot,8:45 PM
8,0,4,10,0020800310,,,11:12,1,5,0,0,201143,Al Horford,ATL,Atlanta,1610612737.0,Hawks,0,,,,,,0,,,,,,,,Horford REBOUND (Off:1 Def:0),8:45 PM
9,1,2,11,0020800310,,,11:01,1,5,0,0,2746,Josh Smith,ATL,Atlanta,1610612737.0,Hawks,0,,,,,,0,,,,,,,,MISS Smith  3PT Jump Shot,8:45 PM
10,0,4,12,0020800310,Yao REBOUND (Off:0 Def:2),,11:00,1,4,0,0,2397,Yao Ming,HOU,Houston,1610612745.0,Rockets,0,,,,,,0,,,,,,,,,8:45 PM
11,73,1,13,0020800310,Scola  Driving Reverse Layup (2 PTS),,10:47,1,4,0,0,2449,Luis Scola,HOU,Houston,1610612745.0,Rockets,0,,,,,,0,,,,,,0 - 4,4,,8:46 PM
12,1,2,14,0020800310,,,10:37,1,5,0,0,201143,Al Horford,ATL,Atlanta,1610612737.0,Hawks,0,,,,,,0,,,,,,,,MISS Horford 17' Jump Shot,8:46 PM
13,0,4,15,0020800310,Battier REBOUND (Off:0 Def:1),,10:36,1,4,0,0,2203,Shane Battier,HOU,Houston,1610612745.0,Rockets,0,,,,,,0,,,,,,,,,8:46 PM
14,39,5,16,0020800310,Battier Step Out of Bounds Turnover (P1.T1),,10:19,1,4,0,1,2203,Shane Battier,HOU,Houston,1610612745.0,Rockets,0,,,,,,0,,,,,,,,,8:46 PM
15,1,2,17,0020800310,,,10:07,1,5,0,0,1710,Mike Bibby,ATL,Atlanta,1610612737.0,Hawks,0,,,,,,0,,,,,,,,MISS Bibby 19' Jump Shot,8:46 PM
16,0,4,18,0020800310,Alston REBOUND (Off:0 Def:1),,10:05,1,4,0,0,1747,Rafer Alston,HOU,Houston,1610612745.0,Rockets,0,,,,,,0,,,,,,,,,8:46 PM
17,1,1,19,0020800310,Battier 26' 3PT Jump Shot (3 PTS) (Alston 1 AST),,9:55,1,4,4,0,2203,Shane Battier,HOU,Houston,1610612745.0,Rockets,1747,Rafer Alston,HOU,Houston,1610612745.0,Rockets,0,,,,,,0 - 7,7,,8:47 PM
18,5,2,20,0020800310,,,9:33,1,5,0,0,2207,Joe Johnson,ATL,Atlanta,1610612737.0,Hawks,0,,,,,,0,,,,,,,,MISS Johnson  Layup,8:47 PM
19,0,4,21,0020800310,World Peace REBOUND (Off:0 Def:1),,9:31,1,4,0,0,1897,Metta World Peace,HOU,Houston,1610612745.0,Rockets,0,,,,,,0,,,,,,,,,8:47 PM
20,1,2,22,0020800310,MISS Alston 25' 3PT Jump Shot,,9:25,1,4,0,0,1747,Rafer Alston,HOU,Houston,1610612745.0,Rockets,0,,,,,,0,,,,,,,,,8:47 PM
21,0,4,23,0020800310,,,9:24,1,5,0,0,101107,Marvin Williams,ATL,Atlanta,1610612737.0,Hawks,0,,,,,,0,,,,,,,,Williams REBOUND (Off:0 Def:1),8:47 PM
22,1,2,24,0020800310,,,9:08,1,5,0,0,101107,Marvin Williams,ATL,Atlanta,1610612737.0,Hawks,0,,,,,,0,,,,,,,,MISS Williams 25' 3PT Jump Shot,8:47 PM
23,0,4,25,0020800310,Yao REBOUND (Off:0 Def:3),,9:07,1,4,0,0,2397,Yao Ming,HOU,Houston,1610612745.0,Rockets,0,,,,,,0,,,,,,,,,8:47 PM
24,5,1,26,0020800310,Battier  Layup (5 PTS) (Alston 2 AST),,9:03,1,4,4,0,2203,Shane Battier,HOU,Houston,1610612745.0,Rockets,1747,Rafer Alston,HOU,Houston,1610612745.0,Rockets,0,,,,,,0 - 9,9,,8:48 PM
25,1,9,27,0020800310,,,8:55,1,3,0,0,1610612737,,,,,,0,,,,,,0,,,,,,,,Hawks Timeout: Regular (Reg.1 Short 0),8:48 PM
26,1,2,29,0020800310,,,8:38,1,5,0,0,2746,Josh Smith,ATL,Atlanta,1610612737.0,Hawks,0,,,,,,0,,,,,,,,MISS Smith 20' Jump Shot,8:50 PM
27,0,4,30,0020800310,World Peace REBOUND (Off:0 Def:2),,8:36,1,4,0,0,1897,Metta World Peace,HOU,Houston,1610612745.0,Rockets,0,,,,,,0,,,,,,,,,8:50 PM
28,3,1,31,0020800310,Yao 10' Hook Shot (4 PTS) (World Peace 1 AST),,8:26,1,4,4,0,2397,Yao Ming,HOU,Houston,1610612745.0,Rockets,1897,Metta World Peace,HOU,Houston,1610612745.0,Rockets,0,,,,,,0 - 11,11,,8:51 PM
29,63,2,32,0020800310,,,8:00,1,5,0,0,2746,Josh Smith,ATL,Atlanta,1610612737.0,Hawks,0,,,,,,0,,,,,,,,MISS Smith 19' Fadeaway Jumper,8:51 PM
30,0,4,33,0020800310,Alston REBOUND (Off:0 Def:2),,7:58,1,4,0,0,1747,Rafer Alston,HOU,Houston,1610612745.0,Rockets,0,,,,,,0,,,,,,,,,8:51 PM
31,1,2,34,0020800310,MISS Scola 10' Jump Shot,,7:50,1,4,0,0,2449,Luis Scola,HOU,Houston,1610612745.0,Rockets,0,,,,,,0,,,,,,,,,8:51 PM
32,0,4,35,0020800310,,,7:49,1,5,0,0,201143,Al Horford,ATL,Atlanta,1610612737.0,Hawks,0,,,,,,0,,,,,,,,Horford REBOUND (Off:1 Def:1),8:51 PM
33,5,2,36,0020800310,World Peace BLOCK (1 BLK),,7:39,1,5,0,4,2746,Josh Smith,ATL,Atlanta,1610612737.0,Hawks,0,,,,,,1897,Metta World Peace,HOU,Houston,1610612745.0,Rockets,,,MISS Smith  Layup,8:52 PM
34,0,4,37,0020800310,World Peace REBOUND (Off:0 Def:3),,7:38,1,4,0,0,1897,Metta World Peace,HOU,Houston,1610612745.0,Rockets,0,,,,,,0,,,,,,,,,8:52 PM
35,42,1,38,0020800310,Alston  Driving Layup (2 PTS),,7:26,1,4,0,0,1747,Rafer Alston,HOU,Houston,1610612745.0,Rockets,0,,,,,,0,,,,,,0 - 13,13,,8:52 PM
36,44,2,39,0020800310,,,7:06,1,5,0,0,2207,Joe Johnson,ATL,Atlanta,1610612737.0,Hawks,0,,,,,,0,,,,,,,,MISS Johnson  Reverse Layup,8:52 PM
37,0,4,40,0020800310,Battier REBOUND (Off:0 Def:2),,7:04,1,4,0,0,2203,Shane Battier,HOU,Houston,1610612745.0,Rockets,0,,,,,,0,,,,,,,,,8:52 PM
38,1,5,41,0020800310,Alston Bad Pass Turnover (P1.T2),,7:00,1,4,5,0,1747,Rafer Alston,HOU,Houston,1610612745.0,Rockets,201143,Al Horford,ATL,Atlanta,1610612737.0,Hawks,0,,,,,,,,Horford STEAL (1 STL),8:53 PM
39,5,2,42,0020800310,Yao BLOCK (1 BLK),,6:55,1,5,0,4,101107,Marvin Williams,ATL,Atlanta,1610612737.0,Hawks,0,,,,,,2397,Yao Ming,HOU,Houston,1610612745.0,Rockets,,,MISS Williams  Layup,8:53 PM
40,0,4,44,0020800310,,,6:53,1,5,0,0,2746,Josh Smith,ATL,Atlanta,1610612737.0,Hawks,0,,,,,,0,,,,,,,,Smith REBOUND (Off:1 Def:0),8:53 PM
41,5,1,43,0020800310,,,6:52,1,5,0,0,2746,Josh Smith,ATL,Atlanta,1610612737.0,Hawks,0,,,,,,0,,,,,,2 - 13,11,Smith  Layup (2 PTS),8:53 PM
42,1,6,45,0020800310,,,6:36,1,5,4,1,201143,Al Horford,ATL,Atlanta,1610612737.0,Hawks,2397,Yao Ming,HOU,Houston,1610612745.0,Rockets,0,,,,,,,,Horford P.FOUL (P2.T2),8:53 PM
43,0,8,46,0020800310,,,6:36,1,5,5,0,201143,Al Horford,ATL,Atlanta,1610612737.0,Hawks,2585,Zaza Pachulia,ATL,Atlanta,1610612737.0,Hawks,0,,,,,,,,SUB: Pachulia FOR Horford,8:53 PM
44,47,1,47,0020800310,Yao 9' Turnaround Jump Shot (6 PTS) (World Peace 2 AST),,6:26,1,4,4,0,2397,Yao Ming,HOU,Houston,1610612745.0,Rockets,1897,Metta World Peace,HOU,Houston,1610612745.0,Rockets,0,,,,,,2 - 15,13,,8:53 PM
45,46,2,48,0020800310,,,6:07,1,5,0,0,1710,Mike Bibby,ATL,Atlanta,1610612737.0,Hawks,0,,,,,,0,,,,,,,,MISS Bibby 11' Running Jump Shot,8:54 PM
46,0,4,49,0020800310,Yao REBOUND (Off:0 Def:4),,6:05,1,4,0,0,2397,Yao Ming,HOU,Houston,1610612745.0,Rockets,0,,,,,,0,,,,,,,,,8:54 PM
47,5,1,50,0020800310,Scola  Layup (4 PTS),,5:51,1,4,0,0,2449,Luis Scola,HOU,Houston,1610612745.0,Rockets,0,,,,,,0,,,,,,2 - 17,15,,8:54 PM
48,2,6,51,0020800310,Scola S.FOUL (P1.T1),,5:35,1,4,5,1,2449,Luis Scola,HOU,Houston,1610612745.0,Rockets,2746,Josh Smith,ATL,Atlanta,1610612737.0,Hawks,0,,,,,,,,,8:54 PM
49,0,8,52,0020800310,,,5:35,1,5,5,0,1710,Mike Bibby,ATL,Atlanta,1610612737.0,Hawks,201151,Acie Law,ATL,Atlanta,1610612737.0,Hawks,0,,,,,,,,SUB: Law FOR Bibby,8:55 PM
50,11,3,53,0020800310,,,5:35,1,5,0,0,2746,Josh Smith,ATL,Atlanta,1610612737.0,Hawks,0,,,,,,0,,,,,,3 - 17,14,Smith Free Throw 1 of 2 (3 PTS),8:55 PM
51,0,8,55,0020800310,,,5:35,1,5,5,0,101107,Marvin Williams,ATL,Atlanta,1610612737.0,Hawks,2230,Maurice Evans,ATL,Atlanta,1610612737.0,Hawks,0,,,,,,,,SUB: Evans FOR Williams,8:55 PM
52,12,3,56,0020800310,,,5:35,1,5,0,0,2746,Josh Smith,ATL,Atlanta,1610612737.0,Hawks,0,,,,,,0,,,,,,4 - 17,13,Smith Free Throw 2 of 2 (4 PTS),8:55 PM
53,42,1,58,0020800310,Alston  Driving Layup (4 PTS),,5:21,1,4,0,0,1747,Rafer Alston,HOU,Houston,1610612745.0,Rockets,0,,,,,,0,,,,,,4 - 19,15,,8:56 PM
54,5,2,59,0020800310,,,5:13,1,5,0,0,2746,Josh Smith,ATL,Atlanta,1610612737.0,Hawks,0,,,,,,0,,,,,,,,MISS Smith  Layup,8:56 PM
55,0,4,60,0020800310,Scola REBOUND (Off:0 Def:1),,5:11,1,4,0,0,2449,Luis Scola,HOU,Houston,1610612745.0,Rockets,0,,,,,,0,,,,,,,,,8:56 PM
56,5,2,61,0020800310,MISS Yao  Layup,,5:01,1,4,0,5,2397,Yao Ming,HOU,Houston,1610612745.0,Rockets,0,,,,,,2585,Zaza Pachulia,ATL,Atlanta,1610612737.0,Hawks,,,Pachulia BLOCK (1 BLK),8:56 PM
57,0,4,62,0020800310,,,4:59,1,5,0,0,2585,Zaza Pachulia,ATL,Atlanta,1610612737.0,Hawks,0,,,,,,0,,,,,,,,Pachulia REBOUND (Off:0 Def:1),8:56 PM
58,2,6,63,0020800310,Yao S.FOUL (P1.T2),,4:48,1,4,5,1,2397,Yao Ming,HOU,Houston,1610612745.0,Rockets,2585,Zaza Pachulia,ATL,Atlanta,1610612737.0,Hawks,0,,,,,,,,,8:56 PM
59,11,3,64,0020800310,,,4:48,1,5,0,0,2585,Zaza Pachulia,ATL,Atlanta,1610612737.0,Hawks,0,,,,,,0,,,,,,5 - 19,14,Pachulia Free Throw 1 of 2 (1 PTS),8:56 PM
60,0,8,66,0020800310,SUB: Wafer FOR Battier,,4:48,1,4,4,0,2203,Shane Battier,HOU,Houston,1610612745.0,Rockets,101144,Von Wafer,HOU,Houston,1610612745.0,Rockets,0,,,,,,,,,8:57 PM
61,12,3,67,0020800310,,,4:48,1,5,0,0,2585,Zaza Pachulia,ATL,Atlanta,1610612737.0,Hawks,0,,,,,,0,,,,,,6 - 19,13,Pachulia Free Throw 2 of 2 (2 PTS),8:57 PM
62,42,1,69,0020800310,Yao  Driving Layup (8 PTS),,4:31,1,4,0,0,2397,Yao Ming,HOU,Houston,1610612745.0,Rockets,0,,,,,,0,,,,,,6 - 21,15,,8:57 PM
63,1,2,70,0020800310,,,4:14,1,5,0,0,2230,Maurice Evans,ATL,Atlanta,1610612737.0,Hawks,0,,,,,,0,,,,,,,,MISS Evans 20' Jump Shot,8:57 PM
64,0,4,71,0020800310,Yao REBOUND (Off:0 Def:5),,4:13,1,4,0,0,2397,Yao Ming,HOU,Houston,1610612745.0,Rockets,0,,,,,,0,,,,,,,,,8:57 PM
65,5,2,72,0020800310,MISS Alston  Layup,,4:02,1,4,0,0,1747,Rafer Alston,HOU,Houston,1610612745.0,Rockets,0,,,,,,0,,,,,,,,,8:58 PM
66,0,4,74,0020800310,Alston REBOUND (Off:1 Def:2),,4:01,1,4,0,0,1747,Rafer Alston,HOU,Houston,1610612745.0,Rockets,0,,,,,,0,,,,,,,,,8:58 PM
67,4,2,73,0020800310,MISS Alston  Tip Shot,,4:01,1,4,0,0,1747,Rafer Alston,HOU,Houston,1610612745.0,Rockets,0,,,,,,0,,,,,,,,,8:58 PM
68,0,4,75,0020800310,,,4:00,1,5,0,0,2585,Zaza Pachulia,ATL,Atlanta,1610612737.0,Hawks,0,,,,,,0,,,,,,,,Pachulia REBOUND (Off:0 Def:2),8:58 PM
69,2,6,76,0020800310,Yao S.FOUL (P2.T3),,3:53,1,4,5,1,2397,Yao Ming,HOU,Houston,1610612745.0,Rockets,2207,Joe Johnson,ATL,Atlanta,1610612737.0,Hawks,0,,,,,,,,,8:58 PM
70,11,3,77,0020800310,,,3:53,1,5,0,0,2207,Joe Johnson,ATL,Atlanta,1610612737.0,Hawks,0,,,,,,0,,,,,,,,MISS Johnson Free Throw 1 of 2,8:58 PM
71,1,4,78,0020800310,,,3:53,1,3,0,0,1610612737,,,,,,0,,,,,,0,,,,,,,,Hawks Rebound,8:58 PM
72,0,8,79,0020800310,SUB: Landry FOR Yao,,3:53,1,4,4,0,2397,Yao Ming,HOU,Houston,1610612745.0,Rockets,201171,Carl Landry,HOU,Houston,1610612745.0,Rockets,0,,,,,,,,,8:58 PM
73,0,8,80,0020800310,,,3:53,1,5,5,0,2746,Josh Smith,ATL,Atlanta,1610612737.0,Hawks,101107,Marvin Williams,ATL,Atlanta,1610612737.0,Hawks,0,,,,,,,,SUB: Williams FOR Smith,8:58 PM
74,12,3,81,0020800310,,,3:53,1,5,0,0,2207,Joe Johnson,ATL,Atlanta,1610612737.0,Hawks,0,,,,,,0,,,,,,7 - 21,14,Johnson Free Throw 2 of 2 (1 PTS),8:58 PM
75,1,2,83,0020800310,MISS World Peace 21' Jump Shot,,3:38,1,4,0,0,1897,Metta World Peace,HOU,Houston,1610612745.0,Rockets,0,,,,,,0,,,,,,,,,8:59 PM
76,0,4,84,0020800310,,,3:37,1,5,0,0,2585,Zaza Pachulia,ATL,Atlanta,1610612737.0,Hawks,0,,,,,,0,,,,,,,,Pachulia REBOUND (Off:0 Def:3),8:59 PM
77,1,5,85,0020800310,Scola STEAL (1 STL),,3:28,1,5,4,0,201151,Acie Law,ATL,Atlanta,1610612737.0,Hawks,2449,Luis Scola,HOU,Houston,1610612745.0,Rockets,0,,,,,,,,Law Bad Pass Turnover (P1.T1),8:59 PM
78,1,2,86,0020800310,MISS Wafer 17' Jump Shot,,3:21,1,4,0,5,101144,Von Wafer,HOU,Houston,1610612745.0,Rockets,0,,,,,,101107,Marvin Williams,ATL,Atlanta,1610612737.0,Hawks,,,Williams BLOCK (1 BLK),8:59 PM
79,0,4,87,0020800310,Wafer REBOUND (Off:1 Def:0),,3:19,1,4,0,0,101144,Von Wafer,HOU,Houston,1610612745.0,Rockets,0,,,,,,0,,,,,,,,,8:59 PM
80,5,1,88,0020800310,Scola  Layup (6 PTS) (World Peace 3 AST),,3:09,1,4,4,0,2449,Luis Scola,HOU,Houston,1610612745.0,Rockets,1897,Metta World Peace,HOU,Houston,1610612745.0,Rockets,0,,,,,,7 - 23,16,,8:59 PM
81,42,2,89,0020800310,,,2:57,1,5,0,0,2585,Zaza Pachulia,ATL,Atlanta,1610612737.0,Hawks,0,,,,,,0,,,,,,,,MISS Pachulia  Driving Layup,9:00 PM
82,0,4,90,0020800310,Alston REBOUND (Off:1 Def:3),,2:55,1,4,0,0,1747,Rafer Alston,HOU,Houston,1610612745.0,Rockets,0,,,,,,0,,,,,,,,,9:00 PM
83,1,2,91,0020800310,MISS Landry 21' Jump Shot,,2:36,1,4,0,0,201171,Carl Landry,HOU,Houston,1610612745.0,Rockets,0,,,,,,0,,,,,,,,,9:00 PM
84,0,4,92,0020800310,,,2:35,1,5,0,0,2230,Maurice Evans,ATL,Atlanta,1610612737.0,Hawks,0,,,,,,0,,,,,,,,Evans REBOUND (Off:0 Def:1),9:00 PM
85,1,1,93,0020800310,,,2:14,1,5,5,0,101107,Marvin Williams,ATL,Atlanta,1610612737.0,Hawks,201151,Acie Law,ATL,Atlanta,1610612737.0,Hawks,0,,,,,,9 - 23,14,Williams 20' Jump Shot (2 PTS) (Law 1 AST),9:00 PM
86,1,1,94,0020800310,Scola 20' Jump Shot (8 PTS) (Alston 3 AST),,1:50,1,4,4,0,2449,Luis Scola,HOU,Houston,1610612745.0,Rockets,1747,Rafer Alston,HOU,Houston,1610612745.0,Rockets,0,,,,,,9 - 25,16,,9:01 PM
87,2,6,95,0020800310,Landry S.FOUL (P1.T4),,1:37,1,4,5,1,201171,Carl Landry,HOU,Houston,1610612745.0,Rockets,2207,Joe Johnson,ATL,Atlanta,1610612737.0,Hawks,0,,,,,,,,,9:01 PM
88,1,9,96,0020800310,ROCKETS Timeout: Regular (Full 1 Short 0),,1:37,1,2,0,0,1610612745,,,,,,0,,,,,,0,,,,,,,,,9:01 PM
89,0,8,98,0020800310,SUB: Battier FOR World Peace,,1:37,1,4,4,0,1897,Metta World Peace,HOU,Houston,1610612745.0,Rockets,2203,Shane Battier,HOU,Houston,1610612745.0,Rockets,0,,,,,,,,,9:03 PM
90,11,3,99,0020800310,,,1:37,1,5,0,0,2207,Joe Johnson,ATL,Atlanta,1610612737.0,Hawks,0,,,,,,0,,,,,,10 - 25,15,Johnson Free Throw 1 of 2 (2 PTS),9:04 PM
91,12,3,101,0020800310,,,1:37,1,5,0,0,2207,Joe Johnson,ATL,Atlanta,1610612737.0,Hawks,0,,,,,,0,,,,,,11 - 25,14,Johnson Free Throw 2 of 2 (3 PTS),9:04 PM
92,1,2,103,0020800310,MISS Alston 26' 3PT Jump Shot,,1:20,1,4,0,0,1747,Rafer Alston,HOU,Houston,1610612745.0,Rockets,0,,,,,,0,,,,,,,,,9:04 PM
93,0,4,104,0020800310,,,1:18,1,5,0,0,2585,Zaza Pachulia,ATL,Atlanta,1610612737.0,Hawks,0,,,,,,0,,,,,,,,Pachulia REBOUND (Off:0 Def:4),9:04 PM
94,47,1,105,0020800310,,,1:09,1,5,0,0,101107,Marvin Williams,ATL,Atlanta,1610612737.0,Hawks,0,,,,,,0,,,,,,13 - 25,12,Williams 11' Turnaround Jump Shot (4 PTS),9:04 PM
95,1,2,106,0020800310,MISS Wafer 26' 3PT Jump Shot,,0:46,1,4,0,0,101144,Von Wafer,HOU,Houston,1610612745.0,Rockets,0,,,,,,0,,,,,,,,,9:05 PM
96,0,4,107,0020800310,,,0:45,1,5,0,0,101107,Marvin Williams,ATL,Atlanta,1610612737.0,Hawks,0,,,,,,0,,,,,,,,Williams REBOUND (Off:0 Def:2),9:05 PM
97,1,1,108,0020800310,,,0:40,1,5,5,0,2207,Joe Johnson,ATL,Atlanta,1610612737.0,Hawks,101107,Marvin Williams,ATL,Atlanta,1610612737.0,Hawks,0,,,,,,16 - 25,9,Johnson 25' 3PT Jump Shot (6 PTS) (Williams 1 AST),9:05 PM
98,2,6,109,0020800310,,,0:23,1,5,4,1,2585,Zaza Pachulia,ATL,Atlanta,1610612737.0,Hawks,101144,Von Wafer,HOU,Houston,1610612745.0,Rockets,0,,,,,,,,Pachulia S.FOUL (P1.T3),9:05 PM
99,0,8,110,0020800310,,,0:23,1,5,5,0,2207,Joe Johnson,ATL,Atlanta,1610612737.0,Hawks,2436,Ronald Murray,ATL,Atlanta,1610612737.0,Hawks,0,,,,,,,,SUB: Murray FOR Johnson,9:06 PM
100,0,8,111,0020800310,SUB: Hayes FOR Scola,,0:23,1,4,4,0,2449,Luis Scola,HOU,Houston,1610612745.0,Rockets,101236,Charles Hayes,HOU,Houston,1610612745.0,Rockets,0,,,,,,,,,9:06 PM
101,11,3,112,0020800310,Wafer Free Throw 1 of 2 (1 PTS),,0:23,1,4,0,0,101144,Von Wafer,HOU,Houston,1610612745.0,Rockets,0,,,,,,0,,,,,,16 - 26,10,,9:06 PM
102,12,3,114,0020800310,Wafer Free Throw 2 of 2 (2 PTS),,0:23,1,4,0,0,101144,Von Wafer,HOU,Houston,1610612745.0,Rockets,0,,,,,,0,,,,,,16 - 27,11,,9:06 PM
103,1,2,116,0020800310,,,0:01,1,5,0,0,2230,Maurice Evans,ATL,Atlanta,1610612737.0,Hawks,0,,,,,,0,,,,,,,,MISS Evans  3PT Jump Shot,9:06 PM
104,0,4,117,0020800310,,,0:01,1,5,0,0,2585,Zaza Pachulia,ATL,Atlanta,1610612737.0,Hawks,0,,,,,,0,,,,,,,,Pachulia REBOUND (Off:1 Def:4),9:06 PM
105,5,2,118,0020800310,,,0:00,1,5,0,0,2585,Zaza Pachulia,ATL,Atlanta,1610612737.0,Hawks,0,,,,,,0,,,,,,,,MISS Pachulia  Layup,9:06 PM
106,0,4,119,0020800310,,,0:00,1,3,0,0,1610612737,,,,,,0,,,,,,0,,,,,,,,Hawks Rebound,9:07 PM
107,0,13,120,0020800310,,,0:00,1,0,0,0,0,,,,,,0,,,,,,0,,,,,,16 - 27,11,,9:07 PM
108,0,12,122,0020800310,,,12:00,2,0,0,0,0,,,,,,0,,,,,,0,,,,,,16 - 27,11,,9:09 PM
109,1,2,123,0020800310,MISS Wafer 15' Jump Shot,,11:46,2,4,0,0,101144,Von Wafer,HOU,Houston,1610612745.0,Rockets,0,,,,,,0,,,,,,,,,9:10 PM
110,0,4,124,0020800310,,,11:45,2,5,0,0,101107,Marvin Williams,ATL,Atlanta,1610612737.0,Hawks,0,,,,,,0,,,,,,,,Williams REBOUND (Off:0 Def:3),9:10 PM
111,1,2,125,0020800310,,,11:24,2,5,0,0,101107,Marvin Williams,ATL,Atlanta,1610612737.0,Hawks,0,,,,,,0,,,,,,,,MISS Williams 8' Jump Shot,9:10 PM
112,0,4,126,0020800310,Hayes REBOUND (Off:0 Def:1),,11:23,2,4,0,0,101236,Charles Hayes,HOU,Houston,1610612745.0,Rockets,0,,,,,,0,,,,,,,,,9:10 PM
113,1,2,127,0020800310,MISS Brooks 23' Jump Shot,,11:04,2,4,0,0,201166,Aaron Brooks,HOU,Houston,1610612745.0,Rockets,0,,,,,,0,,,,,,,,,9:10 PM
114,0,4,128,0020800310,Wafer REBOUND (Off:2 Def:0),,11:03,2,4,0,0,101144,Von Wafer,HOU,Houston,1610612745.0,Rockets,0,,,,,,0,,,,,,,,,9:10 PM
115,42,1,129,0020800310,Wafer  Driving Layup (4 PTS),,11:00,2,4,0,0,101144,Von Wafer,HOU,Houston,1610612745.0,Rockets,0,,,,,,0,,,,,,16 - 29,13,,9:10 PM
116,1,2,130,0020800310,,,10:35,2,5,0,0,2585,Zaza Pachulia,ATL,Atlanta,1610612737.0,Hawks,0,,,,,,0,,,,,,,,MISS Pachulia 19' Jump Shot,9:11 PM
117,0,4,131,0020800310,Wafer REBOUND (Off:2 Def:1),,10:32,2,4,0,0,101144,Von Wafer,HOU,Houston,1610612745.0,Rockets,0,,,,,,0,,,,,,,,,9:11 PM
118,42,2,132,0020800310,MISS Brooks  Driving Layup,,10:25,2,4,0,0,201166,Aaron Brooks,HOU,Houston,1610612745.0,Rockets,0,,,,,,0,,,,,,,,,9:11 PM
119,0,4,133,0020800310,,,10:23,2,5,0,0,201151,Acie Law,ATL,Atlanta,1610612737.0,Hawks,0,,,,,,0,,,,,,,,Law REBOUND (Off:0 Def:1),9:11 PM
120,4,6,134,0020800310,,,10:20,2,5,4,1,2436,Ronald Murray,ATL,Atlanta,1610612737.0,Hawks,2203,Shane Battier,HOU,Houston,1610612745.0,Rockets,0,,,,,,,,Murray OFF.Foul (P1),9:11 PM
121,5,5,135,0020800310,,,10:20,2,5,0,1,2436,Ronald Murray,ATL,Atlanta,1610612737.0,Hawks,0,,,,,,0,,,,,,,,Murray Foul Turnover (P1.T2),9:11 PM
122,86,2,136,0020800310,MISS Wafer 12' Turnaround Fadeaway Shot,,9:58,2,4,0,0,101144,Von Wafer,HOU,Houston,1610612745.0,Rockets,0,,,,,,0,,,,,,,,,9:12 PM
123,0,4,137,0020800310,,,9:56,2,5,0,0,2585,Zaza Pachulia,ATL,Atlanta,1610612737.0,Hawks,0,,,,,,0,,,,,,,,Pachulia REBOUND (Off:1 Def:5),9:12 PM
124,79,2,138,0020800310,,,9:48,2,5,0,0,201151,Acie Law,ATL,Atlanta,1610612737.0,Hawks,0,,,,,,0,,,,,,,,MISS Law 16' Pullup Jump Shot,9:12 PM
125,0,4,139,0020800310,Brooks REBOUND (Off:0 Def:1),,9:45,2,4,0,0,201166,Aaron Brooks,HOU,Houston,1610612745.0,Rockets,0,,,,,,0,,,,,,,,,9:12 PM
126,1,1,140,0020800310,Landry 9' Jump Shot (2 PTS) (Brooks 1 AST),,9:33,2,4,4,0,201171,Carl Landry,HOU,Houston,1610612745.0,Rockets,201166,Aaron Brooks,HOU,Houston,1610612745.0,Rockets,0,,,,,,16 - 31,15,,9:12 PM
127,1,5,146,0020800310,Hayes STEAL (1 STL),,9:12,2,5,4,0,101107,Marvin Williams,ATL,Atlanta,1610612737.0,Hawks,101236,Charles Hayes,HOU,Houston,1610612745.0,Rockets,0,,,,,,,,Williams Bad Pass Turnover (P1.T3),9:12 PM
128,1,5,143,0020800310,Wafer Bad Pass Turnover (P1.T3),,8:58,2,4,5,0,101144,Von Wafer,HOU,Houston,1610612745.0,Rockets,2230,Maurice Evans,ATL,Atlanta,1610612737.0,Hawks,0,,,,,,,,Evans STEAL (1 STL),9:13 PM
129,1,6,144,0020800310,Battier P.FOUL (P1.T1),,8:58,2,4,5,1,2203,Shane Battier,HOU,Houston,1610612745.0,Rockets,2230,Maurice Evans,ATL,Atlanta,1610612737.0,Hawks,0,,,,,,,,,9:13 PM
130,1,9,145,0020800310,,,8:58,2,1,0,0,0,,,,,,0,,,,,,0,,,,,,,,,9:13 PM
131,0,8,147,0020800310,SUB: World Peace FOR Battier,,8:58,2,4,4,0,2203,Shane Battier,HOU,Houston,1610612745.0,Rockets,1897,Metta World Peace,HOU,Houston,1610612745.0,Rockets,0,,,,,,,,,9:16 PM
132,0,8,148,0020800310,,,8:58,2,5,5,0,101107,Marvin Williams,ATL,Atlanta,1610612737.0,Hawks,1710,Mike Bibby,ATL,Atlanta,1610612737.0,Hawks,0,,,,,,,,SUB: Bibby FOR Williams,9:16 PM
133,0,8,149,0020800310,,,8:58,2,5,5,0,201151,Acie Law,ATL,Atlanta,1610612737.0,Hawks,2746,Josh Smith,ATL,Atlanta,1610612737.0,Hawks,0,,,,,,,,SUB: Smith FOR Law,9:16 PM
134,1,1,150,0020800310,,,8:46,2,5,5,0,1710,Mike Bibby,ATL,Atlanta,1610612737.0,Hawks,2746,Josh Smith,ATL,Atlanta,1610612737.0,Hawks,0,,,,,,18 - 31,13,Bibby 18' Jump Shot (2 PTS) (Smith 1 AST),9:16 PM
135,5,1,152,0020800310,World Peace  Layup (2 PTS) (Hayes 1 AST),,8:31,2,4,4,0,1897,Metta World Peace,HOU,Houston,1610612745.0,Rockets,101236,Charles Hayes,HOU,Houston,1610612745.0,Rockets,0,,,,,,18 - 33,15,,9:16 PM
136,1,1,153,0020800310,,,8:12,2,5,0,0,2436,Ronald Murray,ATL,Atlanta,1610612737.0,Hawks,0,,,,,,0,,,,,,20 - 33,13,Murray 11' Jump Shot (2 PTS),9:17 PM
137,5,2,154,0020800310,MISS Wafer  Layup,,7:50,2,4,0,5,101144,Von Wafer,HOU,Houston,1610612745.0,Rockets,0,,,,,,2746,Josh Smith,ATL,Atlanta,1610612737.0,Hawks,,,Smith BLOCK (1 BLK),9:17 PM
138,0,4,155,0020800310,Hayes REBOUND (Off:1 Def:1),,7:48,2,4,0,0,101236,Charles Hayes,HOU,Houston,1610612745.0,Rockets,0,,,,,,0,,,,,,,,,9:17 PM
139,5,2,156,0020800310,MISS Landry  Layup,,7:45,2,4,0,5,201171,Carl Landry,HOU,Houston,1610612745.0,Rockets,0,,,,,,2436,Ronald Murray,ATL,Atlanta,1610612737.0,Hawks,,,Murray BLOCK (1 BLK),9:17 PM
140,0,4,157,0020800310,,,7:43,2,5,0,0,2436,Ronald Murray,ATL,Atlanta,1610612737.0,Hawks,0,,,,,,0,,,,,,,,Murray REBOUND (Off:0 Def:1),9:17 PM
141,8,1,158,0020800310,,,7:41,2,5,5,0,2746,Josh Smith,ATL,Atlanta,1610612737.0,Hawks,2436,Ronald Murray,ATL,Atlanta,1610612737.0,Hawks,0,,,,,,22 - 33,11,Smith  Slam Dunk (6 PTS) (Murray 1 AST),9:17 PM
142,1,2,159,0020800310,MISS Wafer 26' 3PT Jump Shot,,7:20,2,4,0,0,101144,Von Wafer,HOU,Houston,1610612745.0,Rockets,0,,,,,,0,,,,,,,,,9:17 PM
143,0,4,160,0020800310,,,7:19,2,5,0,0,2746,Josh Smith,ATL,Atlanta,1610612737.0,Hawks,0,,,,,,0,,,,,,,,Smith REBOUND (Off:1 Def:1),9:17 PM
144,42,1,161,0020800310,,,7:04,2,5,0,0,2585,Zaza Pachulia,ATL,Atlanta,1610612737.0,Hawks,0,,,,,,0,,,,,,24 - 33,9,Pachulia  Driving Layup (4 PTS),9:18 PM
145,1,2,162,0020800310,MISS Brooks 27' 3PT Jump Shot,,6:49,2,4,0,0,201166,Aaron Brooks,HOU,Houston,1610612745.0,Rockets,0,,,,,,0,,,,,,,,,9:18 PM
146,0,4,163,0020800310,,,6:48,2,5,0,0,2436,Ronald Murray,ATL,Atlanta,1610612737.0,Hawks,0,,,,,,0,,,,,,,,Murray REBOUND (Off:0 Def:2),9:18 PM
147,5,2,164,0020800310,World Peace BLOCK (2 BLK),,6:44,2,5,0,4,2230,Maurice Evans,ATL,Atlanta,1610612737.0,Hawks,0,,,,,,1897,Metta World Peace,HOU,Houston,1610612745.0,Rockets,,,MISS Evans  Layup,9:18 PM
148,0,4,165,0020800310,Hayes REBOUND (Off:1 Def:2),,6:43,2,4,0,0,101236,Charles Hayes,HOU,Houston,1610612745.0,Rockets,0,,,,,,0,,,,,,,,,9:18 PM
149,1,1,166,0020800310,Brooks 23' Jump Shot (2 PTS) (Wafer 1 AST),,6:35,2,4,4,0,201166,Aaron Brooks,HOU,Houston,1610612745.0,Rockets,101144,Von Wafer,HOU,Houston,1610612745.0,Rockets,0,,,,,,24 - 35,11,,9:18 PM
150,1,9,167,0020800310,,,6:20,2,3,0,0,1610612737,,,,,,0,,,,,,0,,,,,,,,Hawks Timeout: Regular (Reg.2 Short 0),9:18 PM
151,0,8,169,0020800310,,,6:20,2,5,5,0,2230,Maurice Evans,ATL,Atlanta,1610612737.0,Hawks,2207,Joe Johnson,ATL,Atlanta,1610612737.0,Hawks,0,,,,,,,,SUB: Johnson FOR Evans,9:21 PM
152,0,8,170,0020800310,SUB: Yao FOR Landry,,6:20,2,4,4,0,201171,Carl Landry,HOU,Houston,1610612745.0,Rockets,2397,Yao Ming,HOU,Houston,1610612745.0,Rockets,0,,,,,,,,,9:21 PM
153,1,1,171,0020800310,,,6:06,2,5,0,0,1710,Mike Bibby,ATL,Atlanta,1610612737.0,Hawks,0,,,,,,0,,,,,,26 - 35,9,Bibby 21' Jump Shot (4 PTS),9:21 PM
154,2,6,172,0020800310,Brooks S.FOUL (P1.T2),,6:06,2,4,5,1,201166,Aaron Brooks,HOU,Houston,1610612745.0,Rockets,1710,Mike Bibby,ATL,Atlanta,1610612737.0,Hawks,0,,,,,,,,,9:21 PM
155,0,8,173,0020800310,SUB: Alston FOR Wafer,,6:06,2,4,4,0,101144,Von Wafer,HOU,Houston,1610612745.0,Rockets,1747,Rafer Alston,HOU,Houston,1610612745.0,Rockets,0,,,,,,,,,9:22 PM
156,10,3,174,0020800310,,,6:06,2,5,0,0,1710,Mike Bibby,ATL,Atlanta,1610612737.0,Hawks,0,,,,,,0,,,,,,,,MISS Bibby Free Throw 1 of 1,9:22 PM
157,0,4,176,0020800310,Yao REBOUND (Off:0 Def:6),,6:06,2,4,0,0,2397,Yao Ming,HOU,Houston,1610612745.0,Rockets,0,,,,,,0,,,,,,,,,9:22 PM
158,1,2,177,0020800310,MISS World Peace 26' 3PT Jump Shot,,5:47,2,4,0,0,1897,Metta World Peace,HOU,Houston,1610612745.0,Rockets,0,,,,,,0,,,,,,,,,9:22 PM
159,0,4,178,0020800310,World Peace REBOUND (Off:1 Def:3),,5:45,2,4,0,0,1897,Metta World Peace,HOU,Houston,1610612745.0,Rockets,0,,,,,,0,,,,,,,,,9:22 PM
160,47,2,179,0020800310,MISS Yao 8' Turnaround Jump Shot,,5:40,2,4,0,0,2397,Yao Ming,HOU,Houston,1610612745.0,Rockets,0,,,,,,0,,,,,,,,,9:22 PM
161,0,4,180,0020800310,ROCKETS Rebound,,5:39,2,2,0,0,1610612745,,,,,,0,,,,,,0,,,,,,,,,9:22 PM
162,3,6,181,0020800310,,,5:39,2,5,4,1,2746,Josh Smith,ATL,Atlanta,1610612737.0,Hawks,101236,Charles Hayes,HOU,Houston,1610612745.0,Rockets,0,,,,,,,,Smith L.B.FOUL (P1.T1),9:22 PM
163,3,2,182,0020800310,MISS Yao 6' Hook Shot,,5:27,2,4,0,0,2397,Yao Ming,HOU,Houston,1610612745.0,Rockets,0,,,,,,0,,,,,,,,,9:23 PM
164,0,4,183,0020800310,,,5:26,2,5,0,0,2585,Zaza Pachulia,ATL,Atlanta,1610612737.0,Hawks,0,,,,,,0,,,,,,,,Pachulia REBOUND (Off:1 Def:6),9:23 PM
165,5,2,184,0020800310,Hayes BLOCK (1 BLK),,5:20,2,5,0,4,2746,Josh Smith,ATL,Atlanta,1610612737.0,Hawks,0,,,,,,101236,Charles Hayes,HOU,Houston,1610612745.0,Rockets,,,MISS Smith  Layup,9:23 PM
166,0,4,185,0020800310,,,5:18,2,5,0,0,2746,Josh Smith,ATL,Atlanta,1610612737.0,Hawks,0,,,,,,0,,,,,,,,Smith REBOUND (Off:2 Def:1),9:23 PM
167,5,1,186,0020800310,,,5:17,2,5,0,0,2746,Josh Smith,ATL,Atlanta,1610612737.0,Hawks,0,,,,,,0,,,,,,28 - 35,7,Smith  Layup (8 PTS),9:23 PM
168,1,2,187,0020800310,MISS Brooks 26' 3PT Jump Shot,,5:06,2,4,0,0,201166,Aaron Brooks,HOU,Houston,1610612745.0,Rockets,0,,,,,,0,,,,,,,,,9:23 PM
169,0,4,188,0020800310,,,5:05,2,5,0,0,2746,Josh Smith,ATL,Atlanta,1610612737.0,Hawks,0,,,,,,0,,,,,,,,Smith REBOUND (Off:2 Def:2),9:23 PM
170,1,2,189,0020800310,,,4:56,2,5,0,0,2207,Joe Johnson,ATL,Atlanta,1610612737.0,Hawks,0,,,,,,0,,,,,,,,MISS Johnson  3PT Jump Shot,9:23 PM
171,0,4,190,0020800310,Yao REBOUND (Off:0 Def:7),,4:55,2,4,0,0,2397,Yao Ming,HOU,Houston,1610612745.0,Rockets,0,,,,,,0,,,,,,,,,9:23 PM
172,0,8,191,0020800310,SUB: Battier FOR Brooks,,4:40,2,4,4,0,201166,Aaron Brooks,HOU,Houston,1610612745.0,Rockets,2203,Shane Battier,HOU,Houston,1610612745.0,Rockets,0,,,,,,,,,9:24 PM
173,0,8,192,0020800310,SUB: Scola FOR Hayes,,4:40,2,4,4,0,101236,Charles Hayes,HOU,Houston,1610612745.0,Rockets,2449,Luis Scola,HOU,Houston,1610612745.0,Rockets,0,,,,,,,,,9:24 PM
174,0,10,193,0020800310,Jump Ball Alston vs. Johnson: Tip to,,4:40,2,4,5,3,1747,Rafer Alston,HOU,Houston,1610612745.0,Rockets,2207,Joe Johnson,ATL,Atlanta,1610612737.0,Hawks,1610612737,,,,,,,,,9:24 PM
175,4,7,194,0020800310,Battier Violation:Jump Ball,,4:40,2,4,0,1,2203,Shane Battier,HOU,Houston,1610612745.0,Rockets,0,,,,,,0,,,,,,,,,9:24 PM
176,18,5,195,0020800310,Battier Jump Ball Violation Turnover (P2.T4),,4:40,2,4,0,1,2203,Shane Battier,HOU,Houston,1610612745.0,Rockets,0,,,,,,0,,,,,,,,,9:24 PM
177,2,6,196,0020800310,Scola S.FOUL (P2.T3),,4:28,2,4,5,1,2449,Luis Scola,HOU,Houston,1610612745.0,Rockets,2585,Zaza Pachulia,ATL,Atlanta,1610612737.0,Hawks,0,,,,,,,,,9:25 PM
178,11,3,197,0020800310,,,4:28,2,5,0,0,2585,Zaza Pachulia,ATL,Atlanta,1610612737.0,Hawks,0,,,,,,0,,,,,,29 - 35,6,Pachulia Free Throw 1 of 2 (5 PTS),9:25 PM
179,12,3,199,0020800310,,,4:28,2,5,0,0,2585,Zaza Pachulia,ATL,Atlanta,1610612737.0,Hawks,0,,,,,,0,,,,,,,,MISS Pachulia Free Throw 2 of 2,9:25 PM
180,0,4,201,0020800310,Scola REBOUND (Off:0 Def:2),,4:28,2,4,0,0,2449,Luis Scola,HOU,Houston,1610612745.0,Rockets,0,,,,,,0,,,,,,,,,9:25 PM
181,5,1,203,0020800310,Yao  Layup (10 PTS) (Scola 1 AST),,4:11,2,4,4,0,2397,Yao Ming,HOU,Houston,1610612745.0,Rockets,2449,Luis Scola,HOU,Houston,1610612745.0,Rockets,0,,,,,,29 - 37,8,,9:26 PM
182,5,2,204,0020800310,,,3:55,2,5,0,0,2746,Josh Smith,ATL,Atlanta,1610612737.0,Hawks,0,,,,,,0,,,,,,,,MISS Smith  Layup,9:26 PM
183,0,4,205,0020800310,Battier REBOUND (Off:0 Def:3),,3:54,2,4,0,0,2203,Shane Battier,HOU,Houston,1610612745.0,Rockets,0,,,,,,0,,,,,,,,,9:26 PM
184,1,2,206,0020800310,MISS Alston 12' Jump Shot,,3:48,2,4,0,0,1747,Rafer Alston,HOU,Houston,1610612745.0,Rockets,0,,,,,,0,,,,,,,,,9:26 PM
185,0,4,207,0020800310,,,3:47,2,5,0,0,2585,Zaza Pachulia,ATL,Atlanta,1610612737.0,Hawks,0,,,,,,0,,,,,,,,Pachulia REBOUND (Off:1 Def:7),9:26 PM
186,1,1,208,0020800310,,,3:35,2,5,5,0,1710,Mike Bibby,ATL,Atlanta,1610612737.0,Hawks,2436,Ronald Murray,ATL,Atlanta,1610612737.0,Hawks,0,,,,,,32 - 37,5,Bibby 25' 3PT Jump Shot (7 PTS) (Murray 2 AST),9:26 PM
187,5,1,209,0020800310,Yao  Layup (12 PTS) (Battier 1 AST),,3:19,2,4,4,0,2397,Yao Ming,HOU,Houston,1610612745.0,Rockets,2203,Shane Battier,HOU,Houston,1610612745.0,Rockets,0,,,,,,32 - 39,7,,9:26 PM
188,1,2,210,0020800310,,,3:04,2,5,0,0,2207,Joe Johnson,ATL,Atlanta,1610612737.0,Hawks,0,,,,,,0,,,,,,,,MISS Johnson 23' Jump Shot,9:27 PM
189,0,4,211,0020800310,Yao REBOUND (Off:0 Def:8),,3:03,2,4,0,0,2397,Yao Ming,HOU,Houston,1610612745.0,Rockets,0,,,,,,0,,,,,,,,,9:27 PM
190,1,9,212,0020800310,ROCKETS Timeout: Regular (Full 2 Short 0),,2:54,2,2,0,0,1610612745,,,,,,0,,,,,,0,,,,,,,,,9:27 PM
191,0,8,214,0020800310,,,2:54,2,5,5,0,2585,Zaza Pachulia,ATL,Atlanta,1610612737.0,Hawks,201143,Al Horford,ATL,Atlanta,1610612737.0,Hawks,0,,,,,,,,SUB: Horford FOR Pachulia,9:29 PM
192,56,1,215,0020800310,Battier 8' Running Hook Shot (7 PTS) (World Peace 4 AST),,2:44,2,4,4,0,2203,Shane Battier,HOU,Houston,1610612745.0,Rockets,1897,Metta World Peace,HOU,Houston,1610612745.0,Rockets,0,,,,,,32 - 41,9,,9:30 PM
193,1,1,216,0020800310,,,2:28,2,5,5,0,201143,Al Horford,ATL,Atlanta,1610612737.0,Hawks,2207,Joe Johnson,ATL,Atlanta,1610612737.0,Hawks,0,,,,,,34 - 41,7,Horford 18' Jump Shot (2 PTS) (Johnson 1 AST),9:30 PM
194,1,5,217,0020800310,Scola Bad Pass Turnover (P1.T5),,2:15,2,4,5,0,2449,Luis Scola,HOU,Houston,1610612745.0,Rockets,2207,Joe Johnson,ATL,Atlanta,1610612737.0,Hawks,0,,,,,,,,Johnson STEAL (1 STL),9:30 PM
195,5,1,218,0020800310,,,2:12,2,5,5,0,2436,Ronald Murray,ATL,Atlanta,1610612737.0,Hawks,2207,Joe Johnson,ATL,Atlanta,1610612737.0,Hawks,0,,,,,,36 - 41,5,Murray  Layup (4 PTS) (Johnson 2 AST),9:30 PM
196,3,1,219,0020800310,Scola 5' Hook Shot (10 PTS),,1:46,2,4,0,0,2449,Luis Scola,HOU,Houston,1610612745.0,Rockets,0,,,,,,0,,,,,,36 - 43,7,,9:31 PM
197,1,2,220,0020800310,,,1:21,2,5,0,0,1710,Mike Bibby,ATL,Atlanta,1610612737.0,Hawks,0,,,,,,0,,,,,,,,MISS Bibby 27' 3PT Jump Shot,9:31 PM
198,0,4,221,0020800310,Scola REBOUND (Off:0 Def:3),,1:19,2,4,0,0,2449,Luis Scola,HOU,Houston,1610612745.0,Rockets,0,,,,,,0,,,,,,,,,9:31 PM
199,1,6,222,0020800310,,,1:12,2,5,4,1,2436,Ronald Murray,ATL,Atlanta,1610612737.0,Hawks,2203,Shane Battier,HOU,Houston,1610612745.0,Rockets,0,,,,,,,,Murray P.FOUL (P2.T2),9:31 PM
200,0,8,223,0020800310,,,1:12,2,5,5,0,2436,Ronald Murray,ATL,Atlanta,1610612737.0,Hawks,101107,Marvin Williams,ATL,Atlanta,1610612737.0,Hawks,0,,,,,,,,SUB: Williams FOR Murray,9:32 PM
201,1,2,224,0020800310,MISS Alston 27' 3PT Jump Shot,,0:56,2,4,0,0,1747,Rafer Alston,HOU,Houston,1610612745.0,Rockets,0,,,,,,0,,,,,,,,,9:32 PM
202,0,4,225,0020800310,,,0:54,2,5,0,0,2207,Joe Johnson,ATL,Atlanta,1610612737.0,Hawks,0,,,,,,0,,,,,,,,Johnson REBOUND (Off:0 Def:1),9:32 PM
203,1,2,226,0020800310,,,0:45,2,5,0,0,2746,Josh Smith,ATL,Atlanta,1610612737.0,Hawks,0,,,,,,0,,,,,,,,MISS Smith 26' 3PT Jump Shot,9:33 PM
204,0,4,227,0020800310,,,0:44,2,5,0,0,201143,Al Horford,ATL,Atlanta,1610612737.0,Hawks,0,,,,,,0,,,,,,,,Horford REBOUND (Off:2 Def:1),9:33 PM
205,1,2,228,0020800310,Yao BLOCK (2 BLK),,0:31,2,5,0,4,201143,Al Horford,ATL,Atlanta,1610612737.0,Hawks,0,,,,,,2397,Yao Ming,HOU,Houston,1610612745.0,Rockets,,,MISS Horford 4' Jump Shot,9:33 PM
206,0,4,229,0020800310,Scola REBOUND (Off:0 Def:4),,0:29,2,4,0,0,2449,Luis Scola,HOU,Houston,1610612745.0,Rockets,0,,,,,,0,,,,,,,,,9:33 PM
207,1,1,230,0020800310,World Peace 25' 3PT Jump Shot (5 PTS) (Scola 2 AST),,0:24,2,4,4,0,1897,Metta World Peace,HOU,Houston,1610612745.0,Rockets,2449,Luis Scola,HOU,Houston,1610612745.0,Rockets,0,,,,,,36 - 46,10,,9:33 PM
208,1,6,231,0020800310,Alston P.FOUL (P1.T4),,0:07,2,4,5,1,1747,Rafer Alston,HOU,Houston,1610612745.0,Rockets,1710,Mike Bibby,ATL,Atlanta,1610612737.0,Hawks,0,,,,,,,,,9:33 PM
209,0,8,232,0020800310,SUB: Hayes FOR Yao,,0:07,2,4,4,0,2397,Yao Ming,HOU,Houston,1610612745.0,Rockets,101236,Charles Hayes,HOU,Houston,1610612745.0,Rockets,0,,,,,,,,,9:34 PM
210,2,9,233,0020800310,,,0:07,2,3,0,0,1610612737,,,,,,0,,,,,,0,,,,,,,,Hawks Timeout: Short (Reg.2 Short 1),9:34 PM
211,0,8,234,0020800310,SUB: Landry FOR Scola,,0:07,2,4,4,0,2449,Luis Scola,HOU,Houston,1610612745.0,Rockets,201171,Carl Landry,HOU,Houston,1610612745.0,Rockets,0,,,,,,,,,9:34 PM
212,0,8,235,0020800310,,,0:07,2,5,5,0,201143,Al Horford,ATL,Atlanta,1610612737.0,Hawks,2585,Zaza Pachulia,ATL,Atlanta,1610612737.0,Hawks,0,,,,,,,,SUB: Pachulia FOR Horford,9:35 PM
213,46,1,236,0020800310,,,0:00,2,5,0,0,1710,Mike Bibby,ATL,Atlanta,1610612737.0,Hawks,0,,,,,,0,,,,,,38 - 46,8,Bibby 10' Running Jump Shot (9 PTS),9:35 PM
214,0,18,239,0020800310,,,0:00,2,0,0,1,0,,,,,,0,,,,,,0,,,,,,38 - 46,8,,9:35 PM
215,0,13,240,0020800310,,,0:00,2,0,0,0,0,,,,,,0,,,,,,0,,,,,,38 - 46,8,,9:36 PM
216,0,12,242,0020800310,,,12:00,3,0,0,0,0,,,,,,0,,,,,,0,,,,,,38 - 46,8,,9:52 PM
217,1,5,243,0020800310,Yao Bad Pass Turnover (P1.T6),,11:43,3,4,0,0,2397,Yao Ming,HOU,Houston,1610612745.0,Rockets,0,,,,,,0,,,,,,,,,9:53 PM
218,42,1,244,0020800310,,,11:31,3,5,0,0,201143,Al Horford,ATL,Atlanta,1610612737.0,Hawks,0,,,,,,0,,,,,,40 - 46,6,Horford  Driving Layup (4 PTS),9:53 PM
219,1,1,245,0020800310,Alston 26' 3PT Jump Shot (7 PTS) (Yao 1 AST),,11:19,3,4,4,0,1747,Rafer Alston,HOU,Houston,1610612745.0,Rockets,2397,Yao Ming,HOU,Houston,1610612745.0,Rockets,0,,,,,,40 - 49,9,,9:53 PM
220,1,2,246,0020800310,,,10:57,3,5,0,0,2746,Josh Smith,ATL,Atlanta,1610612737.0,Hawks,0,,,,,,0,,,,,,,,MISS Smith 19' Jump Shot,9:54 PM
221,0,4,247,0020800310,Yao REBOUND (Off:0 Def:9),,10:55,3,4,0,0,2397,Yao Ming,HOU,Houston,1610612745.0,Rockets,0,,,,,,0,,,,,,,,,9:54 PM
222,1,5,248,0020800310,World Peace Bad Pass Turnover (P1.T7),,10:44,3,4,5,0,1897,Metta World Peace,HOU,Houston,1610612745.0,Rockets,2746,Josh Smith,ATL,Atlanta,1610612737.0,Hawks,0,,,,,,,,Smith STEAL (1 STL),9:54 PM
223,5,1,249,0020800310,,,10:39,3,5,5,0,101107,Marvin Williams,ATL,Atlanta,1610612737.0,Hawks,2746,Josh Smith,ATL,Atlanta,1610612737.0,Hawks,0,,,,,,42 - 49,7,Williams  Layup (6 PTS) (Smith 2 AST),9:54 PM
224,2,5,250,0020800310,Yao Lost Ball Turnover (P2.T8),,10:20,3,4,5,0,2397,Yao Ming,HOU,Houston,1610612745.0,Rockets,2746,Josh Smith,ATL,Atlanta,1610612737.0,Hawks,0,,,,,,,,Smith STEAL (2 STL),9:54 PM
225,1,1,251,0020800310,,,10:11,3,5,5,0,1710,Mike Bibby,ATL,Atlanta,1610612737.0,Hawks,2746,Josh Smith,ATL,Atlanta,1610612737.0,Hawks,0,,,,,,45 - 49,4,Bibby  3PT Jump Shot (12 PTS) (Smith 3 AST),9:54 PM
226,5,2,252,0020800310,MISS Alston  Layup,,9:55,3,4,0,5,1747,Rafer Alston,HOU,Houston,1610612745.0,Rockets,0,,,,,,2746,Josh Smith,ATL,Atlanta,1610612737.0,Hawks,,,Smith BLOCK (2 BLK),9:55 PM
227,0,4,253,0020800310,,,9:54,3,3,0,0,1610612737,,,,,,0,,,,,,0,,,,,,,,Hawks Rebound,9:55 PM
228,1,9,254,0020800310,ROCKETS Timeout: Regular (Full 3 Short 0),,9:54,3,2,0,0,1610612745,,,,,,0,,,,,,0,,,,,,,,,9:55 PM
229,1,1,256,0020800310,,,9:37,3,5,5,0,201143,Al Horford,ATL,Atlanta,1610612737.0,Hawks,2746,Josh Smith,ATL,Atlanta,1610612737.0,Hawks,0,,,,,,47 - 49,2,Horford 9' Jump Shot (6 PTS) (Smith 4 AST),9:57 PM
230,47,2,257,0020800310,MISS Yao 10' Turnaround Jump Shot,,9:22,3,4,0,0,2397,Yao Ming,HOU,Houston,1610612745.0,Rockets,0,,,,,,0,,,,,,,,,9:58 PM
231,0,4,258,0020800310,,,9:20,3,5,0,0,2746,Josh Smith,ATL,Atlanta,1610612737.0,Hawks,0,,,,,,0,,,,,,,,Smith REBOUND (Off:2 Def:3),9:58 PM
232,1,6,259,0020800310,Scola P.FOUL (P3.T1),,9:15,3,4,5,1,2449,Luis Scola,HOU,Houston,1610612745.0,Rockets,1710,Mike Bibby,ATL,Atlanta,1610612737.0,Hawks,0,,,,,,,,,9:58 PM
233,1,1,260,0020800310,,,9:08,3,5,5,0,101107,Marvin Williams,ATL,Atlanta,1610612737.0,Hawks,201143,Al Horford,ATL,Atlanta,1610612737.0,Hawks,0,,,,,,50 - 49,-1,Williams 24' 3PT Jump Shot (9 PTS) (Horford 1 AST),9:58 PM
234,1,2,261,0020800310,MISS Battier  3PT Jump Shot,,8:46,3,4,0,0,2203,Shane Battier,HOU,Houston,1610612745.0,Rockets,0,,,,,,0,,,,,,,,,9:58 PM
235,0,4,262,0020800310,,,8:45,3,5,0,0,2207,Joe Johnson,ATL,Atlanta,1610612737.0,Hawks,0,,,,,,0,,,,,,,,Johnson REBOUND (Off:0 Def:2),9:58 PM
236,1,1,263,0020800310,,,8:39,3,5,5,0,1710,Mike Bibby,ATL,Atlanta,1610612737.0,Hawks,2207,Joe Johnson,ATL,Atlanta,1610612737.0,Hawks,0,,,,,,53 - 49,-4,Bibby 26' 3PT Jump Shot (15 PTS) (Johnson 3 AST),9:59 PM
237,2,6,264,0020800310,,,8:25,3,5,4,1,2207,Joe Johnson,ATL,Atlanta,1610612737.0,Hawks,1897,Metta World Peace,HOU,Houston,1610612745.0,Rockets,0,,,,,,,,Johnson S.FOUL (P1.T1),9:59 PM
238,11,3,265,0020800310,World Peace Free Throw 1 of 2 (6 PTS),,8:25,3,4,0,0,1897,Metta World Peace,HOU,Houston,1610612745.0,Rockets,0,,,,,,0,,,,,,53 - 50,-3,,9:59 PM
239,12,3,267,0020800310,World Peace Free Throw 2 of 2 (7 PTS),,8:25,3,4,0,0,1897,Metta World Peace,HOU,Houston,1610612745.0,Rockets,0,,,,,,0,,,,,,53 - 51,-2,,9:59 PM
240,1,2,269,0020800310,,,8:13,3,5,0,0,201143,Al Horford,ATL,Atlanta,1610612737.0,Hawks,0,,,,,,0,,,,,,,,MISS Horford 18' Jump Shot,10:00 PM
241,0,4,270,0020800310,,,8:12,3,5,0,0,1710,Mike Bibby,ATL,Atlanta,1610612737.0,Hawks,0,,,,,,0,,,,,,,,Bibby REBOUND (Off:1 Def:0),10:00 PM
242,1,6,271,0020800310,Yao P.FOUL (P3.T2),,8:12,3,4,5,1,2397,Yao Ming,HOU,Houston,1610612745.0,Rockets,1710,Mike Bibby,ATL,Atlanta,1610612737.0,Hawks,0,,,,,,,,,10:00 PM
243,1,5,272,0020800310,Yao STEAL (1 STL),,8:08,3,5,4,0,2746,Josh Smith,ATL,Atlanta,1610612737.0,Hawks,2397,Yao Ming,HOU,Houston,1610612745.0,Rockets,0,,,,,,,,Smith Bad Pass Turnover (P1.T4),10:00 PM
244,5,2,273,0020800310,MISS Alston  Layup,,8:02,3,4,0,5,1747,Rafer Alston,HOU,Houston,1610612745.0,Rockets,0,,,,,,2746,Josh Smith,ATL,Atlanta,1610612737.0,Hawks,,,Smith BLOCK (3 BLK),10:00 PM
245,0,4,274,0020800310,Scola REBOUND (Off:1 Def:4),,8:01,3,4,0,0,2449,Luis Scola,HOU,Houston,1610612745.0,Rockets,0,,,,,,0,,,,,,,,,10:00 PM
246,1,2,275,0020800310,MISS Alston 22' Jump Shot,,7:57,3,4,0,0,1747,Rafer Alston,HOU,Houston,1610612745.0,Rockets,0,,,,,,0,,,,,,,,,10:00 PM
247,0,4,276,0020800310,Yao REBOUND (Off:1 Def:9),,7:56,3,4,0,0,2397,Yao Ming,HOU,Houston,1610612745.0,Rockets,0,,,,,,0,,,,,,,,,10:00 PM
248,5,2,277,0020800310,MISS Yao  Layup,,7:54,3,4,0,5,2397,Yao Ming,HOU,Houston,1610612745.0,Rockets,0,,,,,,2746,Josh Smith,ATL,Atlanta,1610612737.0,Hawks,,,Smith BLOCK (4 BLK),10:01 PM
249,0,4,278,0020800310,,,7:51,3,5,0,0,201143,Al Horford,ATL,Atlanta,1610612737.0,Hawks,0,,,,,,0,,,,,,,,Horford REBOUND (Off:2 Def:2),10:01 PM
250,1,2,279,0020800310,,,7:47,3,5,0,0,2207,Joe Johnson,ATL,Atlanta,1610612737.0,Hawks,0,,,,,,0,,,,,,,,MISS Johnson  3PT Jump Shot,10:01 PM
251,0,4,280,0020800310,,,7:46,3,5,0,0,2746,Josh Smith,ATL,Atlanta,1610612737.0,Hawks,0,,,,,,0,,,,,,,,Smith REBOUND (Off:3 Def:3),10:01 PM
252,1,1,281,0020800310,,,7:41,3,5,5,0,201143,Al Horford,ATL,Atlanta,1610612737.0,Hawks,2207,Joe Johnson,ATL,Atlanta,1610612737.0,Hawks,0,,,,,,55 - 51,-4,Horford 18' Jump Shot (8 PTS) (Johnson 4 AST),10:01 PM
253,1,2,282,0020800310,MISS World Peace 25' 3PT Jump Shot,,7:23,3,4,0,0,1897,Metta World Peace,HOU,Houston,1610612745.0,Rockets,0,,,,,,0,,,,,,,,,10:01 PM
254,0,4,283,0020800310,Scola REBOUND (Off:2 Def:4),,7:22,3,4,0,0,2449,Luis Scola,HOU,Houston,1610612745.0,Rockets,0,,,,,,0,,,,,,,,,10:01 PM
255,5,2,284,0020800310,MISS Scola  Layup,,7:19,3,4,0,5,2449,Luis Scola,HOU,Houston,1610612745.0,Rockets,0,,,,,,2746,Josh Smith,ATL,Atlanta,1610612737.0,Hawks,,,Smith BLOCK (5 BLK),10:01 PM
256,0,4,285,0020800310,Yao REBOUND (Off:2 Def:9),,7:17,3,4,0,0,2397,Yao Ming,HOU,Houston,1610612745.0,Rockets,0,,,,,,0,,,,,,,,,10:01 PM
257,2,6,286,0020800310,,,7:16,3,5,4,1,101107,Marvin Williams,ATL,Atlanta,1610612737.0,Hawks,1897,Metta World Peace,HOU,Houston,1610612745.0,Rockets,0,,,,,,,,Williams S.FOUL (P1.T2),10:01 PM
258,11,3,287,0020800310,World Peace Free Throw 1 of 2 (8 PTS),,7:16,3,4,0,0,1897,Metta World Peace,HOU,Houston,1610612745.0,Rockets,0,,,,,,0,,,,,,55 - 52,-3,,10:02 PM
259,12,3,289,0020800310,World Peace Free Throw 2 of 2 (9 PTS),,7:16,3,4,0,0,1897,Metta World Peace,HOU,Houston,1610612745.0,Rockets,0,,,,,,0,,,,,,55 - 53,-2,,10:02 PM
260,1,5,291,0020800310,Alston STEAL (1 STL),,6:56,3,5,4,0,2207,Joe Johnson,ATL,Atlanta,1610612737.0,Hawks,1747,Rafer Alston,HOU,Houston,1610612745.0,Rockets,0,,,,,,,,Johnson Bad Pass Turnover (P1.T5),10:02 PM
261,5,2,292,0020800310,MISS Alston  Layup,,6:51,3,4,0,0,1747,Rafer Alston,HOU,Houston,1610612745.0,Rockets,0,,,,,,0,,,,,,,,,10:02 PM
262,0,4,294,0020800310,Scola REBOUND (Off:3 Def:4),,6:50,3,4,0,0,2449,Luis Scola,HOU,Houston,1610612745.0,Rockets,0,,,,,,0,,,,,,,,,10:02 PM
263,5,1,293,0020800310,Scola  Layup (12 PTS),,6:50,3,4,0,0,2449,Luis Scola,HOU,Houston,1610612745.0,Rockets,0,,,,,,0,,,,,,55 - 55,TIE,,10:02 PM
264,1,2,295,0020800310,,,6:30,3,5,0,0,101107,Marvin Williams,ATL,Atlanta,1610612737.0,Hawks,0,,,,,,0,,,,,,,,MISS Williams 22' Jump Shot,10:03 PM
265,0,4,296,0020800310,,,6:29,3,5,0,0,2746,Josh Smith,ATL,Atlanta,1610612737.0,Hawks,0,,,,,,0,,,,,,,,Smith REBOUND (Off:4 Def:3),10:03 PM
266,2,5,297,0020800310,Alston STEAL (2 STL),,6:25,3,5,4,0,2207,Joe Johnson,ATL,Atlanta,1610612737.0,Hawks,1747,Rafer Alston,HOU,Houston,1610612745.0,Rockets,0,,,,,,,,Johnson Lost Ball Turnover (P2.T6),10:03 PM
267,5,7,298,0020800310,,,6:11,3,5,0,1,2207,Joe Johnson,ATL,Atlanta,1610612737.0,Hawks,0,,,,,,0,,,,,,,,Johnson Violation:Kicked Ball,10:03 PM
268,0,8,300,0020800310,,,6:11,3,5,5,0,2746,Josh Smith,ATL,Atlanta,1610612737.0,Hawks,2585,Zaza Pachulia,ATL,Atlanta,1610612737.0,Hawks,0,,,,,,,,SUB: Pachulia FOR Smith,10:04 PM
269,3,2,301,0020800310,MISS Scola 7' Hook Shot,,5:59,3,4,0,0,2449,Luis Scola,HOU,Houston,1610612745.0,Rockets,0,,,,,,0,,,,,,,,,10:04 PM
270,0,4,302,0020800310,Yao REBOUND (Off:3 Def:9),,5:59,3,4,0,0,2397,Yao Ming,HOU,Houston,1610612745.0,Rockets,0,,,,,,0,,,,,,,,,10:04 PM
271,1,6,303,0020800310,,,5:59,3,5,4,1,2585,Zaza Pachulia,ATL,Atlanta,1610612737.0,Hawks,2397,Yao Ming,HOU,Houston,1610612745.0,Rockets,0,,,,,,,,Pachulia P.FOUL (P2.T3),10:04 PM
272,3,2,304,0020800310,MISS Yao 9' Hook Shot,,5:52,3,4,0,0,2397,Yao Ming,HOU,Houston,1610612745.0,Rockets,0,,,,,,0,,,,,,,,,10:05 PM
273,0,4,305,0020800310,,,5:50,3,5,0,0,201143,Al Horford,ATL,Atlanta,1610612737.0,Hawks,0,,,,,,0,,,,,,,,Horford REBOUND (Off:2 Def:3),10:05 PM
274,1,6,306,0020800310,Alston P.FOUL (P2.T3),,5:34,3,4,5,1,1747,Rafer Alston,HOU,Houston,1610612745.0,Rockets,2585,Zaza Pachulia,ATL,Atlanta,1610612737.0,Hawks,0,,,,,,,,,10:05 PM
275,0,8,307,0020800310,,,5:34,3,5,5,0,101107,Marvin Williams,ATL,Atlanta,1610612737.0,Hawks,2230,Maurice Evans,ATL,Atlanta,1610612737.0,Hawks,0,,,,,,,,SUB: Evans FOR Williams,10:05 PM
276,5,1,308,0020800310,,,5:21,3,5,5,0,2207,Joe Johnson,ATL,Atlanta,1610612737.0,Hawks,201143,Al Horford,ATL,Atlanta,1610612737.0,Hawks,0,,,,,,57 - 55,-2,Johnson  Layup (8 PTS) (Horford 2 AST),10:05 PM
277,1,6,309,0020800310,,,5:06,3,5,4,1,2585,Zaza Pachulia,ATL,Atlanta,1610612737.0,Hawks,2397,Yao Ming,HOU,Houston,1610612745.0,Rockets,0,,,,,,,,Pachulia P.FOUL (P3.T4),10:06 PM
278,0,8,310,0020800310,SUB: Wafer FOR Battier,,5:06,3,4,4,0,2203,Shane Battier,HOU,Houston,1610612745.0,Rockets,101144,Von Wafer,HOU,Houston,1610612745.0,Rockets,0,,,,,,,,,10:06 PM
279,3,2,311,0020800310,MISS Yao 9' Hook Shot,,5:01,3,4,0,0,2397,Yao Ming,HOU,Houston,1610612745.0,Rockets,0,,,,,,0,,,,,,,,,10:06 PM
280,0,4,312,0020800310,,,4:59,3,5,0,0,201143,Al Horford,ATL,Atlanta,1610612737.0,Hawks,0,,,,,,0,,,,,,,,Horford REBOUND (Off:2 Def:4),10:06 PM
281,2,5,313,0020800310,Scola STEAL (2 STL),,4:51,3,5,4,0,2207,Joe Johnson,ATL,Atlanta,1610612737.0,Hawks,2449,Luis Scola,HOU,Houston,1610612745.0,Rockets,0,,,,,,,,Johnson Lost Ball Turnover (P3.T7),10:06 PM
282,2,6,314,0020800310,,,4:49,3,5,4,1,2207,Joe Johnson,ATL,Atlanta,1610612737.0,Hawks,2449,Luis Scola,HOU,Houston,1610612745.0,Rockets,0,,,,,,,,Johnson S.FOUL (P2.PN),10:06 PM
283,11,3,315,0020800310,MISS Scola Free Throw 1 of 2,,4:49,3,4,0,0,2449,Luis Scola,HOU,Houston,1610612745.0,Rockets,0,,,,,,0,,,,,,,,,10:07 PM
284,1,4,316,0020800310,ROCKETS Rebound,,4:49,3,2,0,0,1610612745,,,,,,0,,,,,,0,,,,,,,,,10:07 PM
285,12,3,317,0020800310,MISS Scola Free Throw 2 of 2,,4:49,3,4,0,0,2449,Luis Scola,HOU,Houston,1610612745.0,Rockets,0,,,,,,0,,,,,,,,,10:07 PM
286,0,4,319,0020800310,,,4:49,3,5,0,0,201143,Al Horford,ATL,Atlanta,1610612737.0,Hawks,0,,,,,,0,,,,,,,,Horford REBOUND (Off:2 Def:5),10:07 PM
287,56,1,320,0020800310,,,4:34,3,5,0,0,201143,Al Horford,ATL,Atlanta,1610612737.0,Hawks,0,,,,,,0,,,,,,59 - 55,-4,Horford 9' Running Hook Shot (10 PTS),10:08 PM
288,58,1,321,0020800310,Yao 6' Turnaround Hook Shot (14 PTS),,4:18,3,4,0,0,2397,Yao Ming,HOU,Houston,1610612745.0,Rockets,0,,,,,,0,,,,,,59 - 57,-2,,10:08 PM
289,2,6,322,0020800310,,,4:18,3,5,4,1,2585,Zaza Pachulia,ATL,Atlanta,1610612737.0,Hawks,2397,Yao Ming,HOU,Houston,1610612745.0,Rockets,0,,,,,,,,Pachulia S.FOUL (P4.PN),10:08 PM
290,0,8,323,0020800310,,,4:18,3,5,5,0,2585,Zaza Pachulia,ATL,Atlanta,1610612737.0,Hawks,2746,Josh Smith,ATL,Atlanta,1610612737.0,Hawks,0,,,,,,,,SUB: Smith FOR Pachulia,10:08 PM
291,10,3,324,0020800310,MISS Yao Free Throw 1 of 1,,4:18,3,4,0,0,2397,Yao Ming,HOU,Houston,1610612745.0,Rockets,0,,,,,,0,,,,,,,,,10:08 PM
292,0,4,326,0020800310,,,4:18,3,5,0,0,2207,Joe Johnson,ATL,Atlanta,1610612737.0,Hawks,0,,,,,,0,,,,,,,,Johnson REBOUND (Off:0 Def:3),10:09 PM
293,1,2,327,0020800310,,,3:56,3,5,0,0,2207,Joe Johnson,ATL,Atlanta,1610612737.0,Hawks,0,,,,,,0,,,,,,,,MISS Johnson 16' Jump Shot,10:09 PM
294,0,4,328,0020800310,Yao REBOUND (Off:3 Def:10),,3:54,3,4,0,0,2397,Yao Ming,HOU,Houston,1610612745.0,Rockets,0,,,,,,0,,,,,,,,,10:09 PM
295,1,2,329,0020800310,MISS Alston 25' 3PT Jump Shot,,3:44,3,4,0,0,1747,Rafer Alston,HOU,Houston,1610612745.0,Rockets,0,,,,,,0,,,,,,,,,10:09 PM
296,0,4,330,0020800310,,,3:42,3,5,0,0,2746,Josh Smith,ATL,Atlanta,1610612737.0,Hawks,0,,,,,,0,,,,,,,,Smith REBOUND (Off:4 Def:4),10:09 PM
297,1,2,331,0020800310,,,3:28,3,5,0,0,2746,Josh Smith,ATL,Atlanta,1610612737.0,Hawks,0,,,,,,0,,,,,,,,MISS Smith 20' Jump Shot,10:09 PM
298,0,4,332,0020800310,Yao REBOUND (Off:3 Def:11),,3:27,3,4,0,0,2397,Yao Ming,HOU,Houston,1610612745.0,Rockets,0,,,,,,0,,,,,,,,,10:09 PM
299,2,6,333,0020800310,,,3:15,3,5,4,1,2207,Joe Johnson,ATL,Atlanta,1610612737.0,Hawks,1897,Metta World Peace,HOU,Houston,1610612745.0,Rockets,0,,,,,,,,Johnson S.FOUL (P3.PN),10:10 PM
300,11,3,334,0020800310,MISS World Peace Free Throw 1 of 2,,3:15,3,4,0,0,1897,Metta World Peace,HOU,Houston,1610612745.0,Rockets,0,,,,,,0,,,,,,,,,10:10 PM
301,1,4,335,0020800310,ROCKETS Rebound,,3:15,3,2,0,0,1610612745,,,,,,0,,,,,,0,,,,,,,,,10:10 PM
302,1,9,336,0020800310,,,3:15,3,3,0,0,1610612737,,,,,,0,,,,,,0,,,,,,,,Hawks Timeout: Regular (Reg.3 Short 1),10:10 PM
303,12,3,338,0020800310,World Peace Free Throw 2 of 2 (10 PTS),,3:15,3,4,0,0,1897,Metta World Peace,HOU,Houston,1610612745.0,Rockets,0,,,,,,0,,,,,,59 - 58,-1,,10:13 PM
304,1,2,340,0020800310,,,2:50,3,5,0,0,2230,Maurice Evans,ATL,Atlanta,1610612737.0,Hawks,0,,,,,,0,,,,,,,,MISS Evans 24' 3PT Jump Shot,10:14 PM
305,0,4,341,0020800310,Yao REBOUND (Off:3 Def:12),,2:49,3,4,0,0,2397,Yao Ming,HOU,Houston,1610612745.0,Rockets,0,,,,,,0,,,,,,,,,10:14 PM
306,5,2,342,0020800310,MISS World Peace  Layup,,2:35,3,4,0,0,1897,Metta World Peace,HOU,Houston,1610612745.0,Rockets,0,,,,,,0,,,,,,,,,10:14 PM
307,0,4,343,0020800310,,,2:35,3,3,0,0,1610612737,,,,,,0,,,,,,0,,,,,,,,Hawks Rebound,10:14 PM
308,5,2,344,0020800310,Wafer BLOCK (1 BLK),,2:19,3,5,0,4,2230,Maurice Evans,ATL,Atlanta,1610612737.0,Hawks,0,,,,,,101144,Von Wafer,HOU,Houston,1610612745.0,Rockets,,,MISS Evans  Layup,10:14 PM
309,0,4,345,0020800310,,,2:17,3,5,0,0,201143,Al Horford,ATL,Atlanta,1610612737.0,Hawks,0,,,,,,0,,,,,,,,Horford REBOUND (Off:3 Def:5),10:14 PM
310,1,2,346,0020800310,,,2:12,3,5,0,0,1710,Mike Bibby,ATL,Atlanta,1610612737.0,Hawks,0,,,,,,0,,,,,,,,MISS Bibby 22' Jump Shot,10:14 PM
311,0,4,347,0020800310,Scola REBOUND (Off:3 Def:5),,2:11,3,4,0,0,2449,Luis Scola,HOU,Houston,1610612745.0,Rockets,0,,,,,,0,,,,,,,,,10:15 PM
312,42,2,348,0020800310,MISS Wafer  Driving Layup,,2:07,3,4,0,5,101144,Von Wafer,HOU,Houston,1610612745.0,Rockets,0,,,,,,1710,Mike Bibby,ATL,Atlanta,1610612737.0,Hawks,,,Bibby BLOCK (1 BLK),10:15 PM
313,0,4,349,0020800310,ROCKETS Rebound,,2:07,3,2,0,0,1610612745,,,,,,0,,,,,,0,,,,,,,,,10:15 PM
314,0,8,350,0020800310,,,2:07,3,5,5,0,1710,Mike Bibby,ATL,Atlanta,1610612737.0,Hawks,2436,Ronald Murray,ATL,Atlanta,1610612737.0,Hawks,0,,,,,,,,SUB: Murray FOR Bibby,10:15 PM
315,1,5,351,0020800310,Alston Bad Pass Turnover (P2.T9),,2:06,3,4,5,0,1747,Rafer Alston,HOU,Houston,1610612745.0,Rockets,2436,Ronald Murray,ATL,Atlanta,1610612737.0,Hawks,0,,,,,,,,Murray STEAL (1 STL),10:15 PM
316,1,6,352,0020800310,World Peace P.FOUL (P1.T4),,1:50,3,4,5,1,1897,Metta World Peace,HOU,Houston,1610612745.0,Rockets,2207,Joe Johnson,ATL,Atlanta,1610612737.0,Hawks,0,,,,,,,,,10:15 PM
317,1,2,353,0020800310,,,1:36,3,5,0,0,2746,Josh Smith,ATL,Atlanta,1610612737.0,Hawks,0,,,,,,0,,,,,,,,MISS Smith 15' Jump Shot,10:16 PM
318,0,4,354,0020800310,Yao REBOUND (Off:3 Def:13),,1:35,3,4,0,0,2397,Yao Ming,HOU,Houston,1610612745.0,Rockets,0,,,,,,0,,,,,,,,,10:16 PM
319,5,1,355,0020800310,World Peace  Layup (12 PTS),,1:13,3,4,0,0,1897,Metta World Peace,HOU,Houston,1610612745.0,Rockets,0,,,,,,0,,,,,,59 - 60,1,,10:16 PM
320,1,1,356,0020800310,,,0:46,3,5,0,0,2207,Joe Johnson,ATL,Atlanta,1610612737.0,Hawks,0,,,,,,0,,,,,,62 - 60,-2,Johnson 30' 3PT Jump Shot (11 PTS),10:17 PM
321,1,2,357,0020800310,MISS Scola 10' Jump Shot,,0:29,3,4,0,0,2449,Luis Scola,HOU,Houston,1610612745.0,Rockets,0,,,,,,0,,,,,,,,,10:17 PM
322,0,4,359,0020800310,Yao REBOUND (Off:4 Def:13),,0:28,3,4,0,0,2397,Yao Ming,HOU,Houston,1610612745.0,Rockets,0,,,,,,0,,,,,,,,,10:17 PM
323,4,2,358,0020800310,MISS Yao  Tip Shot,,0:28,3,4,0,0,2397,Yao Ming,HOU,Houston,1610612745.0,Rockets,0,,,,,,0,,,,,,,,,10:17 PM
324,0,4,360,0020800310,World Peace REBOUND (Off:2 Def:3),,0:27,3,4,0,0,1897,Metta World Peace,HOU,Houston,1610612745.0,Rockets,0,,,,,,0,,,,,,,,,10:17 PM
325,1,5,361,0020800310,Yao Bad Pass Turnover (P3.T10),,0:08,3,4,5,0,2397,Yao Ming,HOU,Houston,1610612745.0,Rockets,2436,Ronald Murray,ATL,Atlanta,1610612737.0,Hawks,0,,,,,,,,Murray STEAL (2 STL),10:17 PM
326,46,2,362,0020800310,Wafer BLOCK (2 BLK),,0:00,3,5,0,4,2230,Maurice Evans,ATL,Atlanta,1610612737.0,Hawks,0,,,,,,101144,Von Wafer,HOU,Houston,1610612745.0,Rockets,,,MISS Evans 10' Running Jump Shot,10:17 PM
327,0,4,363,0020800310,,,0:00,3,3,0,0,1610612737,,,,,,0,,,,,,0,,,,,,,,Hawks Rebound,10:18 PM
328,44,2,364,0020800310,,,0:00,3,5,0,0,2436,Ronald Murray,ATL,Atlanta,1610612737.0,Hawks,0,,,,,,0,,,,,,,,MISS Murray  Reverse Layup,10:18 PM
329,0,4,365,0020800310,,,0:00,3,3,0,0,1610612737,,,,,,0,,,,,,0,,,,,,,,Hawks Rebound,10:18 PM
330,0,13,366,0020800310,,,0:00,3,0,0,0,0,,,,,,0,,,,,,0,,,,,,62 - 60,-2,,10:18 PM
331,0,12,370,0020800310,,,12:00,4,0,0,0,0,,,,,,0,,,,,,0,,,,,,62 - 60,-2,,10:21 PM
332,88,1,373,0020800310,,,11:47,4,5,0,0,2746,Josh Smith,ATL,Atlanta,1610612737.0,Hawks,0,,,,,,0,,,,,,64 - 60,-4,Smith  Driving Slam Dunk (10 PTS),10:21 PM
333,1,1,375,0020800310,Battier 24' 3PT Jump Shot (10 PTS) (Wafer 2 AST),,11:26,4,4,4,0,2203,Shane Battier,HOU,Houston,1610612745.0,Rockets,101144,Von Wafer,HOU,Houston,1610612745.0,Rockets,0,,,,,,64 - 63,-1,,10:21 PM
334,42,1,376,0020800310,,,11:03,4,5,0,0,2207,Joe Johnson,ATL,Atlanta,1610612737.0,Hawks,0,,,,,,0,,,,,,66 - 63,-3,Johnson  Driving Layup (13 PTS),10:22 PM
335,4,6,379,0020800310,Wafer OFF.Foul (P1),,10:44,4,4,5,1,101144,Von Wafer,HOU,Houston,1610612745.0,Rockets,201143,Al Horford,ATL,Atlanta,1610612737.0,Hawks,0,,,,,,,,,10:22 PM
336,5,5,380,0020800310,Wafer Foul Turnover (P2.T11),,10:44,4,4,0,1,101144,Von Wafer,HOU,Houston,1610612745.0,Rockets,0,,,,,,0,,,,,,,,,10:22 PM
337,1,1,381,0020800310,,,10:29,4,5,0,0,2207,Joe Johnson,ATL,Atlanta,1610612737.0,Hawks,0,,,,,,0,,,,,,69 - 63,-6,Johnson 25' 3PT Jump Shot (16 PTS),10:23 PM
338,41,5,382,0020800310,Battier Poss Lost Ball Turnover (P3.T12),,10:12,4,4,0,0,2203,Shane Battier,HOU,Houston,1610612745.0,Rockets,0,,,,,,0,,,,,,,,,10:23 PM
339,5,2,383,0020800310,,,9:58,4,5,0,0,2746,Josh Smith,ATL,Atlanta,1610612737.0,Hawks,0,,,,,,0,,,,,,,,MISS Smith  Layup,10:23 PM
340,0,4,384,0020800310,Scola REBOUND (Off:3 Def:6),,9:57,4,4,0,0,2449,Luis Scola,HOU,Houston,1610612745.0,Rockets,0,,,,,,0,,,,,,,,,10:23 PM
341,5,1,385,0020800310,Landry  Layup (4 PTS) (Brooks 2 AST),,9:48,4,4,4,0,201171,Carl Landry,HOU,Houston,1610612745.0,Rockets,201166,Aaron Brooks,HOU,Houston,1610612745.0,Rockets,0,,,,,,69 - 65,-4,,10:24 PM
342,2,6,386,0020800310,,,9:48,4,5,4,1,201143,Al Horford,ATL,Atlanta,1610612737.0,Hawks,201171,Carl Landry,HOU,Houston,1610612745.0,Rockets,0,,,,,,,,Horford S.FOUL (P3.T1),10:24 PM
343,10,3,387,0020800310,Landry Free Throw 1 of 1 (5 PTS),,9:48,4,4,0,0,201171,Carl Landry,HOU,Houston,1610612745.0,Rockets,0,,,,,,0,,,,,,69 - 66,-3,,10:24 PM
344,67,1,389,0020800310,,,9:29,4,5,0,0,201143,Al Horford,ATL,Atlanta,1610612737.0,Hawks,0,,,,,,0,,,,,,71 - 66,-5,Horford 8' Hook Bank Shot (12 PTS),10:24 PM
345,2,6,390,0020800310,,,9:04,4,5,4,1,201143,Al Horford,ATL,Atlanta,1610612737.0,Hawks,101144,Von Wafer,HOU,Houston,1610612745.0,Rockets,0,,,,,,,,Horford S.FOUL (P4.T2),10:25 PM
346,11,3,391,0020800310,Wafer Free Throw 1 of 2 (5 PTS),,9:04,4,4,0,0,101144,Von Wafer,HOU,Houston,1610612745.0,Rockets,0,,,,,,0,,,,,,71 - 67,-4,,10:25 PM
347,12,3,393,0020800310,Wafer Free Throw 2 of 2 (6 PTS),,9:04,4,4,0,0,101144,Von Wafer,HOU,Houston,1610612745.0,Rockets,0,,,,,,0,,,,,,71 - 68,-3,,10:25 PM
348,63,1,395,0020800310,,,8:41,4,5,0,0,2207,Joe Johnson,ATL,Atlanta,1610612737.0,Hawks,0,,,,,,0,,,,,,73 - 68,-5,Johnson 19' Fadeaway Jumper (18 PTS),10:26 PM
349,42,2,396,0020800310,MISS Wafer  Driving Layup,,8:22,4,4,0,0,101144,Von Wafer,HOU,Houston,1610612745.0,Rockets,0,,,,,,0,,,,,,,,,10:26 PM
350,0,4,397,0020800310,Scola REBOUND (Off:4 Def:6),,8:19,4,4,0,0,2449,Luis Scola,HOU,Houston,1610612745.0,Rockets,0,,,,,,0,,,,,,,,,10:26 PM
351,46,2,398,0020800310,MISS Battier 12' Running Jump Shot,,8:12,4,4,0,0,2203,Shane Battier,HOU,Houston,1610612745.0,Rockets,0,,,,,,0,,,,,,,,,10:26 PM
352,0,4,399,0020800310,,,8:10,4,5,0,0,2207,Joe Johnson,ATL,Atlanta,1610612737.0,Hawks,0,,,,,,0,,,,,,,,Johnson REBOUND (Off:0 Def:4),10:26 PM
353,7,2,400,0020800310,Landry BLOCK (1 BLK),,8:06,4,5,0,4,2436,Ronald Murray,ATL,Atlanta,1610612737.0,Hawks,0,,,,,,201171,Carl Landry,HOU,Houston,1610612745.0,Rockets,,,MISS Murray  Dunk,10:26 PM
354,0,4,401,0020800310,,,8:04,4,5,0,0,2207,Joe Johnson,ATL,Atlanta,1610612737.0,Hawks,0,,,,,,0,,,,,,,,Johnson REBOUND (Off:1 Def:4),10:27 PM
355,1,1,402,0020800310,,,7:58,4,5,5,0,2746,Josh Smith,ATL,Atlanta,1610612737.0,Hawks,2230,Maurice Evans,ATL,Atlanta,1610612737.0,Hawks,0,,,,,,76 - 68,-8,Smith 25' 3PT Jump Shot (13 PTS) (Evans 1 AST),10:27 PM
356,1,9,403,0020800310,ROCKETS Timeout: Regular (Full 4 Short 0),,7:57,4,2,0,0,1610612745,,,,,,0,,,,,,0,,,,,,,,,10:27 PM
357,0,8,405,0020800310,SUB: World Peace FOR Scola,,7:57,4,4,4,0,2449,Luis Scola,HOU,Houston,1610612745.0,Rockets,1897,Metta World Peace,HOU,Houston,1610612745.0,Rockets,0,,,,,,,,,10:29 PM
358,0,8,406,0020800310,SUB: Yao FOR Wafer,,7:57,4,4,4,0,101144,Von Wafer,HOU,Houston,1610612745.0,Rockets,2397,Yao Ming,HOU,Houston,1610612745.0,Rockets,0,,,,,,,,,10:29 PM
359,0,8,407,0020800310,SUB: Alston FOR Brooks,,7:57,4,4,4,0,201166,Aaron Brooks,HOU,Houston,1610612745.0,Rockets,1747,Rafer Alston,HOU,Houston,1610612745.0,Rockets,0,,,,,,,,,10:29 PM
360,3,1,408,0020800310,Yao 7' Hook Shot (16 PTS),,7:41,4,4,0,0,2397,Yao Ming,HOU,Houston,1610612745.0,Rockets,0,,,,,,0,,,,,,76 - 70,-6,,10:30 PM
361,1,2,409,0020800310,,,7:23,4,5,0,0,2207,Joe Johnson,ATL,Atlanta,1610612737.0,Hawks,0,,,,,,0,,,,,,,,MISS Johnson 25' 3PT Jump Shot,10:30 PM
362,0,4,410,0020800310,World Peace REBOUND (Off:2 Def:4),,7:22,4,4,0,0,1897,Metta World Peace,HOU,Houston,1610612745.0,Rockets,0,,,,,,0,,,,,,,,,10:30 PM
363,42,2,411,0020800310,MISS World Peace  Driving Layup,,7:17,4,4,0,0,1897,Metta World Peace,HOU,Houston,1610612745.0,Rockets,0,,,,,,0,,,,,,,,,10:30 PM
364,0,4,413,0020800310,Landry REBOUND (Off:1 Def:0),,7:16,4,4,0,0,201171,Carl Landry,HOU,Houston,1610612745.0,Rockets,0,,,,,,0,,,,,,,,,10:30 PM
365,5,1,412,0020800310,Landry  Layup (7 PTS),,7:15,4,4,0,0,201171,Carl Landry,HOU,Houston,1610612745.0,Rockets,0,,,,,,0,,,,,,76 - 72,-4,,10:30 PM
366,2,6,414,0020800310,,,7:15,4,5,4,1,2746,Josh Smith,ATL,Atlanta,1610612737.0,Hawks,201171,Carl Landry,HOU,Houston,1610612745.0,Rockets,0,,,,,,,,Smith S.FOUL (P2.T3),10:30 PM
367,0,8,415,0020800310,,,7:15,4,5,5,0,2436,Ronald Murray,ATL,Atlanta,1610612737.0,Hawks,1710,Mike Bibby,ATL,Atlanta,1610612737.0,Hawks,0,,,,,,,,SUB: Bibby FOR Murray,10:30 PM
368,10,3,416,0020800310,MISS Landry Free Throw 1 of 1,,7:15,4,4,0,0,201171,Carl Landry,HOU,Houston,1610612745.0,Rockets,0,,,,,,0,,,,,,,,,10:31 PM
369,0,4,418,0020800310,,,7:15,4,5,0,0,2746,Josh Smith,ATL,Atlanta,1610612737.0,Hawks,0,,,,,,0,,,,,,,,Smith REBOUND (Off:4 Def:5),10:31 PM
370,1,2,419,0020800310,,,6:54,4,5,0,0,2746,Josh Smith,ATL,Atlanta,1610612737.0,Hawks,0,,,,,,0,,,,,,,,MISS Smith 25' 3PT Jump Shot,10:31 PM
371,0,4,420,0020800310,World Peace REBOUND (Off:2 Def:5),,6:53,4,4,0,0,1897,Metta World Peace,HOU,Houston,1610612745.0,Rockets,0,,,,,,0,,,,,,,,,10:31 PM
372,5,1,421,0020800310,Yao  Layup (18 PTS) (Alston 4 AST),,6:44,4,4,4,0,2397,Yao Ming,HOU,Houston,1610612745.0,Rockets,1747,Rafer Alston,HOU,Houston,1610612745.0,Rockets,0,,,,,,76 - 74,-2,,10:31 PM
373,2,6,422,0020800310,,,6:44,4,5,4,1,2746,Josh Smith,ATL,Atlanta,1610612737.0,Hawks,2397,Yao Ming,HOU,Houston,1610612745.0,Rockets,0,,,,,,,,Smith S.FOUL (P3.T4),10:31 PM
374,0,8,423,0020800310,,,6:44,4,5,5,0,2230,Maurice Evans,ATL,Atlanta,1610612737.0,Hawks,101107,Marvin Williams,ATL,Atlanta,1610612737.0,Hawks,0,,,,,,,,SUB: Williams FOR Evans,10:32 PM
375,10,3,424,0020800310,MISS Yao Free Throw 1 of 1,,6:44,4,4,0,0,2397,Yao Ming,HOU,Houston,1610612745.0,Rockets,0,,,,,,0,,,,,,,,,10:32 PM
376,0,4,426,0020800310,,,6:43,4,5,0,0,2746,Josh Smith,ATL,Atlanta,1610612737.0,Hawks,0,,,,,,0,,,,,,,,Smith REBOUND (Off:4 Def:6),10:32 PM
377,11,5,427,0020800310,,,6:19,4,3,0,1,1610612737,,,,,,0,,,,,,0,,,,,,,,Hawks Turnover: Shot Clock (T#8),10:32 PM
378,4,5,428,0020800310,Yao Traveling Turnover (P4.T13),,6:10,4,4,0,1,2397,Yao Ming,HOU,Houston,1610612745.0,Rockets,0,,,,,,0,,,,,,,,,10:33 PM
379,1,2,429,0020800310,,,5:54,4,5,0,0,2746,Josh Smith,ATL,Atlanta,1610612737.0,Hawks,0,,,,,,0,,,,,,,,MISS Smith 9' Jump Shot,10:33 PM
380,0,4,430,0020800310,World Peace REBOUND (Off:2 Def:6),,5:52,4,4,0,0,1897,Metta World Peace,HOU,Houston,1610612745.0,Rockets,0,,,,,,0,,,,,,,,,10:33 PM
381,1,5,431,0020800310,Alston Bad Pass Turnover (P3.T14),,5:39,4,4,5,0,1747,Rafer Alston,HOU,Houston,1610612745.0,Rockets,201143,Al Horford,ATL,Atlanta,1610612737.0,Hawks,0,,,,,,,,Horford STEAL (2 STL),10:33 PM
382,1,5,432,0020800310,,,5:36,4,5,0,0,2746,Josh Smith,ATL,Atlanta,1610612737.0,Hawks,0,,,,,,0,,,,,,,,Smith Bad Pass Turnover (P2.T9),10:34 PM
383,1,9,433,0020800310,,,5:36,4,1,0,0,0,,,,,,0,,,,,,0,,,,,,,,,10:34 PM
384,0,8,435,0020800310,,,5:36,4,5,5,0,2746,Josh Smith,ATL,Atlanta,1610612737.0,Hawks,2585,Zaza Pachulia,ATL,Atlanta,1610612737.0,Hawks,0,,,,,,,,SUB: Pachulia FOR Smith,10:36 PM
385,1,1,436,0020800310,World Peace  3PT Jump Shot (15 PTS) (Alston 5 AST),,5:11,4,4,4,0,1897,Metta World Peace,HOU,Houston,1610612745.0,Rockets,1747,Rafer Alston,HOU,Houston,1610612745.0,Rockets,0,,,,,,76 - 77,1,,10:37 PM
386,1,2,437,0020800310,,,4:53,4,5,0,0,1710,Mike Bibby,ATL,Atlanta,1610612737.0,Hawks,0,,,,,,0,,,,,,,,MISS Bibby 23' Jump Shot,10:37 PM
387,0,4,438,0020800310,Yao REBOUND (Off:4 Def:14),,4:52,4,4,0,0,2397,Yao Ming,HOU,Houston,1610612745.0,Rockets,0,,,,,,0,,,,,,,,,10:37 PM
388,4,6,439,0020800310,Yao OFF.Foul (P4),,4:40,4,4,5,1,2397,Yao Ming,HOU,Houston,1610612745.0,Rockets,2585,Zaza Pachulia,ATL,Atlanta,1610612737.0,Hawks,0,,,,,,,,,10:37 PM
389,5,5,440,0020800310,Yao Foul Turnover (P5.T15),,4:40,4,4,0,1,2397,Yao Ming,HOU,Houston,1610612745.0,Rockets,0,,,,,,0,,,,,,,,,10:37 PM
390,86,1,441,0020800310,,,4:21,4,5,0,0,201143,Al Horford,ATL,Atlanta,1610612737.0,Hawks,0,,,,,,0,,,,,,78 - 77,-1,Horford 8' Turnaround Fadeaway (14 PTS),10:38 PM
391,5,2,442,0020800310,MISS Landry  Layup,,4:03,4,4,0,5,201171,Carl Landry,HOU,Houston,1610612745.0,Rockets,0,,,,,,101107,Marvin Williams,ATL,Atlanta,1610612737.0,Hawks,,,Williams BLOCK (2 BLK),10:38 PM
392,0,10,443,0020800310,Jump Ball Landry vs. Williams: Tip to Battier,,4:03,4,4,5,4,201171,Carl Landry,HOU,Houston,1610612745.0,Rockets,101107,Marvin Williams,ATL,Atlanta,1610612737.0,Hawks,2203,Shane Battier,HOU,Houston,1610612745.0,Rockets,,,,10:38 PM
393,0,4,444,0020800310,ROCKETS Rebound,,4:03,4,2,0,0,1610612745,,,,,,0,,,,,,0,,,,,,,,,10:38 PM
394,5,1,445,0020800310,Yao  Layup (20 PTS) (World Peace 5 AST),,3:53,4,4,4,0,2397,Yao Ming,HOU,Houston,1610612745.0,Rockets,1897,Metta World Peace,HOU,Houston,1610612745.0,Rockets,0,,,,,,78 - 79,1,,10:39 PM
395,1,2,446,0020800310,,,3:38,4,5,0,0,2207,Joe Johnson,ATL,Atlanta,1610612737.0,Hawks,0,,,,,,0,,,,,,,,MISS Johnson 20' Jump Shot,10:39 PM
396,0,4,447,0020800310,Battier REBOUND (Off:0 Def:4),,3:36,4,4,0,0,2203,Shane Battier,HOU,Houston,1610612745.0,Rockets,0,,,,,,0,,,,,,,,,10:39 PM
397,2,6,448,0020800310,,,3:28,4,5,4,1,1710,Mike Bibby,ATL,Atlanta,1610612737.0,Hawks,1747,Rafer Alston,HOU,Houston,1610612745.0,Rockets,0,,,,,,,,Bibby S.FOUL (P1.PN),10:39 PM
398,11,3,449,0020800310,Alston Free Throw 1 of 2 (8 PTS),,3:28,4,4,0,0,1747,Rafer Alston,HOU,Houston,1610612745.0,Rockets,0,,,,,,0,,,,,,78 - 80,2,,10:40 PM
399,12,3,451,0020800310,Alston Free Throw 2 of 2 (9 PTS),,3:28,4,4,0,0,1747,Rafer Alston,HOU,Houston,1610612745.0,Rockets,0,,,,,,0,,,,,,78 - 81,3,,10:40 PM
400,46,2,453,0020800310,,,3:15,4,5,0,0,2207,Joe Johnson,ATL,Atlanta,1610612737.0,Hawks,0,,,,,,0,,,,,,,,MISS Johnson 11' Running Jump Shot,10:40 PM
401,0,4,454,0020800310,World Peace REBOUND (Off:2 Def:7),,3:13,4,4,0,0,1897,Metta World Peace,HOU,Houston,1610612745.0,Rockets,0,,,,,,0,,,,,,,,,10:40 PM
402,42,1,455,0020800310,World Peace  Driving Layup (17 PTS),,3:09,4,4,0,0,1897,Metta World Peace,HOU,Houston,1610612745.0,Rockets,0,,,,,,0,,,,,,78 - 83,5,,10:41 PM
403,1,9,456,0020800310,,,3:08,4,3,0,0,1610612737,,,,,,0,,,,,,0,,,,,,,,Hawks Timeout: Regular (Reg.4 Short 1),10:41 PM
404,2,9,459,0020800310,,,2:55,4,3,0,0,1610612737,,,,,,0,,,,,,0,,,,,,,,Hawks Timeout: Short (Reg.4 Short 2),10:43 PM
405,5,2,460,0020800310,,,2:47,4,5,0,0,2585,Zaza Pachulia,ATL,Atlanta,1610612737.0,Hawks,0,,,,,,0,,,,,,,,MISS Pachulia  Layup,10:45 PM
406,0,4,461,0020800310,Yao REBOUND (Off:4 Def:15),,2:46,4,4,0,0,2397,Yao Ming,HOU,Houston,1610612745.0,Rockets,0,,,,,,0,,,,,,,,,10:45 PM
407,1,1,462,0020800310,Alston 25' 3PT Jump Shot (12 PTS),,2:30,4,4,0,0,1747,Rafer Alston,HOU,Houston,1610612745.0,Rockets,0,,,,,,0,,,,,,78 - 86,8,,10:45 PM
408,1,2,463,0020800310,,,2:15,4,5,0,0,1710,Mike Bibby,ATL,Atlanta,1610612737.0,Hawks,0,,,,,,0,,,,,,,,MISS Bibby 26' 3PT Jump Shot,10:45 PM
409,0,4,464,0020800310,Battier REBOUND (Off:0 Def:5),,2:14,4,4,0,0,2203,Shane Battier,HOU,Houston,1610612745.0,Rockets,0,,,,,,0,,,,,,,,,10:45 PM
410,3,1,465,0020800310,Yao 8' Hook Shot (22 PTS),,1:55,4,4,0,0,2397,Yao Ming,HOU,Houston,1610612745.0,Rockets,0,,,,,,0,,,,,,78 - 88,10,,10:46 PM
411,1,9,466,0020800310,,,1:53,4,3,0,0,1610612737,,,,,,0,,,,,,0,,,,,,,,Hawks Timeout: Regular (Reg.5 Short 2),10:46 PM
412,0,8,467,0020800310,,,1:53,4,5,5,0,2585,Zaza Pachulia,ATL,Atlanta,1610612737.0,Hawks,2746,Josh Smith,ATL,Atlanta,1610612737.0,Hawks,0,,,,,,,,SUB: Smith FOR Pachulia,10:47 PM
413,1,2,468,0020800310,,,1:45,4,5,0,0,2207,Joe Johnson,ATL,Atlanta,1610612737.0,Hawks,0,,,,,,0,,,,,,,,MISS Johnson 26' 3PT Jump Shot,10:48 PM
414,0,4,469,0020800310,Landry REBOUND (Off:1 Def:1),,1:44,4,4,0,0,201171,Carl Landry,HOU,Houston,1610612745.0,Rockets,0,,,,,,0,,,,,,,,,10:48 PM
415,47,1,470,0020800310,Yao 10' Turnaround Jump Shot (24 PTS) (Alston 6 AST),,1:27,4,4,4,0,2397,Yao Ming,HOU,Houston,1610612745.0,Rockets,1747,Rafer Alston,HOU,Houston,1610612745.0,Rockets,0,,,,,,78 - 90,12,,10:48 PM
416,42,1,471,0020800310,,,1:17,4,5,0,0,2207,Joe Johnson,ATL,Atlanta,1610612737.0,Hawks,0,,,,,,0,,,,,,80 - 90,10,Johnson  Driving Layup (20 PTS),10:48 PM
417,1,2,472,0020800310,MISS Yao 18' Jump Shot,,0:58,4,4,0,0,2397,Yao Ming,HOU,Houston,1610612745.0,Rockets,0,,,,,,0,,,,,,,,,10:49 PM
418,0,4,473,0020800310,,,0:57,4,5,0,0,2746,Josh Smith,ATL,Atlanta,1610612737.0,Hawks,0,,,,,,0,,,,,,,,Smith REBOUND (Off:4 Def:7),10:49 PM
419,3,1,474,0020800310,,,0:52,4,5,0,0,2207,Joe Johnson,ATL,Atlanta,1610612737.0,Hawks,0,,,,,,0,,,,,,82 - 90,8,Johnson 5' Hook Shot (22 PTS),10:49 PM
420,1,6,475,0020800310,,,0:46,4,5,4,1,2207,Joe Johnson,ATL,Atlanta,1610612737.0,Hawks,1897,Metta World Peace,HOU,Houston,1610612745.0,Rockets,0,,,,,,,,Johnson P.FOUL (P4.PN),10:49 PM
421,0,8,476,0020800310,,,0:46,4,5,5,0,1710,Mike Bibby,ATL,Atlanta,1610612737.0,Hawks,201151,Acie Law,ATL,Atlanta,1610612737.0,Hawks,0,,,,,,,,SUB: Law FOR Bibby,10:49 PM
422,11,3,477,0020800310,World Peace Free Throw 1 of 2 (18 PTS),,0:46,4,4,0,0,1897,Metta World Peace,HOU,Houston,1610612745.0,Rockets,0,,,,,,0,,,,,,82 - 91,9,,10:49 PM
423,0,8,479,0020800310,,,0:46,4,5,5,0,2207,Joe Johnson,ATL,Atlanta,1610612737.0,Hawks,201238,Mario West,ATL,Atlanta,1610612737.0,Hawks,0,,,,,,,,SUB: West FOR Johnson,10:50 PM
424,0,8,480,0020800310,,,0:46,4,5,5,0,201143,Al Horford,ATL,Atlanta,1610612737.0,Hawks,200780,Solomon Jones,ATL,Atlanta,1610612737.0,Hawks,0,,,,,,,,SUB: Jones FOR Horford,10:50 PM
425,0,8,481,0020800310,SUB: Scola FOR Yao,,0:46,4,4,4,0,2397,Yao Ming,HOU,Houston,1610612745.0,Rockets,2449,Luis Scola,HOU,Houston,1610612745.0,Rockets,0,,,,,,,,,10:50 PM
426,0,8,482,0020800310,SUB: Wafer FOR Battier,,0:46,4,4,4,0,2203,Shane Battier,HOU,Houston,1610612745.0,Rockets,101144,Von Wafer,HOU,Houston,1610612745.0,Rockets,0,,,,,,,,,10:50 PM
427,12,3,483,0020800310,World Peace Free Throw 2 of 2 (19 PTS),,0:46,4,4,0,0,1897,Metta World Peace,HOU,Houston,1610612745.0,Rockets,0,,,,,,0,,,,,,82 - 92,10,,10:50 PM
428,7,2,485,0020800310,Landry BLOCK (2 BLK),,0:38,4,5,0,4,201238,Mario West,ATL,Atlanta,1610612737.0,Hawks,0,,,,,,201171,Carl Landry,HOU,Houston,1610612745.0,Rockets,,,MISS West  Dunk,10:50 PM
429,0,4,486,0020800310,Wafer REBOUND (Off:2 Def:2),,0:36,4,4,0,0,101144,Von Wafer,HOU,Houston,1610612745.0,Rockets,0,,,,,,0,,,,,,,,,10:50 PM
430,2,5,487,0020800310,Landry Lost Ball Turnover (P1.T16),,0:19,4,4,5,0,201171,Carl Landry,HOU,Houston,1610612745.0,Rockets,2746,Josh Smith,ATL,Atlanta,1610612737.0,Hawks,0,,,,,,,,Smith STEAL (3 STL),10:51 PM
431,7,1,488,0020800310,,,0:10,4,5,5,0,101107,Marvin Williams,ATL,Atlanta,1610612737.0,Hawks,201238,Mario West,ATL,Atlanta,1610612737.0,Hawks,0,,,,,,84 - 92,8,Williams  Dunk (11 PTS) (West 1 AST),10:51 PM
432,0,13,489,0020800310,,,0:00,4,0,0,0,0,,,,,,0,,,,,,0,,,,,,84 - 92,8,,10:51 PM
