,EVENTMSGACTIONTYPE,EVENTMSGTYPE,EVENTNUM,GAME_ID,HOMEDESCRIPTION,NEUTRALDESCRIPTION,PCTIMESTRING,PERIOD,PERSON1TYPE,PERSON2TYPE,PERSON3TYPE,PLAYER1_ID,PLAYER1_NAME,PLAYER1_TEAM_ABBREVIATION,PLAYER1_TEAM_CITY,PLAYER1_TEAM_ID,PLAYER1_TEAM_NICKNAME,PLAYER2_ID,PLAYER2_NAME,PLAYER2_TEAM_ABBREVIATION,PLAYER2_TEAM_CITY,PLAYER2_TEAM_ID,PLAYER2_TEAM_NICKNAME,PLAYER3_ID,PLAYER3_NAME,PLAYER3_TEAM_ABBREVIATION,PLAYER3_TEAM_CITY,PLAYER3_TEAM_ID,PLAYER3_TEAM_NICKNAME,SCORE,SCOREMARGIN,VISITORDESCRIPTION,WCTIMESTRING
0,0,12,0,0021401173,,,12:00,1,0,0,0,0,,,,,,0,,,,,,0,,,,,,,,,8:16 PM
1,0,10,1,0021401173,Jump Ball Whiteside vs. Gasol: Tip to Noah,,12:00,1,4,5,5,202355,Hassan Whiteside,MIA,Miami,1610612748.0,Heat,2200,Pau Gasol,CHI,Chicago,1610612741.0,Bulls,201149,Joakim Noah,CHI,Chicago,1610612741.0,Bulls,,,,8:16 PM
2,1,1,2,0021401173,,,11:47,1,5,5,0,2200,Pau Gasol,CHI,Chicago,1610612741.0,Bulls,201565,Derrick Rose,CHI,Chicago,1610612741.0,Bulls,0,,,,,,2 - 0,-2,Gasol 18' Jump Shot (2 PTS) (Rose 1 AST),8:17 PM
3,1,1,3,0021401173,Haslem 15' Jump Shot (2 PTS) (Deng 1 AST),,11:25,1,4,4,0,2617,Udonis Haslem,MIA,Miami,1610612748.0,Heat,2736,Luol Deng,MIA,Miami,1610612748.0,Heat,0,,,,,,2 - 2,TIE,,8:17 PM
4,77,2,4,0021401173,,,11:05,1,5,0,0,201565,Derrick Rose,CHI,Chicago,1610612741.0,Bulls,0,,,,,,0,,,,,,,,MISS Rose 8' Driving Jump Shot,8:17 PM
5,0,4,5,0021401173,,,11:04,1,5,0,0,2200,Pau Gasol,CHI,Chicago,1610612741.0,Bulls,0,,,,,,0,,,,,,,,Gasol REBOUND (Off:1 Def:0),8:17 PM
6,1,1,6,0021401173,,,11:00,1,5,0,0,2200,Pau Gasol,CHI,Chicago,1610612741.0,Bulls,0,,,,,,0,,,,,,4 - 2,-2,Gasol 15' Jump Shot (4 PTS),8:17 PM
7,1,2,7,0021401173,MISS Deng 19' Jump Shot,,10:37,1,4,0,0,2736,Luol Deng,MIA,Miami,1610612748.0,Heat,0,,,,,,0,,,,,,,,,8:18 PM
8,0,4,9,0021401173,Whiteside REBOUND (Off:1 Def:0),,10:36,1,4,0,0,202355,Hassan Whiteside,MIA,Miami,1610612748.0,Heat,0,,,,,,0,,,,,,,,,8:18 PM
9,87,1,8,0021401173,Whiteside  Putback Dunk (2 PTS),,10:35,1,4,0,0,202355,Hassan Whiteside,MIA,Miami,1610612748.0,Heat,0,,,,,,0,,,,,,4 - 4,TIE,,8:18 PM
10,78,2,10,0021401173,,,10:22,1,5,0,0,2399,Mike Dunleavy,CHI,Chicago,1610612741.0,Bulls,0,,,,,,0,,,,,,,,MISS Dunleavy 10' Floating Jump Shot,8:18 PM
11,0,4,11,0021401173,Deng REBOUND (Off:0 Def:1),,10:21,1,4,0,0,2736,Luol Deng,MIA,Miami,1610612748.0,Heat,0,,,,,,0,,,,,,,,,8:18 PM
12,3,1,12,0021401173,Whiteside 12' Hook Shot (4 PTS),,10:04,1,4,0,0,202355,Hassan Whiteside,MIA,Miami,1610612748.0,Heat,0,,,,,,0,,,,,,4 - 6,2,,8:18 PM
13,1,2,14,0021401173,,,9:39,1,5,0,0,2200,Pau Gasol,CHI,Chicago,1610612741.0,Bulls,0,,,,,,0,,,,,,,,MISS Gasol 19' Jump Shot,8:19 PM
14,0,4,15,0021401173,Deng REBOUND (Off:0 Def:2),,9:38,1,4,0,0,2736,Luol Deng,MIA,Miami,1610612748.0,Heat,0,,,,,,0,,,,,,,,,8:19 PM
15,44,1,16,0021401173,Wade 2' Reverse Layup (2 PTS),,9:28,1,4,0,0,2548,Dwyane Wade,MIA,Miami,1610612748.0,Heat,0,,,,,,0,,,,,,4 - 8,4,,8:19 PM
16,80,1,17,0021401173,,,9:21,1,5,0,0,201565,Derrick Rose,CHI,Chicago,1610612741.0,Bulls,0,,,,,,0,,,,,,6 - 8,2,Rose 16' Step Back Jump Shot (2 PTS),8:19 PM
17,71,1,18,0021401173,Whiteside 4' Finger Roll Layup (6 PTS),,9:04,1,4,0,0,202355,Hassan Whiteside,MIA,Miami,1610612748.0,Heat,0,,,,,,0,,,,,,6 - 10,4,,8:19 PM
18,7,1,19,0021401173,,,8:47,1,5,5,0,201565,Derrick Rose,CHI,Chicago,1610612741.0,Bulls,201149,Joakim Noah,CHI,Chicago,1610612741.0,Bulls,0,,,,,,8 - 10,2,Rose  Dunk (4 PTS) (Noah 1 AST),8:20 PM
19,1,2,21,0021401173,MISS Haslem 19' Jump Shot,,8:22,1,4,0,0,2617,Udonis Haslem,MIA,Miami,1610612748.0,Heat,0,,,,,,0,,,,,,,,,8:20 PM
20,0,4,22,0021401173,,,8:21,1,5,0,0,203503,Tony Snell,CHI,Chicago,1610612741.0,Bulls,0,,,,,,0,,,,,,,,Snell REBOUND (Off:0 Def:1),8:21 PM
21,79,1,23,0021401173,,,8:13,1,5,0,0,201565,Derrick Rose,CHI,Chicago,1610612741.0,Bulls,0,,,,,,0,,,,,,10 - 10,TIE,Rose 16' Pullup Jump Shot (6 PTS),8:21 PM
22,1,2,24,0021401173,MISS Dragic 8' Jump Shot,,8:01,1,4,0,0,201609,Goran Dragic,MIA,Miami,1610612748.0,Heat,0,,,,,,0,,,,,,,,,8:21 PM
23,0,4,25,0021401173,,,8:00,1,5,0,0,2200,Pau Gasol,CHI,Chicago,1610612741.0,Bulls,0,,,,,,0,,,,,,,,Gasol REBOUND (Off:1 Def:1),8:21 PM
24,5,2,26,0021401173,Haslem BLOCK (1 BLK),,7:44,1,5,0,4,2200,Pau Gasol,CHI,Chicago,1610612741.0,Bulls,0,,,,,,2617,Udonis Haslem,MIA,Miami,1610612748.0,Heat,,,MISS Gasol 3' Layup,8:21 PM
25,0,4,27,0021401173,,,7:43,1,3,0,0,1610612741,,,,,,0,,,,,,0,,,,,,,,Bulls Rebound,8:21 PM
26,1,2,28,0021401173,,,7:40,1,5,0,0,201565,Derrick Rose,CHI,Chicago,1610612741.0,Bulls,0,,,,,,0,,,,,,,,MISS Rose 16' Jump Shot,8:21 PM
27,0,4,29,0021401173,HEAT Rebound,,7:39,1,2,0,0,1610612748,,,,,,0,,,,,,0,,,,,,,,,8:21 PM
28,3,2,30,0021401173,MISS Whiteside 5' Hook Shot,,7:23,1,4,0,0,202355,Hassan Whiteside,MIA,Miami,1610612748.0,Heat,0,,,,,,0,,,,,,,,,8:22 PM
29,0,4,31,0021401173,,,7:22,1,5,0,0,2200,Pau Gasol,CHI,Chicago,1610612741.0,Bulls,0,,,,,,0,,,,,,,,Gasol REBOUND (Off:1 Def:2),8:22 PM
30,5,1,32,0021401173,,,7:16,1,5,0,0,2200,Pau Gasol,CHI,Chicago,1610612741.0,Bulls,0,,,,,,0,,,,,,12 - 10,-2,Gasol 2' Layup (6 PTS),8:22 PM
31,42,2,34,0021401173,MISS Dragic 1' Driving Layup,,6:54,1,4,0,0,201609,Goran Dragic,MIA,Miami,1610612748.0,Heat,0,,,,,,0,,,,,,,,,8:23 PM
32,0,4,35,0021401173,Deng REBOUND (Off:1 Def:2),,6:53,1,4,0,0,2736,Luol Deng,MIA,Miami,1610612748.0,Heat,0,,,,,,0,,,,,,,,,8:23 PM
33,5,1,36,0021401173,Deng 2' Layup (2 PTS),,6:52,1,4,0,0,2736,Luol Deng,MIA,Miami,1610612748.0,Heat,0,,,,,,0,,,,,,12 - 12,TIE,,8:23 PM
34,47,1,37,0021401173,,,6:32,1,5,0,0,2200,Pau Gasol,CHI,Chicago,1610612741.0,Bulls,0,,,,,,0,,,,,,14 - 12,-2,Gasol 10' Turnaround Jump Shot (8 PTS),8:23 PM
35,1,2,38,0021401173,MISS Dragic 14' Jump Shot,,6:10,1,4,0,0,201609,Goran Dragic,MIA,Miami,1610612748.0,Heat,0,,,,,,0,,,,,,,,,8:23 PM
36,0,4,39,0021401173,,,6:09,1,5,0,0,203503,Tony Snell,CHI,Chicago,1610612741.0,Bulls,0,,,,,,0,,,,,,,,Snell REBOUND (Off:0 Def:2),8:23 PM
37,3,2,40,0021401173,,,5:58,1,5,0,0,201149,Joakim Noah,CHI,Chicago,1610612741.0,Bulls,0,,,,,,0,,,,,,,,MISS Noah 4' Hook Shot,8:24 PM
38,0,4,41,0021401173,Haslem REBOUND (Off:0 Def:1),,5:57,1,4,0,0,2617,Udonis Haslem,MIA,Miami,1610612748.0,Heat,0,,,,,,0,,,,,,,,,8:24 PM
39,1,2,42,0021401173,MISS Wade 8' Jump Shot,,5:49,1,4,0,0,2548,Dwyane Wade,MIA,Miami,1610612748.0,Heat,0,,,,,,0,,,,,,,,,8:24 PM
40,0,4,43,0021401173,,,5:48,1,5,0,0,201149,Joakim Noah,CHI,Chicago,1610612741.0,Bulls,0,,,,,,0,,,,,,,,Noah REBOUND (Off:0 Def:1),8:24 PM
41,1,2,44,0021401173,,,5:42,1,5,0,0,201565,Derrick Rose,CHI,Chicago,1610612741.0,Bulls,0,,,,,,0,,,,,,,,MISS Rose 25' 3PT Jump Shot,8:24 PM
42,0,4,45,0021401173,,,5:41,1,5,0,0,2200,Pau Gasol,CHI,Chicago,1610612741.0,Bulls,0,,,,,,0,,,,,,,,Gasol REBOUND (Off:2 Def:2),8:24 PM
43,5,2,46,0021401173,,,5:38,1,5,0,0,2200,Pau Gasol,CHI,Chicago,1610612741.0,Bulls,0,,,,,,0,,,,,,,,MISS Gasol 1' Layup,8:24 PM
44,0,4,47,0021401173,,,5:37,1,5,0,0,2200,Pau Gasol,CHI,Chicago,1610612741.0,Bulls,0,,,,,,0,,,,,,,,Gasol REBOUND (Off:3 Def:2),8:24 PM
45,1,2,48,0021401173,,,5:34,1,5,0,0,2399,Mike Dunleavy,CHI,Chicago,1610612741.0,Bulls,0,,,,,,0,,,,,,,,MISS Dunleavy 25' 3PT Jump Shot,8:24 PM
46,0,4,49,0021401173,,,5:33,1,5,0,0,201149,Joakim Noah,CHI,Chicago,1610612741.0,Bulls,0,,,,,,0,,,,,,,,Noah REBOUND (Off:1 Def:1),8:24 PM
47,2,5,50,0021401173,Deng STEAL (1 STL),,5:32,1,5,4,0,201149,Joakim Noah,CHI,Chicago,1610612741.0,Bulls,2736,Luol Deng,MIA,Miami,1610612748.0,Heat,0,,,,,,,,Noah Lost Ball Turnover (P1.T1),8:24 PM
48,1,9,51,0021401173,HEAT Timeout: Regular (Full 1 Short 0),,5:27,1,2,0,0,1610612748,,,,,,0,,,,,,0,,,,,,,,,8:24 PM
49,0,8,54,0021401173,SUB: Chalmers FOR Dragic,,5:27,1,4,4,0,201609,Goran Dragic,MIA,Miami,1610612748.0,Heat,201596,Mario Chalmers,MIA,Miami,1610612748.0,Heat,0,,,,,,,,,8:27 PM
50,1,5,55,0021401173,Wade Bad Pass Turnover (P1.T1),,5:18,1,4,5,0,2548,Dwyane Wade,MIA,Miami,1610612748.0,Heat,2399,Mike Dunleavy,CHI,Chicago,1610612741.0,Bulls,0,,,,,,,,Dunleavy STEAL (1 STL),8:28 PM
51,1,2,57,0021401173,,,5:03,1,5,0,0,201149,Joakim Noah,CHI,Chicago,1610612741.0,Bulls,0,,,,,,0,,,,,,,,MISS Noah 18' Jump Shot,8:28 PM
52,0,4,58,0021401173,Haslem REBOUND (Off:0 Def:2),,5:02,1,4,0,0,2617,Udonis Haslem,MIA,Miami,1610612748.0,Heat,0,,,,,,0,,,,,,,,,8:28 PM
53,1,5,59,0021401173,Wade Bad Pass Turnover (P2.T2),,4:54,1,4,0,0,2548,Dwyane Wade,MIA,Miami,1610612748.0,Heat,0,,,,,,0,,,,,,,,,8:28 PM
54,0,8,60,0021401173,,,4:54,1,5,5,0,201565,Derrick Rose,CHI,Chicago,1610612741.0,Bulls,201166,Aaron Brooks,CHI,Chicago,1610612741.0,Bulls,0,,,,,,,,SUB: Brooks FOR Rose,8:28 PM
55,0,8,61,0021401173,,,4:54,1,5,5,0,201149,Joakim Noah,CHI,Chicago,1610612741.0,Bulls,201959,Taj Gibson,CHI,Chicago,1610612741.0,Bulls,0,,,,,,,,SUB: Gibson FOR Noah,8:28 PM
56,1,1,62,0021401173,,,4:34,1,5,0,0,201166,Aaron Brooks,CHI,Chicago,1610612741.0,Bulls,0,,,,,,0,,,,,,16 - 12,-4,Brooks 10' Jump Shot (2 PTS),8:29 PM
57,1,2,63,0021401173,MISS Deng 19' Jump Shot,,4:14,1,4,0,0,2736,Luol Deng,MIA,Miami,1610612748.0,Heat,0,,,,,,0,,,,,,,,,8:29 PM
58,0,4,64,0021401173,Whiteside REBOUND (Off:2 Def:0),,4:13,1,4,0,0,202355,Hassan Whiteside,MIA,Miami,1610612748.0,Heat,0,,,,,,0,,,,,,,,,8:29 PM
59,57,1,65,0021401173,Whiteside 5' Driving Hook Shot (8 PTS),,4:09,1,4,0,0,202355,Hassan Whiteside,MIA,Miami,1610612748.0,Heat,0,,,,,,0,,,,,,16 - 14,-2,,8:29 PM
60,1,2,66,0021401173,,,3:39,1,5,0,0,201959,Taj Gibson,CHI,Chicago,1610612741.0,Bulls,0,,,,,,0,,,,,,,,MISS Gibson 12' Jump Shot,8:30 PM
61,0,4,67,0021401173,Haslem REBOUND (Off:0 Def:3),,3:38,1,4,0,0,2617,Udonis Haslem,MIA,Miami,1610612748.0,Heat,0,,,,,,0,,,,,,,,,8:30 PM
62,1,2,68,0021401173,MISS Haslem 15' Jump Shot,,3:22,1,4,0,0,2617,Udonis Haslem,MIA,Miami,1610612748.0,Heat,0,,,,,,0,,,,,,,,,8:30 PM
63,0,4,69,0021401173,,,3:21,1,5,0,0,2399,Mike Dunleavy,CHI,Chicago,1610612741.0,Bulls,0,,,,,,0,,,,,,,,Dunleavy REBOUND (Off:0 Def:1),8:30 PM
64,78,1,70,0021401173,,,3:07,1,5,0,0,201166,Aaron Brooks,CHI,Chicago,1610612741.0,Bulls,0,,,,,,0,,,,,,18 - 14,-4,Brooks 8' Floating Jump Shot (4 PTS),8:30 PM
65,1,2,71,0021401173,MISS Wade 19' Jump Shot,,2:53,1,4,0,0,2548,Dwyane Wade,MIA,Miami,1610612748.0,Heat,0,,,,,,0,,,,,,,,,8:31 PM
66,0,4,72,0021401173,,,2:52,1,5,0,0,2200,Pau Gasol,CHI,Chicago,1610612741.0,Bulls,0,,,,,,0,,,,,,,,Gasol REBOUND (Off:3 Def:3),8:31 PM
67,1,2,73,0021401173,,,2:42,1,5,0,0,2200,Pau Gasol,CHI,Chicago,1610612741.0,Bulls,0,,,,,,0,,,,,,,,MISS Gasol 16' Jump Shot,8:31 PM
68,0,4,74,0021401173,Wade REBOUND (Off:0 Def:1),,2:41,1,4,0,0,2548,Dwyane Wade,MIA,Miami,1610612748.0,Heat,0,,,,,,0,,,,,,,,,8:31 PM
69,80,2,75,0021401173,MISS Wade 19' Step Back Jump Shot,,2:18,1,4,0,0,2548,Dwyane Wade,MIA,Miami,1610612748.0,Heat,0,,,,,,0,,,,,,,,,8:31 PM
70,0,4,76,0021401173,,,2:17,1,5,0,0,2200,Pau Gasol,CHI,Chicago,1610612741.0,Bulls,0,,,,,,0,,,,,,,,Gasol REBOUND (Off:3 Def:4),8:31 PM
71,42,2,77,0021401173,Deng BLOCK (1 BLK),,2:14,1,5,0,4,2399,Mike Dunleavy,CHI,Chicago,1610612741.0,Bulls,0,,,,,,2736,Luol Deng,MIA,Miami,1610612748.0,Heat,,,MISS Dunleavy 1' Driving Layup,8:31 PM
72,0,4,78,0021401173,Chalmers REBOUND (Off:0 Def:1),,2:13,1,4,0,0,201596,Mario Chalmers,MIA,Miami,1610612748.0,Heat,0,,,,,,0,,,,,,,,,8:31 PM
73,1,2,79,0021401173,MISS Wade 18' Jump Shot,,2:08,1,4,0,0,2548,Dwyane Wade,MIA,Miami,1610612748.0,Heat,0,,,,,,0,,,,,,,,,8:31 PM
74,0,4,80,0021401173,,,2:07,1,3,0,0,1610612741,,,,,,0,,,,,,0,,,,,,,,Bulls Rebound,8:31 PM
75,3,6,81,0021401173,Whiteside L.B.FOUL (P1.T1),,2:07,1,4,5,1,202355,Hassan Whiteside,MIA,Miami,1610612748.0,Heat,2200,Pau Gasol,CHI,Chicago,1610612741.0,Bulls,0,,,,,,,,,8:32 PM
76,1,9,82,0021401173,,,2:07,1,3,0,0,1610612741,,,,,,0,,,,,,0,,,,,,,,Bulls Timeout: Regular (Reg.1 Short 0),8:32 PM
77,0,8,85,0021401173,SUB: Andersen FOR Deng,,2:07,1,4,4,0,2736,Luol Deng,MIA,Miami,1610612748.0,Heat,2365,Chris Andersen,MIA,Miami,1610612748.0,Heat,0,,,,,,,,,8:34 PM
78,0,8,86,0021401173,SUB: Ennis FOR Whiteside,,2:07,1,4,4,0,202355,Hassan Whiteside,MIA,Miami,1610612748.0,Heat,203516,James Ennis,MIA,Miami,1610612748.0,Heat,0,,,,,,,,,8:34 PM
79,0,8,87,0021401173,SUB: Dragic FOR Wade,,2:07,1,4,4,0,2548,Dwyane Wade,MIA,Miami,1610612748.0,Heat,201609,Goran Dragic,MIA,Miami,1610612748.0,Heat,0,,,,,,,,,8:34 PM
80,1,2,88,0021401173,,,1:58,1,5,0,0,2399,Mike Dunleavy,CHI,Chicago,1610612741.0,Bulls,0,,,,,,0,,,,,,,,MISS Dunleavy 21' Jump Shot,8:35 PM
81,0,4,89,0021401173,Andersen REBOUND (Off:0 Def:1),,1:57,1,4,0,0,2365,Chris Andersen,MIA,Miami,1610612748.0,Heat,0,,,,,,0,,,,,,,,,8:35 PM
82,1,1,90,0021401173,Andersen 13' Jump Shot (2 PTS) (Dragic 1 AST),,1:43,1,4,4,0,2365,Chris Andersen,MIA,Miami,1610612748.0,Heat,201609,Goran Dragic,MIA,Miami,1610612748.0,Heat,0,,,,,,18 - 16,-2,,8:35 PM
83,1,2,91,0021401173,,,1:16,1,5,0,0,2200,Pau Gasol,CHI,Chicago,1610612741.0,Bulls,0,,,,,,0,,,,,,,,MISS Gasol 20' Jump Shot,8:35 PM
84,0,4,92,0021401173,Chalmers REBOUND (Off:0 Def:2),,1:15,1,4,0,0,201596,Mario Chalmers,MIA,Miami,1610612748.0,Heat,0,,,,,,0,,,,,,,,,8:35 PM
85,42,1,93,0021401173,Dragic 2' Driving Layup (2 PTS),,1:06,1,4,0,0,201609,Goran Dragic,MIA,Miami,1610612748.0,Heat,0,,,,,,0,,,,,,18 - 18,TIE,,8:36 PM
86,47,1,94,0021401173,,,0:51,1,5,0,0,2200,Pau Gasol,CHI,Chicago,1610612741.0,Bulls,0,,,,,,0,,,,,,20 - 18,-2,Gasol 13' Turnaround Jump Shot (10 PTS),8:36 PM
87,78,2,95,0021401173,MISS Chalmers 6' Floating Jump Shot,,0:38,1,4,0,0,201596,Mario Chalmers,MIA,Miami,1610612748.0,Heat,0,,,,,,0,,,,,,,,,8:36 PM
88,0,4,96,0021401173,,,0:37,1,5,0,0,201959,Taj Gibson,CHI,Chicago,1610612741.0,Bulls,0,,,,,,0,,,,,,,,Gibson REBOUND (Off:0 Def:1),8:36 PM
89,78,2,97,0021401173,,,0:29,1,5,0,0,203503,Tony Snell,CHI,Chicago,1610612741.0,Bulls,0,,,,,,0,,,,,,,,MISS Snell 10' Floating Jump Shot,8:36 PM
90,0,4,98,0021401173,,,0:28,1,5,0,0,203503,Tony Snell,CHI,Chicago,1610612741.0,Bulls,0,,,,,,0,,,,,,,,Snell REBOUND (Off:1 Def:2),8:36 PM
91,1,6,99,0021401173,Haslem P.FOUL (P1.T2),,0:28,1,4,5,1,2617,Udonis Haslem,MIA,Miami,1610612748.0,Heat,203503,Tony Snell,CHI,Chicago,1610612741.0,Bulls,0,,,,,,,,,8:36 PM
92,0,8,100,0021401173,,,0:28,1,5,5,0,2399,Mike Dunleavy,CHI,Chicago,1610612741.0,Bulls,2550,Kirk Hinrich,CHI,Chicago,1610612741.0,Bulls,0,,,,,,,,SUB: Hinrich FOR Dunleavy,8:37 PM
93,0,8,101,0021401173,,,0:28,1,5,5,0,203503,Tony Snell,CHI,Chicago,1610612741.0,Bulls,202703,Nikola Mirotic,CHI,Chicago,1610612741.0,Bulls,0,,,,,,,,SUB: Mirotic FOR Snell,8:37 PM
94,63,2,102,0021401173,,,0:11,1,5,0,0,2200,Pau Gasol,CHI,Chicago,1610612741.0,Bulls,0,,,,,,0,,,,,,,,MISS Gasol 12' Fadeaway Jumper,8:37 PM
95,0,4,103,0021401173,Andersen REBOUND (Off:0 Def:2),,0:10,1,4,0,0,2365,Chris Andersen,MIA,Miami,1610612748.0,Heat,0,,,,,,0,,,,,,,,,8:37 PM
96,1,6,104,0021401173,,,0:05,1,5,4,1,2550,Kirk Hinrich,CHI,Chicago,1610612741.0,Bulls,201609,Goran Dragic,MIA,Miami,1610612748.0,Heat,0,,,,,,,,Hinrich P.FOUL (P1.T1),8:37 PM
97,1,2,105,0021401173,MISS Chalmers 25' 3PT Jump Shot,,0:01,1,4,0,0,201596,Mario Chalmers,MIA,Miami,1610612748.0,Heat,0,,,,,,0,,,,,,,,,8:38 PM
98,0,4,106,0021401173,HEAT Rebound,,0:00,1,2,0,0,1610612748,,,,,,0,,,,,,0,,,,,,,,,8:38 PM
99,0,13,107,0021401173,,,0:00,1,0,0,0,0,,,,,,0,,,,,,0,,,,,,20 - 18,-2,,8:38 PM
100,0,12,109,0021401173,,,12:00,2,0,0,0,0,,,,,,0,,,,,,0,,,,,,20 - 18,-2,,8:41 PM
101,1,2,110,0021401173,MISS Dragic 14' Jump Shot,,11:45,2,4,0,0,201609,Goran Dragic,MIA,Miami,1610612748.0,Heat,0,,,,,,0,,,,,,,,,8:42 PM
102,0,4,111,0021401173,Dragic REBOUND (Off:1 Def:0),,11:44,2,4,0,0,201609,Goran Dragic,MIA,Miami,1610612748.0,Heat,0,,,,,,0,,,,,,,,,8:42 PM
103,1,1,112,0021401173,Chalmers 16' Jump Shot (2 PTS),,11:35,2,4,0,0,201596,Mario Chalmers,MIA,Miami,1610612748.0,Heat,0,,,,,,0,,,,,,20 - 20,TIE,,8:42 PM
104,1,2,113,0021401173,,,11:11,2,5,0,0,202703,Nikola Mirotic,CHI,Chicago,1610612741.0,Bulls,0,,,,,,0,,,,,,,,MISS Mirotic 24' 3PT Jump Shot,8:42 PM
105,0,4,114,0021401173,Chalmers REBOUND (Off:0 Def:3),,11:10,2,4,0,0,201596,Mario Chalmers,MIA,Miami,1610612748.0,Heat,0,,,,,,0,,,,,,,,,8:42 PM
106,7,1,115,0021401173,Ennis  Dunk (2 PTS) (Chalmers 1 AST),,11:06,2,4,4,0,203516,James Ennis,MIA,Miami,1610612748.0,Heat,201596,Mario Chalmers,MIA,Miami,1610612748.0,Heat,0,,,,,,20 - 22,2,,8:42 PM
107,3,1,116,0021401173,,,10:37,2,5,0,0,201959,Taj Gibson,CHI,Chicago,1610612741.0,Bulls,0,,,,,,0,,,,,,22 - 22,TIE,Gibson 4' Hook Shot (2 PTS),8:43 PM
108,1,5,117,0021401173,Dragic Bad Pass Turnover (P1.T3),,10:20,2,4,5,0,201609,Goran Dragic,MIA,Miami,1610612748.0,Heat,202703,Nikola Mirotic,CHI,Chicago,1610612741.0,Bulls,0,,,,,,,,Mirotic STEAL (1 STL),8:43 PM
109,2,6,118,0021401173,Ennis S.FOUL (P1.T1),,10:17,2,4,5,1,203516,James Ennis,MIA,Miami,1610612748.0,Heat,202703,Nikola Mirotic,CHI,Chicago,1610612741.0,Bulls,0,,,,,,,,,8:43 PM
110,11,3,119,0021401173,,,10:17,2,5,0,0,202703,Nikola Mirotic,CHI,Chicago,1610612741.0,Bulls,0,,,,,,0,,,,,,23 - 22,-1,Mirotic Free Throw 1 of 2 (1 PTS),8:43 PM
111,0,8,121,0021401173,,,10:17,2,5,5,0,201166,Aaron Brooks,CHI,Chicago,1610612741.0,Bulls,201565,Derrick Rose,CHI,Chicago,1610612741.0,Bulls,0,,,,,,,,SUB: Rose FOR Brooks,8:44 PM
112,12,3,122,0021401173,,,10:17,2,5,0,0,202703,Nikola Mirotic,CHI,Chicago,1610612741.0,Bulls,0,,,,,,0,,,,,,24 - 22,-2,Mirotic Free Throw 2 of 2 (2 PTS),8:44 PM
113,1,5,124,0021401173,Ennis Bad Pass Turnover (P1.T4),,10:05,2,4,5,0,203516,James Ennis,MIA,Miami,1610612748.0,Heat,202703,Nikola Mirotic,CHI,Chicago,1610612741.0,Bulls,0,,,,,,,,Mirotic STEAL (2 STL),8:44 PM
114,2,6,125,0021401173,Chalmers S.FOUL (P1.T2),,10:01,2,4,5,1,201596,Mario Chalmers,MIA,Miami,1610612748.0,Heat,201565,Derrick Rose,CHI,Chicago,1610612741.0,Bulls,0,,,,,,,,,8:45 PM
115,11,3,126,0021401173,,,10:01,2,5,0,0,201565,Derrick Rose,CHI,Chicago,1610612741.0,Bulls,0,,,,,,0,,,,,,25 - 22,-3,Rose Free Throw 1 of 2 (7 PTS),8:45 PM
116,12,3,128,0021401173,,,10:01,2,5,0,0,201565,Derrick Rose,CHI,Chicago,1610612741.0,Bulls,0,,,,,,0,,,,,,26 - 22,-4,Rose Free Throw 2 of 2 (8 PTS),8:45 PM
117,1,2,130,0021401173,MISS Andersen 24' 3PT Jump Shot,,9:43,2,4,0,0,2365,Chris Andersen,MIA,Miami,1610612748.0,Heat,0,,,,,,0,,,,,,,,,8:45 PM
118,0,4,131,0021401173,,,9:42,2,5,0,0,201959,Taj Gibson,CHI,Chicago,1610612741.0,Bulls,0,,,,,,0,,,,,,,,Gibson REBOUND (Off:0 Def:2),8:45 PM
119,1,2,132,0021401173,,,9:36,2,5,0,0,201565,Derrick Rose,CHI,Chicago,1610612741.0,Bulls,0,,,,,,0,,,,,,,,MISS Rose 21' Jump Shot,8:45 PM
120,0,4,133,0021401173,Beasley REBOUND (Off:0 Def:1),,9:35,2,4,0,0,201563,Michael Beasley,MIA,Miami,1610612748.0,Heat,0,,,,,,0,,,,,,,,,8:46 PM
121,26,6,134,0021401173,Dragic Offensive Charge Foul (P1.T3),,9:32,2,4,5,1,201609,Goran Dragic,MIA,Miami,1610612748.0,Heat,201565,Derrick Rose,CHI,Chicago,1610612741.0,Bulls,0,,,,,,,,,8:46 PM
122,5,5,135,0021401173,Dragic Foul Turnover (P2.T5),,9:32,2,4,0,1,201609,Goran Dragic,MIA,Miami,1610612748.0,Heat,0,,,,,,0,,,,,,,,,8:46 PM
123,5,2,136,0021401173,Andersen BLOCK (1 BLK),,9:20,2,5,0,4,201149,Joakim Noah,CHI,Chicago,1610612741.0,Bulls,0,,,,,,2365,Chris Andersen,MIA,Miami,1610612748.0,Heat,,,MISS Noah 2' Layup,8:46 PM
124,0,4,137,0021401173,Chalmers REBOUND (Off:0 Def:4),,9:19,2,4,0,0,201596,Mario Chalmers,MIA,Miami,1610612748.0,Heat,0,,,,,,0,,,,,,,,,8:46 PM
125,5,1,138,0021401173,Dragic 1' Layup (4 PTS),,9:13,2,4,0,0,201609,Goran Dragic,MIA,Miami,1610612748.0,Heat,0,,,,,,0,,,,,,26 - 24,-2,,8:46 PM
126,1,5,139,0021401173,,,8:58,2,5,0,0,2550,Kirk Hinrich,CHI,Chicago,1610612741.0,Bulls,0,,,,,,0,,,,,,,,Hinrich Bad Pass Turnover (P1.T2),8:46 PM
127,4,9,140,0021401173,,,8:58,2,1,0,0,0,,,,,,0,,,,,,0,,,,,,,,,8:47 PM
128,1,5,144,0021401173,Ennis Bad Pass Turnover (P2.T6),,8:44,2,4,5,0,203516,James Ennis,MIA,Miami,1610612748.0,Heat,2550,Kirk Hinrich,CHI,Chicago,1610612741.0,Bulls,0,,,,,,,,Hinrich STEAL (1 STL),8:50 PM
129,7,2,145,0021401173,,,8:31,2,5,0,0,201959,Taj Gibson,CHI,Chicago,1610612741.0,Bulls,0,,,,,,0,,,,,,,,MISS Gibson  Dunk,8:50 PM
130,0,4,146,0021401173,,,8:28,2,5,0,0,201565,Derrick Rose,CHI,Chicago,1610612741.0,Bulls,0,,,,,,0,,,,,,,,Rose REBOUND (Off:1 Def:0),8:50 PM
131,1,5,147,0021401173,,,8:28,2,5,0,0,2550,Kirk Hinrich,CHI,Chicago,1610612741.0,Bulls,0,,,,,,0,,,,,,,,Hinrich Bad Pass Turnover (P2.T3),8:50 PM
132,5,1,148,0021401173,Ennis 1' Layup (4 PTS) (Beasley 1 AST),,8:11,2,4,4,0,203516,James Ennis,MIA,Miami,1610612748.0,Heat,201563,Michael Beasley,MIA,Miami,1610612748.0,Heat,0,,,,,,26 - 26,TIE,,8:51 PM
133,2,6,149,0021401173,,,8:11,2,5,4,1,201959,Taj Gibson,CHI,Chicago,1610612741.0,Bulls,203516,James Ennis,MIA,Miami,1610612748.0,Heat,0,,,,,,,,Gibson S.FOUL (P1.T1),8:51 PM
134,0,8,150,0021401173,SUB: Whiteside FOR Andersen,,8:11,2,4,4,0,2365,Chris Andersen,MIA,Miami,1610612748.0,Heat,202355,Hassan Whiteside,MIA,Miami,1610612748.0,Heat,0,,,,,,,,,8:51 PM
135,10,3,151,0021401173,Ennis Free Throw 1 of 1 (5 PTS),,8:11,2,4,0,0,203516,James Ennis,MIA,Miami,1610612748.0,Heat,0,,,,,,0,,,,,,26 - 27,1,,8:51 PM
136,2,6,154,0021401173,Beasley S.FOUL (P1.T4),,8:00,2,4,5,1,201563,Michael Beasley,MIA,Miami,1610612748.0,Heat,201149,Joakim Noah,CHI,Chicago,1610612741.0,Bulls,0,,,,,,,,,8:52 PM
137,11,3,155,0021401173,,,8:00,2,5,0,0,201149,Joakim Noah,CHI,Chicago,1610612741.0,Bulls,0,,,,,,0,,,,,,,,MISS Noah Free Throw 1 of 2,8:52 PM
138,1,4,156,0021401173,,,8:00,2,3,0,0,1610612741,,,,,,0,,,,,,0,,,,,,,,Bulls Rebound,8:52 PM
139,12,3,157,0021401173,,,8:00,2,5,0,0,201149,Joakim Noah,CHI,Chicago,1610612741.0,Bulls,0,,,,,,0,,,,,,27 - 27,TIE,Noah Free Throw 2 of 2 (1 PTS),8:52 PM
140,1,1,159,0021401173,Dragic 19' Jump Shot (6 PTS) (Ennis 1 AST),,7:44,2,4,4,0,201609,Goran Dragic,MIA,Miami,1610612748.0,Heat,203516,James Ennis,MIA,Miami,1610612748.0,Heat,0,,,,,,27 - 29,2,,8:53 PM
141,1,2,160,0021401173,,,7:32,2,5,0,0,201565,Derrick Rose,CHI,Chicago,1610612741.0,Bulls,0,,,,,,0,,,,,,,,MISS Rose 25' 3PT Jump Shot,8:53 PM
142,0,4,161,0021401173,Ennis REBOUND (Off:0 Def:1),,7:31,2,4,0,0,203516,James Ennis,MIA,Miami,1610612748.0,Heat,0,,,,,,0,,,,,,,,,8:53 PM
143,77,2,162,0021401173,MISS Dragic 5' Driving Jump Shot,,7:25,2,4,0,0,201609,Goran Dragic,MIA,Miami,1610612748.0,Heat,0,,,,,,0,,,,,,,,,8:53 PM
144,0,4,163,0021401173,,,7:24,2,5,0,0,201959,Taj Gibson,CHI,Chicago,1610612741.0,Bulls,0,,,,,,0,,,,,,,,Gibson REBOUND (Off:0 Def:3),8:53 PM
145,1,2,164,0021401173,Dragic BLOCK (1 BLK),,7:13,2,5,0,4,2550,Kirk Hinrich,CHI,Chicago,1610612741.0,Bulls,0,,,,,,201609,Goran Dragic,MIA,Miami,1610612748.0,Heat,,,MISS Hinrich 18' Jump Shot,8:53 PM
146,0,4,165,0021401173,,,7:12,2,5,0,0,202703,Nikola Mirotic,CHI,Chicago,1610612741.0,Bulls,0,,,,,,0,,,,,,,,Mirotic REBOUND (Off:1 Def:0),8:53 PM
147,1,2,166,0021401173,,,7:05,2,5,0,0,201565,Derrick Rose,CHI,Chicago,1610612741.0,Bulls,0,,,,,,0,,,,,,,,MISS Rose 16' Jump Shot,8:53 PM
148,0,4,167,0021401173,Whiteside REBOUND (Off:2 Def:1),,7:04,2,4,0,0,202355,Hassan Whiteside,MIA,Miami,1610612748.0,Heat,0,,,,,,0,,,,,,,,,8:53 PM
149,1,1,168,0021401173,Beasley  3PT Jump Shot (3 PTS) (Chalmers 2 AST),,6:50,2,4,4,0,201563,Michael Beasley,MIA,Miami,1610612748.0,Heat,201596,Mario Chalmers,MIA,Miami,1610612748.0,Heat,0,,,,,,27 - 32,5,,8:53 PM
150,1,2,169,0021401173,Whiteside BLOCK (1 BLK),,6:31,2,5,0,4,201565,Derrick Rose,CHI,Chicago,1610612741.0,Bulls,0,,,,,,202355,Hassan Whiteside,MIA,Miami,1610612748.0,Heat,,,MISS Rose 7' Jump Shot,8:54 PM
151,0,4,170,0021401173,,,6:30,2,5,0,0,202703,Nikola Mirotic,CHI,Chicago,1610612741.0,Bulls,0,,,,,,0,,,,,,,,Mirotic REBOUND (Off:2 Def:0),8:54 PM
152,2,6,171,0021401173,Beasley S.FOUL (P2.PN),,6:30,2,4,5,1,201563,Michael Beasley,MIA,Miami,1610612748.0,Heat,202703,Nikola Mirotic,CHI,Chicago,1610612741.0,Bulls,0,,,,,,,,,8:54 PM
153,11,3,172,0021401173,,,6:30,2,5,0,0,202703,Nikola Mirotic,CHI,Chicago,1610612741.0,Bulls,0,,,,,,0,,,,,,28 - 32,4,Mirotic Free Throw 1 of 2 (3 PTS),8:54 PM
154,0,8,174,0021401173,SUB: Wade FOR Dragic,,6:30,2,4,4,0,201609,Goran Dragic,MIA,Miami,1610612748.0,Heat,2548,Dwyane Wade,MIA,Miami,1610612748.0,Heat,0,,,,,,,,,8:54 PM
155,12,3,175,0021401173,,,6:30,2,5,0,0,202703,Nikola Mirotic,CHI,Chicago,1610612741.0,Bulls,0,,,,,,0,,,,,,,,MISS Mirotic Free Throw 2 of 2,8:54 PM
156,0,4,177,0021401173,,,6:29,2,5,0,0,202703,Nikola Mirotic,CHI,Chicago,1610612741.0,Bulls,0,,,,,,0,,,,,,,,Mirotic REBOUND (Off:3 Def:0),8:55 PM
157,5,2,178,0021401173,,,6:21,2,5,0,0,201959,Taj Gibson,CHI,Chicago,1610612741.0,Bulls,0,,,,,,0,,,,,,,,MISS Gibson 3' Layup,8:55 PM
158,0,4,179,0021401173,Ennis REBOUND (Off:0 Def:2),,6:20,2,4,0,0,203516,James Ennis,MIA,Miami,1610612748.0,Heat,0,,,,,,0,,,,,,,,,8:55 PM
159,1,1,180,0021401173,Wade 12' Jump Shot (4 PTS),,5:57,2,4,0,0,2548,Dwyane Wade,MIA,Miami,1610612748.0,Heat,0,,,,,,0,,,,,,28 - 34,6,,8:55 PM
160,40,5,181,0021401173,,,5:51,2,5,0,0,201565,Derrick Rose,CHI,Chicago,1610612741.0,Bulls,0,,,,,,0,,,,,,,,Rose Out of Bounds Lost Ball Turnover (P1.T4),8:55 PM
161,1,9,182,0021401173,HEAT Timeout: Regular (Full 2 Short 0),,5:51,2,2,0,0,1610612748,,,,,,0,,,,,,0,,,,,,,,,8:55 PM
162,0,8,184,0021401173,,,5:51,2,5,5,0,2550,Kirk Hinrich,CHI,Chicago,1610612741.0,Bulls,203503,Tony Snell,CHI,Chicago,1610612741.0,Bulls,0,,,,,,,,SUB: Snell FOR Hinrich,8:58 PM
163,0,8,185,0021401173,SUB: Deng FOR Ennis,,5:51,2,4,4,0,203516,James Ennis,MIA,Miami,1610612748.0,Heat,2736,Luol Deng,MIA,Miami,1610612748.0,Heat,0,,,,,,,,,8:58 PM
164,1,1,186,0021401173,Beasley 15' Jump Shot (5 PTS) (Wade 1 AST),,5:37,2,4,4,0,201563,Michael Beasley,MIA,Miami,1610612748.0,Heat,2548,Dwyane Wade,MIA,Miami,1610612748.0,Heat,0,,,,,,28 - 36,8,,8:59 PM
165,1,2,187,0021401173,,,5:18,2,5,0,0,202703,Nikola Mirotic,CHI,Chicago,1610612741.0,Bulls,0,,,,,,0,,,,,,,,MISS Mirotic 24' 3PT Jump Shot,8:59 PM
166,0,4,188,0021401173,,,5:17,2,3,0,0,1610612741,,,,,,0,,,,,,0,,,,,,,,Bulls Rebound,8:59 PM
167,1,2,189,0021401173,,,5:08,2,5,0,0,203503,Tony Snell,CHI,Chicago,1610612741.0,Bulls,0,,,,,,0,,,,,,,,MISS Snell 24' 3PT Jump Shot,9:00 PM
168,0,4,190,0021401173,,,5:07,2,3,0,0,1610612741,,,,,,0,,,,,,0,,,,,,,,Bulls Rebound,9:00 PM
169,3,6,191,0021401173,Chalmers L.B.FOUL (P2.PN),,5:07,2,4,5,1,201596,Mario Chalmers,MIA,Miami,1610612748.0,Heat,201149,Joakim Noah,CHI,Chicago,1610612741.0,Bulls,0,,,,,,,,,9:00 PM
170,11,3,192,0021401173,,,5:07,2,5,0,0,201149,Joakim Noah,CHI,Chicago,1610612741.0,Bulls,0,,,,,,0,,,,,,,,MISS Noah Free Throw 1 of 2,9:00 PM
171,1,4,193,0021401173,,,5:07,2,3,0,0,1610612741,,,,,,0,,,,,,0,,,,,,,,Bulls Rebound,9:00 PM
172,12,3,194,0021401173,,,5:07,2,5,0,0,201149,Joakim Noah,CHI,Chicago,1610612741.0,Bulls,0,,,,,,0,,,,,,,,MISS Noah Free Throw 2 of 2,9:00 PM
173,0,4,196,0021401173,,,5:05,2,5,0,0,201959,Taj Gibson,CHI,Chicago,1610612741.0,Bulls,0,,,,,,0,,,,,,,,Gibson REBOUND (Off:1 Def:3),9:00 PM
174,4,6,197,0021401173,,,5:00,2,5,4,1,201149,Joakim Noah,CHI,Chicago,1610612741.0,Bulls,201596,Mario Chalmers,MIA,Miami,1610612748.0,Heat,0,,,,,,,,Noah OFF.Foul (P1),9:01 PM
175,5,5,198,0021401173,,,5:00,2,5,0,1,201149,Joakim Noah,CHI,Chicago,1610612741.0,Bulls,0,,,,,,0,,,,,,,,Noah Foul Turnover (P2.T5),9:01 PM
176,0,8,199,0021401173,,,5:00,2,5,5,0,201149,Joakim Noah,CHI,Chicago,1610612741.0,Bulls,2200,Pau Gasol,CHI,Chicago,1610612741.0,Bulls,0,,,,,,,,SUB: Gasol FOR Noah,9:01 PM
177,1,1,200,0021401173,Beasley 24' 3PT Jump Shot (8 PTS) (Deng 2 AST),,4:50,2,4,4,0,201563,Michael Beasley,MIA,Miami,1610612748.0,Heat,2736,Luol Deng,MIA,Miami,1610612748.0,Heat,0,,,,,,28 - 39,11,,9:01 PM
178,66,1,201,0021401173,,,4:34,2,5,5,0,201959,Taj Gibson,CHI,Chicago,1610612741.0,Bulls,202703,Nikola Mirotic,CHI,Chicago,1610612741.0,Bulls,0,,,,,,30 - 39,9,Gibson 15' Jump Bank Shot (4 PTS) (Mirotic 1 AST),9:01 PM
179,58,2,202,0021401173,MISS Wade 9' Turnaround Hook Shot,,4:19,2,4,0,0,2548,Dwyane Wade,MIA,Miami,1610612748.0,Heat,0,,,,,,0,,,,,,,,,9:02 PM
180,0,4,203,0021401173,,,4:18,2,5,0,0,201565,Derrick Rose,CHI,Chicago,1610612741.0,Bulls,0,,,,,,0,,,,,,,,Rose REBOUND (Off:1 Def:1),9:02 PM
181,71,2,204,0021401173,,,4:15,2,5,0,0,201565,Derrick Rose,CHI,Chicago,1610612741.0,Bulls,0,,,,,,0,,,,,,,,MISS Rose 1' Finger Roll Layup,9:02 PM
182,0,4,206,0021401173,,,4:14,2,5,0,0,201959,Taj Gibson,CHI,Chicago,1610612741.0,Bulls,0,,,,,,0,,,,,,,,Gibson REBOUND (Off:2 Def:3),9:02 PM
183,4,2,205,0021401173,,,4:13,2,5,0,0,201959,Taj Gibson,CHI,Chicago,1610612741.0,Bulls,0,,,,,,0,,,,,,,,MISS Gibson 1' Tip Shot,9:02 PM
184,0,4,207,0021401173,,,4:12,2,5,0,0,201959,Taj Gibson,CHI,Chicago,1610612741.0,Bulls,0,,,,,,0,,,,,,,,Gibson REBOUND (Off:3 Def:3),9:02 PM
185,1,2,208,0021401173,,,4:09,2,5,0,0,202703,Nikola Mirotic,CHI,Chicago,1610612741.0,Bulls,0,,,,,,0,,,,,,,,MISS Mirotic 24' 3PT Jump Shot,9:02 PM
186,0,4,209,0021401173,Deng REBOUND (Off:1 Def:3),,4:08,2,4,0,0,2736,Luol Deng,MIA,Miami,1610612748.0,Heat,0,,,,,,0,,,,,,,,,9:02 PM
187,42,2,213,0021401173,MISS Wade 2' Driving Layup,,4:01,2,4,0,5,2548,Dwyane Wade,MIA,Miami,1610612748.0,Heat,0,,,,,,201959,Taj Gibson,CHI,Chicago,1610612741.0,Bulls,,,Gibson BLOCK (1 BLK),9:02 PM
188,0,4,214,0021401173,Whiteside REBOUND (Off:3 Def:1),,4:00,2,4,0,0,202355,Hassan Whiteside,MIA,Miami,1610612748.0,Heat,0,,,,,,0,,,,,,,,,9:02 PM
189,1,1,210,0021401173,Beasley  3PT Jump Shot (11 PTS) (Deng 3 AST),,3:52,2,4,4,0,201563,Michael Beasley,MIA,Miami,1610612748.0,Heat,2736,Luol Deng,MIA,Miami,1610612748.0,Heat,0,,,,,,30 - 42,12,,9:02 PM
190,1,9,211,0021401173,,,3:44,2,3,0,0,1610612741,,,,,,0,,,,,,0,,,,,,,,Bulls Timeout: Regular (Reg.2 Short 0),9:02 PM
191,0,8,215,0021401173,,,3:44,2,5,5,0,201565,Derrick Rose,CHI,Chicago,1610612741.0,Bulls,201166,Aaron Brooks,CHI,Chicago,1610612741.0,Bulls,0,,,,,,,,SUB: Brooks FOR Rose,9:05 PM
192,0,8,216,0021401173,,,3:44,2,5,5,0,202703,Nikola Mirotic,CHI,Chicago,1610612741.0,Bulls,2399,Mike Dunleavy,CHI,Chicago,1610612741.0,Bulls,0,,,,,,,,SUB: Dunleavy FOR Mirotic,9:05 PM
193,47,2,219,0021401173,,,3:30,2,5,0,0,2200,Pau Gasol,CHI,Chicago,1610612741.0,Bulls,0,,,,,,0,,,,,,,,MISS Gasol 14' Turnaround Jump Shot,9:06 PM
194,0,4,220,0021401173,Whiteside REBOUND (Off:3 Def:2),,3:29,2,4,0,0,202355,Hassan Whiteside,MIA,Miami,1610612748.0,Heat,0,,,,,,0,,,,,,,,,9:06 PM
195,1,1,221,0021401173,Beasley 14' Jump Shot (13 PTS),,3:16,2,4,0,0,201563,Michael Beasley,MIA,Miami,1610612748.0,Heat,0,,,,,,0,,,,,,30 - 44,14,,9:06 PM
196,42,2,222,0021401173,,,3:00,2,5,0,0,201166,Aaron Brooks,CHI,Chicago,1610612741.0,Bulls,0,,,,,,0,,,,,,,,MISS Brooks 1' Driving Layup,9:07 PM
197,0,4,223,0021401173,,,2:58,2,3,0,0,1610612741,,,,,,0,,,,,,0,,,,,,,,Bulls Rebound,9:07 PM
198,1,2,224,0021401173,,,2:53,2,5,0,0,201166,Aaron Brooks,CHI,Chicago,1610612741.0,Bulls,0,,,,,,0,,,,,,,,MISS Brooks 26' 3PT Jump Shot,9:07 PM
199,0,4,225,0021401173,Beasley REBOUND (Off:0 Def:2),,2:52,2,4,0,0,201563,Michael Beasley,MIA,Miami,1610612748.0,Heat,0,,,,,,0,,,,,,,,,9:07 PM
200,1,2,226,0021401173,MISS Whiteside 4' Jump Shot,,2:34,2,4,0,0,202355,Hassan Whiteside,MIA,Miami,1610612748.0,Heat,0,,,,,,0,,,,,,,,,9:07 PM
201,0,4,227,0021401173,,,2:33,2,5,0,0,2200,Pau Gasol,CHI,Chicago,1610612741.0,Bulls,0,,,,,,0,,,,,,,,Gasol REBOUND (Off:3 Def:5),9:07 PM
202,44,2,228,0021401173,Beasley BLOCK (1 BLK),,2:23,2,5,0,4,201959,Taj Gibson,CHI,Chicago,1610612741.0,Bulls,0,,,,,,201563,Michael Beasley,MIA,Miami,1610612748.0,Heat,,,MISS Gibson 2' Reverse Layup,9:07 PM
203,0,4,229,0021401173,Wade REBOUND (Off:0 Def:2),,2:22,2,4,0,0,2548,Dwyane Wade,MIA,Miami,1610612748.0,Heat,0,,,,,,0,,,,,,,,,9:07 PM
204,49,1,230,0021401173,Deng  Driving Dunk (4 PTS),,2:16,2,4,0,0,2736,Luol Deng,MIA,Miami,1610612748.0,Heat,0,,,,,,0,,,,,,30 - 46,16,,9:08 PM
205,1,2,231,0021401173,,,1:58,2,5,0,0,203503,Tony Snell,CHI,Chicago,1610612741.0,Bulls,0,,,,,,0,,,,,,,,MISS Snell 25' 3PT Jump Shot,9:08 PM
206,0,4,232,0021401173,Whiteside REBOUND (Off:3 Def:3),,1:57,2,4,0,0,202355,Hassan Whiteside,MIA,Miami,1610612748.0,Heat,0,,,,,,0,,,,,,,,,9:08 PM
207,1,2,233,0021401173,MISS Chalmers 24' 3PT Jump Shot,,1:47,2,4,0,0,201596,Mario Chalmers,MIA,Miami,1610612748.0,Heat,0,,,,,,0,,,,,,,,,9:08 PM
208,0,4,234,0021401173,Whiteside REBOUND (Off:4 Def:3),,1:46,2,4,0,0,202355,Hassan Whiteside,MIA,Miami,1610612748.0,Heat,0,,,,,,0,,,,,,,,,9:08 PM
209,3,1,235,0021401173,Whiteside 6' Hook Shot (10 PTS),,1:43,2,4,0,0,202355,Hassan Whiteside,MIA,Miami,1610612748.0,Heat,0,,,,,,0,,,,,,30 - 48,18,,9:08 PM
210,42,2,236,0021401173,,,1:22,2,5,0,0,2200,Pau Gasol,CHI,Chicago,1610612741.0,Bulls,0,,,,,,0,,,,,,,,MISS Gasol 2' Driving Layup,9:08 PM
211,0,4,238,0021401173,,,1:21,2,5,0,0,201959,Taj Gibson,CHI,Chicago,1610612741.0,Bulls,0,,,,,,0,,,,,,,,Gibson REBOUND (Off:4 Def:3),9:08 PM
212,4,1,237,0021401173,,,1:20,2,5,0,0,201959,Taj Gibson,CHI,Chicago,1610612741.0,Bulls,0,,,,,,0,,,,,,32 - 48,16,Gibson 1' Tip Shot (6 PTS),9:08 PM
213,80,2,239,0021401173,MISS Beasley 12' Step Back Jump Shot,,0:59,2,4,0,0,201563,Michael Beasley,MIA,Miami,1610612748.0,Heat,0,,,,,,0,,,,,,,,,9:09 PM
214,0,4,240,0021401173,,,0:58,2,5,0,0,2200,Pau Gasol,CHI,Chicago,1610612741.0,Bulls,0,,,,,,0,,,,,,,,Gasol REBOUND (Off:3 Def:6),9:09 PM
215,5,2,241,0021401173,,,0:48,2,5,0,0,2399,Mike Dunleavy,CHI,Chicago,1610612741.0,Bulls,0,,,,,,0,,,,,,,,MISS Dunleavy 1' Layup,9:09 PM
216,0,4,242,0021401173,HEAT Rebound,,0:47,2,2,0,0,1610612748,,,,,,0,,,,,,0,,,,,,,,,9:09 PM
217,0,8,243,0021401173,,,0:47,2,5,5,0,201959,Taj Gibson,CHI,Chicago,1610612741.0,Bulls,202703,Nikola Mirotic,CHI,Chicago,1610612741.0,Bulls,0,,,,,,,,SUB: Mirotic FOR Gibson,9:09 PM
218,0,8,244,0021401173,SUB: Andersen FOR Whiteside,,0:47,2,4,4,0,202355,Hassan Whiteside,MIA,Miami,1610612748.0,Heat,2365,Chris Andersen,MIA,Miami,1610612748.0,Heat,0,,,,,,,,,9:09 PM
219,1,6,245,0021401173,,,0:37,2,5,4,1,203503,Tony Snell,CHI,Chicago,1610612741.0,Bulls,2548,Dwyane Wade,MIA,Miami,1610612748.0,Heat,0,,,,,,,,Snell P.FOUL (P1.T2),9:10 PM
220,0,8,246,0021401173,SUB: Haslem FOR Beasley,,0:37,2,4,4,0,201563,Michael Beasley,MIA,Miami,1610612748.0,Heat,2617,Udonis Haslem,MIA,Miami,1610612748.0,Heat,0,,,,,,,,,9:10 PM
221,2,9,249,0021401173,HEAT Timeout: Short (Full 2 Short 1),,0:30,2,2,0,0,1610612748,,,,,,0,,,,,,0,,,,,,,,,9:10 PM
222,1,1,253,0021401173,Wade 25' 3PT Jump Shot (7 PTS) (Haslem 1 AST),,0:26,2,4,4,0,2548,Dwyane Wade,MIA,Miami,1610612748.0,Heat,2617,Udonis Haslem,MIA,Miami,1610612748.0,Heat,0,,,,,,32 - 51,19,,9:12 PM
223,40,5,254,0021401173,,,0:08,2,5,0,0,202703,Nikola Mirotic,CHI,Chicago,1610612741.0,Bulls,0,,,,,,0,,,,,,,,Mirotic Out of Bounds Lost Ball Turnover (P1.T6),9:12 PM
224,0,8,255,0021401173,,,0:08,2,5,5,0,202703,Nikola Mirotic,CHI,Chicago,1610612741.0,Bulls,201959,Taj Gibson,CHI,Chicago,1610612741.0,Bulls,0,,,,,,,,SUB: Gibson FOR Mirotic,9:12 PM
225,0,8,256,0021401173,SUB: Dragic FOR Haslem,,0:08,2,4,4,0,2617,Udonis Haslem,MIA,Miami,1610612748.0,Heat,201609,Goran Dragic,MIA,Miami,1610612748.0,Heat,0,,,,,,,,,9:12 PM
226,0,8,257,0021401173,,,0:08,2,5,5,0,2200,Pau Gasol,CHI,Chicago,1610612741.0,Bulls,2550,Kirk Hinrich,CHI,Chicago,1610612741.0,Bulls,0,,,,,,,,SUB: Hinrich FOR Gasol,9:13 PM
227,2,5,258,0021401173,Chalmers Lost Ball Turnover (P1.T7),,0:01,2,4,5,0,201596,Mario Chalmers,MIA,Miami,1610612748.0,Heat,2399,Mike Dunleavy,CHI,Chicago,1610612741.0,Bulls,0,,,,,,,,Dunleavy STEAL (2 STL),9:13 PM
228,0,13,259,0021401173,,,0:00,2,0,0,0,0,,,,,,0,,,,,,0,,,,,,32 - 51,19,,9:13 PM
229,0,12,261,0021401173,,,12:00,3,0,0,0,0,,,,,,0,,,,,,0,,,,,,32 - 51,19,,9:31 PM
230,1,6,262,0021401173,,,11:45,3,5,4,1,2399,Mike Dunleavy,CHI,Chicago,1610612741.0,Bulls,2736,Luol Deng,MIA,Miami,1610612748.0,Heat,0,,,,,,,,Dunleavy P.FOUL (P1.T1),9:32 PM
231,1,2,263,0021401173,MISS Deng 16' Jump Shot,,11:32,3,4,0,0,2736,Luol Deng,MIA,Miami,1610612748.0,Heat,0,,,,,,0,,,,,,,,,9:32 PM
232,0,4,264,0021401173,,,11:31,3,5,0,0,201565,Derrick Rose,CHI,Chicago,1610612741.0,Bulls,0,,,,,,0,,,,,,,,Rose REBOUND (Off:1 Def:2),9:32 PM
233,1,2,265,0021401173,,,11:24,3,5,0,0,2399,Mike Dunleavy,CHI,Chicago,1610612741.0,Bulls,0,,,,,,0,,,,,,,,MISS Dunleavy 25' 3PT Jump Shot,9:32 PM
234,0,4,266,0021401173,Whiteside REBOUND (Off:4 Def:4),,11:23,3,4,0,0,202355,Hassan Whiteside,MIA,Miami,1610612748.0,Heat,0,,,,,,0,,,,,,,,,9:32 PM
235,3,2,267,0021401173,MISS Whiteside 8' Hook Shot,,11:10,3,4,0,0,202355,Hassan Whiteside,MIA,Miami,1610612748.0,Heat,0,,,,,,0,,,,,,,,,9:32 PM
236,0,4,268,0021401173,,,11:09,3,5,0,0,201565,Derrick Rose,CHI,Chicago,1610612741.0,Bulls,0,,,,,,0,,,,,,,,Rose REBOUND (Off:1 Def:3),9:33 PM
237,1,2,269,0021401173,,,11:01,3,5,0,0,201565,Derrick Rose,CHI,Chicago,1610612741.0,Bulls,0,,,,,,0,,,,,,,,MISS Rose 15' Jump Shot,9:33 PM
238,0,4,270,0021401173,Whiteside REBOUND (Off:4 Def:5),,11:00,3,4,0,0,202355,Hassan Whiteside,MIA,Miami,1610612748.0,Heat,0,,,,,,0,,,,,,,,,9:33 PM
239,47,2,271,0021401173,MISS Wade 9' Turnaround Jump Shot,,10:48,3,4,0,0,2548,Dwyane Wade,MIA,Miami,1610612748.0,Heat,0,,,,,,0,,,,,,,,,9:33 PM
240,0,4,272,0021401173,,,10:47,3,5,0,0,2399,Mike Dunleavy,CHI,Chicago,1610612741.0,Bulls,0,,,,,,0,,,,,,,,Dunleavy REBOUND (Off:0 Def:2),9:33 PM
241,1,6,273,0021401173,Whiteside P.FOUL (P2.T1),,10:32,3,4,5,1,202355,Hassan Whiteside,MIA,Miami,1610612748.0,Heat,2200,Pau Gasol,CHI,Chicago,1610612741.0,Bulls,0,,,,,,,,,9:33 PM
242,1,1,274,0021401173,,,10:27,3,5,5,0,2399,Mike Dunleavy,CHI,Chicago,1610612741.0,Bulls,201565,Derrick Rose,CHI,Chicago,1610612741.0,Bulls,0,,,,,,34 - 51,17,Dunleavy 20' Jump Shot (2 PTS) (Rose 2 AST),9:34 PM
243,63,2,275,0021401173,MISS Deng 15' Fadeaway Jumper,,10:03,3,4,0,0,2736,Luol Deng,MIA,Miami,1610612748.0,Heat,0,,,,,,0,,,,,,,,,9:34 PM
244,0,4,276,0021401173,,,10:02,3,5,0,0,201149,Joakim Noah,CHI,Chicago,1610612741.0,Bulls,0,,,,,,0,,,,,,,,Noah REBOUND (Off:1 Def:2),9:34 PM
245,40,5,277,0021401173,,,9:58,3,5,0,0,201565,Derrick Rose,CHI,Chicago,1610612741.0,Bulls,0,,,,,,0,,,,,,,,Rose Out of Bounds Lost Ball Turnover (P2.T7),9:34 PM
246,1,5,278,0021401173,Wade Bad Pass Turnover (P3.T8),,9:41,3,4,5,0,2548,Dwyane Wade,MIA,Miami,1610612748.0,Heat,2399,Mike Dunleavy,CHI,Chicago,1610612741.0,Bulls,0,,,,,,,,Dunleavy STEAL (3 STL),9:34 PM
247,7,1,279,0021401173,,,9:37,3,5,5,0,203503,Tony Snell,CHI,Chicago,1610612741.0,Bulls,2399,Mike Dunleavy,CHI,Chicago,1610612741.0,Bulls,0,,,,,,36 - 51,15,Snell  Dunk (2 PTS) (Dunleavy 1 AST),9:35 PM
248,42,2,280,0021401173,MISS Deng 2' Driving Layup,,9:16,3,4,0,0,2736,Luol Deng,MIA,Miami,1610612748.0,Heat,0,,,,,,0,,,,,,,,,9:35 PM
249,0,4,281,0021401173,Deng REBOUND (Off:2 Def:3),,9:15,3,4,0,0,2736,Luol Deng,MIA,Miami,1610612748.0,Heat,0,,,,,,0,,,,,,,,,9:35 PM
250,1,2,282,0021401173,MISS Deng  3PT Jump Shot,,9:09,3,4,0,0,2736,Luol Deng,MIA,Miami,1610612748.0,Heat,0,,,,,,0,,,,,,,,,9:35 PM
251,0,4,283,0021401173,,,9:08,3,5,0,0,203503,Tony Snell,CHI,Chicago,1610612741.0,Bulls,0,,,,,,0,,,,,,,,Snell REBOUND (Off:1 Def:3),9:35 PM
252,1,1,284,0021401173,,,9:01,3,5,0,0,203503,Tony Snell,CHI,Chicago,1610612741.0,Bulls,0,,,,,,0,,,,,,39 - 51,12,Snell 25' 3PT Jump Shot (5 PTS),9:35 PM
253,1,9,285,0021401173,HEAT Timeout: Regular (Full 3 Short 1),,9:01,3,2,0,0,1610612748,,,,,,0,,,,,,0,,,,,,,,,9:35 PM
254,1,2,290,0021401173,MISS Wade 20' Jump Shot,,8:45,3,4,0,0,2548,Dwyane Wade,MIA,Miami,1610612748.0,Heat,0,,,,,,0,,,,,,,,,9:39 PM
255,0,4,291,0021401173,,,8:44,3,5,0,0,201149,Joakim Noah,CHI,Chicago,1610612741.0,Bulls,0,,,,,,0,,,,,,,,Noah REBOUND (Off:1 Def:3),9:39 PM
256,39,5,292,0021401173,,,8:39,3,5,0,0,201565,Derrick Rose,CHI,Chicago,1610612741.0,Bulls,0,,,,,,0,,,,,,,,Rose Step Out of Bounds Turnover (P3.T8),9:39 PM
257,42,2,293,0021401173,MISS Whiteside 1' Driving Layup,,8:24,3,4,0,0,202355,Hassan Whiteside,MIA,Miami,1610612748.0,Heat,0,,,,,,0,,,,,,,,,9:39 PM
258,0,4,294,0021401173,Deng REBOUND (Off:3 Def:3),,8:23,3,4,0,0,2736,Luol Deng,MIA,Miami,1610612748.0,Heat,0,,,,,,0,,,,,,,,,9:39 PM
259,1,2,295,0021401173,MISS Dragic 26' 3PT Jump Shot,,8:17,3,4,0,0,201609,Goran Dragic,MIA,Miami,1610612748.0,Heat,0,,,,,,0,,,,,,,,,9:39 PM
260,0,4,296,0021401173,,,8:16,3,3,0,0,1610612741,,,,,,0,,,,,,0,,,,,,,,Bulls Rebound,9:39 PM
261,66,1,297,0021401173,,,7:57,3,5,0,0,201149,Joakim Noah,CHI,Chicago,1610612741.0,Bulls,0,,,,,,0,,,,,,41 - 51,10,Noah 9' Jump Bank Shot (3 PTS),9:40 PM
262,1,2,298,0021401173,MISS Wade 19' Jump Shot,,7:35,3,4,0,0,2548,Dwyane Wade,MIA,Miami,1610612748.0,Heat,0,,,,,,0,,,,,,,,,9:40 PM
263,0,4,299,0021401173,,,7:34,3,5,0,0,2200,Pau Gasol,CHI,Chicago,1610612741.0,Bulls,0,,,,,,0,,,,,,,,Gasol REBOUND (Off:3 Def:7),9:40 PM
264,1,1,300,0021401173,,,7:19,3,5,5,0,2399,Mike Dunleavy,CHI,Chicago,1610612741.0,Bulls,201149,Joakim Noah,CHI,Chicago,1610612741.0,Bulls,0,,,,,,43 - 51,8,Dunleavy 19' Jump Shot (4 PTS) (Noah 2 AST),9:40 PM
265,1,2,301,0021401173,MISS Whiteside 10' Jump Shot,,6:56,3,4,0,5,202355,Hassan Whiteside,MIA,Miami,1610612748.0,Heat,0,,,,,,2200,Pau Gasol,CHI,Chicago,1610612741.0,Bulls,,,Gasol BLOCK (1 BLK),9:41 PM
266,0,4,302,0021401173,Haslem REBOUND (Off:1 Def:3),,6:55,3,4,0,0,2617,Udonis Haslem,MIA,Miami,1610612748.0,Heat,0,,,,,,0,,,,,,,,,9:41 PM
267,5,2,303,0021401173,MISS Haslem 1' Layup,,6:53,3,4,0,0,2617,Udonis Haslem,MIA,Miami,1610612748.0,Heat,0,,,,,,0,,,,,,,,,9:41 PM
268,0,4,304,0021401173,Deng REBOUND (Off:4 Def:3),,6:52,3,4,0,0,2736,Luol Deng,MIA,Miami,1610612748.0,Heat,0,,,,,,0,,,,,,,,,9:41 PM
269,5,1,305,0021401173,Deng 1' Layup (6 PTS),,6:47,3,4,0,0,2736,Luol Deng,MIA,Miami,1610612748.0,Heat,0,,,,,,0,,,,,,43 - 53,10,,9:41 PM
270,1,6,307,0021401173,Deng P.FOUL (P1.T2),,6:38,3,4,5,1,2736,Luol Deng,MIA,Miami,1610612748.0,Heat,2399,Mike Dunleavy,CHI,Chicago,1610612741.0,Bulls,0,,,,,,,,,9:41 PM
271,0,8,308,0021401173,SUB: Beasley FOR Haslem,,6:38,3,4,4,0,2617,Udonis Haslem,MIA,Miami,1610612748.0,Heat,201563,Michael Beasley,MIA,Miami,1610612748.0,Heat,0,,,,,,,,,9:41 PM
272,0,8,309,0021401173,SUB: Chalmers FOR Wade,,6:38,3,4,4,0,2548,Dwyane Wade,MIA,Miami,1610612748.0,Heat,201596,Mario Chalmers,MIA,Miami,1610612748.0,Heat,0,,,,,,,,,9:41 PM
273,82,1,310,0021401173,,,6:33,3,5,0,0,201565,Derrick Rose,CHI,Chicago,1610612741.0,Bulls,0,,,,,,0,,,,,,45 - 53,8,Rose 8' Driving Bank Shot (10 PTS),9:42 PM
274,1,2,311,0021401173,MISS Beasley 25' 3PT Jump Shot,,6:11,3,4,0,0,201563,Michael Beasley,MIA,Miami,1610612748.0,Heat,0,,,,,,0,,,,,,,,,9:42 PM
275,0,4,312,0021401173,,,6:10,3,5,0,0,201149,Joakim Noah,CHI,Chicago,1610612741.0,Bulls,0,,,,,,0,,,,,,,,Noah REBOUND (Off:1 Def:4),9:42 PM
276,1,1,313,0021401173,,,6:00,3,5,0,0,201565,Derrick Rose,CHI,Chicago,1610612741.0,Bulls,0,,,,,,0,,,,,,47 - 53,6,Rose 9' Jump Shot (12 PTS),9:42 PM
277,2,9,314,0021401173,HEAT Timeout: Short (Full 3 Short 2),,6:00,3,2,0,0,1610612748,,,,,,0,,,,,,0,,,,,,,,,9:42 PM
278,26,6,318,0021401173,Chalmers Offensive Charge Foul (P3.T3),,5:47,3,4,5,1,201596,Mario Chalmers,MIA,Miami,1610612748.0,Heat,2399,Mike Dunleavy,CHI,Chicago,1610612741.0,Bulls,0,,,,,,,,,9:44 PM
279,5,5,319,0021401173,Chalmers Foul Turnover (P2.T9),,5:47,3,4,0,1,201596,Mario Chalmers,MIA,Miami,1610612748.0,Heat,0,,,,,,0,,,,,,,,,9:44 PM
280,1,2,320,0021401173,,,5:25,3,5,0,0,201565,Derrick Rose,CHI,Chicago,1610612741.0,Bulls,0,,,,,,0,,,,,,,,MISS Rose 24' 3PT Jump Shot,9:44 PM
281,0,4,321,0021401173,Whiteside REBOUND (Off:4 Def:6),,5:24,3,4,0,0,202355,Hassan Whiteside,MIA,Miami,1610612748.0,Heat,0,,,,,,0,,,,,,,,,9:44 PM
282,1,1,322,0021401173,Dragic 25' 3PT Jump Shot (9 PTS),,5:17,3,4,0,0,201609,Goran Dragic,MIA,Miami,1610612748.0,Heat,0,,,,,,0,,,,,,47 - 56,9,,9:45 PM
283,1,9,323,0021401173,,,5:17,3,3,0,0,1610612741,,,,,,0,,,,,,0,,,,,,,,Bulls Timeout: Regular (Reg.3 Short 0),9:45 PM
284,0,8,325,0021401173,,,5:17,3,5,5,0,201149,Joakim Noah,CHI,Chicago,1610612741.0,Bulls,201959,Taj Gibson,CHI,Chicago,1610612741.0,Bulls,0,,,,,,,,SUB: Gibson FOR Noah,9:47 PM
285,0,8,326,0021401173,,,5:17,3,5,5,0,201565,Derrick Rose,CHI,Chicago,1610612741.0,Bulls,201166,Aaron Brooks,CHI,Chicago,1610612741.0,Bulls,0,,,,,,,,SUB: Brooks FOR Rose,9:47 PM
286,1,1,328,0021401173,,,5:00,3,5,5,0,201959,Taj Gibson,CHI,Chicago,1610612741.0,Bulls,201166,Aaron Brooks,CHI,Chicago,1610612741.0,Bulls,0,,,,,,49 - 56,7,Gibson 15' Jump Shot (8 PTS) (Brooks 1 AST),9:48 PM
287,1,2,329,0021401173,MISS Chalmers 19' Jump Shot,,4:36,3,4,0,0,201596,Mario Chalmers,MIA,Miami,1610612748.0,Heat,0,,,,,,0,,,,,,,,,9:48 PM
288,0,4,330,0021401173,Whiteside REBOUND (Off:5 Def:6),,4:34,3,4,0,0,202355,Hassan Whiteside,MIA,Miami,1610612748.0,Heat,0,,,,,,0,,,,,,,,,9:48 PM
289,2,6,331,0021401173,,,4:34,3,5,4,1,2200,Pau Gasol,CHI,Chicago,1610612741.0,Bulls,202355,Hassan Whiteside,MIA,Miami,1610612748.0,Heat,0,,,,,,,,Gasol S.FOUL (P1.T2),9:49 PM
290,11,3,332,0021401173,Whiteside Free Throw 1 of 2 (11 PTS),,4:34,3,4,0,0,202355,Hassan Whiteside,MIA,Miami,1610612748.0,Heat,0,,,,,,0,,,,,,49 - 57,8,,9:49 PM
291,12,3,334,0021401173,MISS Whiteside Free Throw 2 of 2,,4:34,3,4,0,0,202355,Hassan Whiteside,MIA,Miami,1610612748.0,Heat,0,,,,,,0,,,,,,,,,9:49 PM
292,0,4,336,0021401173,,,4:33,3,5,0,0,201166,Aaron Brooks,CHI,Chicago,1610612741.0,Bulls,0,,,,,,0,,,,,,,,Brooks REBOUND (Off:0 Def:1),9:49 PM
293,42,1,337,0021401173,,,4:26,3,5,5,0,2399,Mike Dunleavy,CHI,Chicago,1610612741.0,Bulls,201166,Aaron Brooks,CHI,Chicago,1610612741.0,Bulls,0,,,,,,51 - 57,6,Dunleavy 2' Driving Layup (6 PTS) (Brooks 2 AST),9:49 PM
294,2,6,338,0021401173,Whiteside S.FOUL (P3.T4),,4:26,3,4,5,1,202355,Hassan Whiteside,MIA,Miami,1610612748.0,Heat,2399,Mike Dunleavy,CHI,Chicago,1610612741.0,Bulls,0,,,,,,,,,9:49 PM
295,10,3,339,0021401173,,,4:26,3,5,0,0,2399,Mike Dunleavy,CHI,Chicago,1610612741.0,Bulls,0,,,,,,0,,,,,,52 - 57,5,Dunleavy Free Throw 1 of 1 (7 PTS),9:49 PM
296,58,2,341,0021401173,MISS Whiteside 6' Turnaround Hook Shot,,4:16,3,4,0,0,202355,Hassan Whiteside,MIA,Miami,1610612748.0,Heat,0,,,,,,0,,,,,,,,,9:50 PM
297,0,4,342,0021401173,,,4:15,3,5,0,0,2200,Pau Gasol,CHI,Chicago,1610612741.0,Bulls,0,,,,,,0,,,,,,,,Gasol REBOUND (Off:3 Def:8),9:50 PM
298,1,6,343,0021401173,Beasley P.FOUL (P3.PN),,3:54,3,4,5,1,201563,Michael Beasley,MIA,Miami,1610612748.0,Heat,2200,Pau Gasol,CHI,Chicago,1610612741.0,Bulls,0,,,,,,,,,9:50 PM
299,0,8,344,0021401173,SUB: Wade FOR Dragic,,3:54,3,4,4,0,201609,Goran Dragic,MIA,Miami,1610612748.0,Heat,2548,Dwyane Wade,MIA,Miami,1610612748.0,Heat,0,,,,,,,,,9:50 PM
300,3,2,345,0021401173,,,3:45,3,5,0,0,203503,Tony Snell,CHI,Chicago,1610612741.0,Bulls,0,,,,,,0,,,,,,,,MISS Snell 5' Hook Shot,9:51 PM
301,0,4,346,0021401173,Whiteside REBOUND (Off:5 Def:7),,3:44,3,4,0,0,202355,Hassan Whiteside,MIA,Miami,1610612748.0,Heat,0,,,,,,0,,,,,,,,,9:51 PM
302,63,2,347,0021401173,MISS Wade 10' Fadeaway Jumper,,3:26,3,4,0,0,2548,Dwyane Wade,MIA,Miami,1610612748.0,Heat,0,,,,,,0,,,,,,,,,9:51 PM
303,0,4,348,0021401173,,,3:25,3,5,0,0,201959,Taj Gibson,CHI,Chicago,1610612741.0,Bulls,0,,,,,,0,,,,,,,,Gibson REBOUND (Off:4 Def:4),9:51 PM
304,1,1,349,0021401173,,,3:18,3,5,5,0,201166,Aaron Brooks,CHI,Chicago,1610612741.0,Bulls,203503,Tony Snell,CHI,Chicago,1610612741.0,Bulls,0,,,,,,55 - 57,2,Brooks 24' 3PT Jump Shot (7 PTS) (Snell 1 AST),9:51 PM
305,1,5,350,0021401173,Beasley Bad Pass Turnover (P1.T10),,2:54,3,4,5,0,201563,Michael Beasley,MIA,Miami,1610612748.0,Heat,2399,Mike Dunleavy,CHI,Chicago,1610612741.0,Bulls,0,,,,,,,,Dunleavy STEAL (4 STL),9:51 PM
306,1,2,351,0021401173,,,2:43,3,5,0,0,201166,Aaron Brooks,CHI,Chicago,1610612741.0,Bulls,0,,,,,,0,,,,,,,,MISS Brooks  3PT Jump Shot,9:52 PM
307,0,4,352,0021401173,,,2:42,3,5,0,0,2200,Pau Gasol,CHI,Chicago,1610612741.0,Bulls,0,,,,,,0,,,,,,,,Gasol REBOUND (Off:4 Def:8),9:52 PM
308,5,1,353,0021401173,,,2:40,3,5,0,0,2200,Pau Gasol,CHI,Chicago,1610612741.0,Bulls,0,,,,,,0,,,,,,57 - 57,TIE,Gasol 1' Layup (12 PTS),9:52 PM
309,1,6,354,0021401173,,,2:21,3,5,4,1,203503,Tony Snell,CHI,Chicago,1610612741.0,Bulls,2548,Dwyane Wade,MIA,Miami,1610612748.0,Heat,0,,,,,,,,Snell P.FOUL (P2.T3),9:52 PM
310,0,8,355,0021401173,SUB: Andersen FOR Whiteside,,2:21,3,4,4,0,202355,Hassan Whiteside,MIA,Miami,1610612748.0,Heat,2365,Chris Andersen,MIA,Miami,1610612748.0,Heat,0,,,,,,,,,9:52 PM
311,0,8,356,0021401173,SUB: Ennis FOR Deng,,2:21,3,4,4,0,2736,Luol Deng,MIA,Miami,1610612748.0,Heat,203516,James Ennis,MIA,Miami,1610612748.0,Heat,0,,,,,,,,,9:52 PM
312,1,2,357,0021401173,MISS Beasley 22' Jump Shot,,2:07,3,4,0,0,201563,Michael Beasley,MIA,Miami,1610612748.0,Heat,0,,,,,,0,,,,,,,,,9:53 PM
313,0,4,358,0021401173,,,2:06,3,5,0,0,2200,Pau Gasol,CHI,Chicago,1610612741.0,Bulls,0,,,,,,0,,,,,,,,Gasol REBOUND (Off:4 Def:9),9:53 PM
314,1,1,359,0021401173,,,1:58,3,5,5,0,2399,Mike Dunleavy,CHI,Chicago,1610612741.0,Bulls,201959,Taj Gibson,CHI,Chicago,1610612741.0,Bulls,0,,,,,,60 - 57,-3,Dunleavy 25' 3PT Jump Shot (10 PTS) (Gibson 1 AST),9:53 PM
315,1,2,360,0021401173,MISS Wade 25' 3PT Jump Shot,,1:31,3,4,0,0,2548,Dwyane Wade,MIA,Miami,1610612748.0,Heat,0,,,,,,0,,,,,,,,,9:53 PM
316,0,4,361,0021401173,,,1:30,3,5,0,0,2399,Mike Dunleavy,CHI,Chicago,1610612741.0,Bulls,0,,,,,,0,,,,,,,,Dunleavy REBOUND (Off:0 Def:3),9:53 PM
317,1,1,362,0021401173,,,1:21,3,5,5,0,201166,Aaron Brooks,CHI,Chicago,1610612741.0,Bulls,2399,Mike Dunleavy,CHI,Chicago,1610612741.0,Bulls,0,,,,,,63 - 57,-6,Brooks 25' 3PT Jump Shot (10 PTS) (Dunleavy 2 AST),9:53 PM
318,42,1,363,0021401173,Andersen 2' Driving Layup (4 PTS) (Wade 2 AST),,1:00,3,4,4,0,2365,Chris Andersen,MIA,Miami,1610612748.0,Heat,2548,Dwyane Wade,MIA,Miami,1610612748.0,Heat,0,,,,,,63 - 59,-4,,9:54 PM
319,42,2,364,0021401173,Andersen BLOCK (2 BLK),,0:40,3,5,0,4,203503,Tony Snell,CHI,Chicago,1610612741.0,Bulls,0,,,,,,2365,Chris Andersen,MIA,Miami,1610612748.0,Heat,,,MISS Snell 3' Driving Layup,9:54 PM
320,0,4,365,0021401173,,,0:39,3,5,0,0,2200,Pau Gasol,CHI,Chicago,1610612741.0,Bulls,0,,,,,,0,,,,,,,,Gasol REBOUND (Off:5 Def:9),9:54 PM
321,7,1,366,0021401173,,,0:38,3,5,0,0,2200,Pau Gasol,CHI,Chicago,1610612741.0,Bulls,0,,,,,,0,,,,,,65 - 59,-6,Gasol  Dunk (14 PTS),9:54 PM
322,1,2,367,0021401173,MISS Wade 20' Jump Shot,,0:22,3,4,0,0,2548,Dwyane Wade,MIA,Miami,1610612748.0,Heat,0,,,,,,0,,,,,,,,,9:55 PM
323,0,4,368,0021401173,,,0:21,3,5,0,0,2399,Mike Dunleavy,CHI,Chicago,1610612741.0,Bulls,0,,,,,,0,,,,,,,,Dunleavy REBOUND (Off:0 Def:4),9:55 PM
324,1,2,369,0021401173,,,0:02,3,5,0,0,201166,Aaron Brooks,CHI,Chicago,1610612741.0,Bulls,0,,,,,,0,,,,,,,,MISS Brooks 24' 3PT Jump Shot,9:55 PM
325,0,4,370,0021401173,,,0:00,3,3,0,0,1610612741,,,,,,0,,,,,,0,,,,,,,,Bulls Rebound,9:55 PM
326,0,13,371,0021401173,,,0:00,3,0,0,0,0,,,,,,0,,,,,,0,,,,,,65 - 59,-6,,9:55 PM
327,0,12,373,0021401173,,,12:00,4,0,0,0,0,,,,,,0,,,,,,0,,,,,,65 - 59,-6,,9:59 PM
328,1,1,374,0021401173,,,11:46,4,5,5,0,2399,Mike Dunleavy,CHI,Chicago,1610612741.0,Bulls,201149,Joakim Noah,CHI,Chicago,1610612741.0,Bulls,0,,,,,,67 - 59,-8,Dunleavy 20' Jump Shot (12 PTS) (Noah 3 AST),9:59 PM
329,1,5,375,0021401173,Wade Bad Pass Turnover (P4.T11),,11:22,4,4,5,0,2548,Dwyane Wade,MIA,Miami,1610612748.0,Heat,201166,Aaron Brooks,CHI,Chicago,1610612741.0,Bulls,0,,,,,,,,Brooks STEAL (1 STL),10:00 PM
330,1,1,376,0021401173,,,11:17,4,5,0,0,201166,Aaron Brooks,CHI,Chicago,1610612741.0,Bulls,0,,,,,,0,,,,,,69 - 59,-10,Brooks 17' Jump Shot (12 PTS),10:00 PM
331,80,2,377,0021401173,MISS Chalmers 18' Step Back Jump Shot,,11:01,4,4,0,0,201596,Mario Chalmers,MIA,Miami,1610612748.0,Heat,0,,,,,,0,,,,,,,,,10:00 PM
332,0,4,378,0021401173,Ennis REBOUND (Off:1 Def:2),,11:00,4,4,0,0,203516,James Ennis,MIA,Miami,1610612748.0,Heat,0,,,,,,0,,,,,,,,,10:00 PM
333,80,2,379,0021401173,MISS Wade 15' Step Back Jump Shot,,10:51,4,4,0,0,2548,Dwyane Wade,MIA,Miami,1610612748.0,Heat,0,,,,,,0,,,,,,,,,10:00 PM
334,0,4,380,0021401173,,,10:50,4,5,0,0,2399,Mike Dunleavy,CHI,Chicago,1610612741.0,Bulls,0,,,,,,0,,,,,,,,Dunleavy REBOUND (Off:0 Def:5),10:00 PM
335,52,1,381,0021401173,,,10:37,4,5,5,0,201959,Taj Gibson,CHI,Chicago,1610612741.0,Bulls,201149,Joakim Noah,CHI,Chicago,1610612741.0,Bulls,0,,,,,,71 - 59,-12,Gibson  Alley Oop Dunk (10 PTS) (Noah 4 AST),10:00 PM
336,1,9,382,0021401173,HEAT Timeout: Regular (Full 4 Short 2),,10:37,4,2,0,0,1610612748,,,,,,0,,,,,,0,,,,,,,,,10:00 PM
337,0,8,385,0021401173,SUB: Dragic FOR Chalmers,,10:37,4,4,4,0,201596,Mario Chalmers,MIA,Miami,1610612748.0,Heat,201609,Goran Dragic,MIA,Miami,1610612748.0,Heat,0,,,,,,,,,10:03 PM
338,0,8,386,0021401173,SUB: Whiteside FOR Andersen,,10:37,4,4,4,0,2365,Chris Andersen,MIA,Miami,1610612748.0,Heat,202355,Hassan Whiteside,MIA,Miami,1610612748.0,Heat,0,,,,,,,,,10:03 PM
339,0,8,387,0021401173,SUB: Deng FOR Beasley,,10:37,4,4,4,0,201563,Michael Beasley,MIA,Miami,1610612748.0,Heat,2736,Luol Deng,MIA,Miami,1610612748.0,Heat,0,,,,,,,,,10:03 PM
340,1,2,388,0021401173,MISS Deng 21' Jump Shot,,10:23,4,4,0,0,2736,Luol Deng,MIA,Miami,1610612748.0,Heat,0,,,,,,0,,,,,,,,,10:04 PM
341,0,4,389,0021401173,,,10:22,4,5,0,0,201959,Taj Gibson,CHI,Chicago,1610612741.0,Bulls,0,,,,,,0,,,,,,,,Gibson REBOUND (Off:4 Def:5),10:04 PM
342,1,2,390,0021401173,,,10:07,4,5,0,0,2399,Mike Dunleavy,CHI,Chicago,1610612741.0,Bulls,0,,,,,,0,,,,,,,,MISS Dunleavy 24' 3PT Jump Shot,10:04 PM
343,0,4,391,0021401173,HEAT Rebound,,10:06,4,2,0,0,1610612748,,,,,,0,,,,,,0,,,,,,,,,10:04 PM
344,3,6,392,0021401173,,,10:06,4,5,4,1,201149,Joakim Noah,CHI,Chicago,1610612741.0,Bulls,202355,Hassan Whiteside,MIA,Miami,1610612748.0,Heat,0,,,,,,,,Noah L.B.FOUL (P2.T1),10:04 PM
345,7,1,393,0021401173,Whiteside  Dunk (13 PTS) (Ennis 2 AST),,9:48,4,4,4,0,202355,Hassan Whiteside,MIA,Miami,1610612748.0,Heat,203516,James Ennis,MIA,Miami,1610612748.0,Heat,0,,,,,,71 - 61,-10,,10:05 PM
346,78,2,394,0021401173,,,9:19,4,5,0,0,201166,Aaron Brooks,CHI,Chicago,1610612741.0,Bulls,0,,,,,,0,,,,,,,,MISS Brooks 7' Floating Jump Shot,10:05 PM
347,0,4,395,0021401173,Whiteside REBOUND (Off:5 Def:8),,9:18,4,4,0,0,202355,Hassan Whiteside,MIA,Miami,1610612748.0,Heat,0,,,,,,0,,,,,,,,,10:05 PM
348,1,2,396,0021401173,MISS Ennis  3PT Jump Shot,,9:09,4,4,0,0,203516,James Ennis,MIA,Miami,1610612748.0,Heat,0,,,,,,0,,,,,,,,,10:05 PM
349,0,4,397,0021401173,,,9:08,4,5,0,0,201959,Taj Gibson,CHI,Chicago,1610612741.0,Bulls,0,,,,,,0,,,,,,,,Gibson REBOUND (Off:4 Def:6),10:05 PM
350,1,1,398,0021401173,,,8:53,4,5,5,0,201959,Taj Gibson,CHI,Chicago,1610612741.0,Bulls,2550,Kirk Hinrich,CHI,Chicago,1610612741.0,Bulls,0,,,,,,73 - 61,-12,Gibson 17' Jump Shot (12 PTS) (Hinrich 1 AST),10:06 PM
351,2,6,399,0021401173,,,8:30,4,5,4,1,2399,Mike Dunleavy,CHI,Chicago,1610612741.0,Bulls,2736,Luol Deng,MIA,Miami,1610612748.0,Heat,0,,,,,,,,Dunleavy S.FOUL (P2.T2),10:06 PM
352,11,3,400,0021401173,Deng Free Throw 1 of 2 (7 PTS),,8:30,4,4,0,0,2736,Luol Deng,MIA,Miami,1610612748.0,Heat,0,,,,,,0,,,,,,73 - 62,-11,,10:06 PM
353,0,8,402,0021401173,,,8:30,4,5,5,0,201166,Aaron Brooks,CHI,Chicago,1610612741.0,Bulls,203503,Tony Snell,CHI,Chicago,1610612741.0,Bulls,0,,,,,,,,SUB: Snell FOR Brooks,10:07 PM
354,12,3,403,0021401173,Deng Free Throw 2 of 2 (8 PTS),,8:30,4,4,0,0,2736,Luol Deng,MIA,Miami,1610612748.0,Heat,0,,,,,,0,,,,,,73 - 63,-10,,10:07 PM
355,40,5,405,0021401173,,,8:16,4,5,0,0,2399,Mike Dunleavy,CHI,Chicago,1610612741.0,Bulls,0,,,,,,0,,,,,,,,Dunleavy Out of Bounds Lost Ball Turnover (P1.T9),10:07 PM
356,1,2,406,0021401173,MISS Wade 15' Jump Shot,,8:04,4,4,0,0,2548,Dwyane Wade,MIA,Miami,1610612748.0,Heat,0,,,,,,0,,,,,,,,,10:08 PM
357,0,4,407,0021401173,Deng REBOUND (Off:5 Def:3),,8:03,4,4,0,0,2736,Luol Deng,MIA,Miami,1610612748.0,Heat,0,,,,,,0,,,,,,,,,10:08 PM
358,1,2,408,0021401173,MISS Deng 6' Jump Shot,,8:02,4,4,0,0,2736,Luol Deng,MIA,Miami,1610612748.0,Heat,0,,,,,,0,,,,,,,,,10:08 PM
359,0,4,409,0021401173,,,8:01,4,3,0,0,1610612741,,,,,,0,,,,,,0,,,,,,,,Bulls Rebound,10:08 PM
360,1,1,410,0021401173,,,7:50,4,5,0,0,2550,Kirk Hinrich,CHI,Chicago,1610612741.0,Bulls,0,,,,,,0,,,,,,75 - 63,-12,Hinrich 21' Jump Shot (2 PTS),10:08 PM
361,8,5,411,0021401173,Whiteside 3 Second Violation Turnover (P1.T12),,7:35,4,4,0,1,202355,Hassan Whiteside,MIA,Miami,1610612748.0,Heat,0,,,,,,0,,,,,,,,,10:08 PM
362,0,8,412,0021401173,,,7:35,4,5,5,0,2399,Mike Dunleavy,CHI,Chicago,1610612741.0,Bulls,202703,Nikola Mirotic,CHI,Chicago,1610612741.0,Bulls,0,,,,,,,,SUB: Mirotic FOR Dunleavy,10:09 PM
363,1,2,413,0021401173,,,7:19,4,5,0,0,202703,Nikola Mirotic,CHI,Chicago,1610612741.0,Bulls,0,,,,,,0,,,,,,,,MISS Mirotic 25' 3PT Jump Shot,10:09 PM
364,0,4,414,0021401173,Whiteside REBOUND (Off:5 Def:9),,7:18,4,4,0,0,202355,Hassan Whiteside,MIA,Miami,1610612748.0,Heat,0,,,,,,0,,,,,,,,,10:09 PM
365,42,1,415,0021401173,Whiteside 1' Driving Layup (15 PTS),,6:59,4,4,0,0,202355,Hassan Whiteside,MIA,Miami,1610612748.0,Heat,0,,,,,,0,,,,,,75 - 65,-10,,10:09 PM
366,1,6,416,0021401173,Ennis P.FOUL (P2.T1),,6:44,4,4,5,1,203516,James Ennis,MIA,Miami,1610612748.0,Heat,201959,Taj Gibson,CHI,Chicago,1610612741.0,Bulls,0,,,,,,,,,10:10 PM
367,1,2,417,0021401173,,,6:38,4,5,0,0,201959,Taj Gibson,CHI,Chicago,1610612741.0,Bulls,0,,,,,,0,,,,,,,,MISS Gibson 18' Jump Shot,10:10 PM
368,0,4,418,0021401173,Ennis REBOUND (Off:1 Def:3),,6:37,4,4,0,0,203516,James Ennis,MIA,Miami,1610612748.0,Heat,0,,,,,,0,,,,,,,,,10:10 PM
369,2,5,419,0021401173,Wade Lost Ball Turnover (P5.T13),,6:26,4,4,5,0,2548,Dwyane Wade,MIA,Miami,1610612748.0,Heat,201149,Joakim Noah,CHI,Chicago,1610612741.0,Bulls,0,,,,,,,,Noah STEAL (1 STL),10:10 PM
370,5,2,420,0021401173,,,6:21,4,5,0,0,201149,Joakim Noah,CHI,Chicago,1610612741.0,Bulls,0,,,,,,0,,,,,,,,MISS Noah 2' Layup,10:10 PM
371,0,4,421,0021401173,Whiteside REBOUND (Off:5 Def:10),,6:20,4,4,0,0,202355,Hassan Whiteside,MIA,Miami,1610612748.0,Heat,0,,,,,,0,,,,,,,,,10:10 PM
372,1,5,422,0021401173,Whiteside Bad Pass Turnover (P2.T14),,6:15,4,4,5,0,202355,Hassan Whiteside,MIA,Miami,1610612748.0,Heat,202703,Nikola Mirotic,CHI,Chicago,1610612741.0,Bulls,0,,,,,,,,Mirotic STEAL (3 STL),10:10 PM
373,42,2,423,0021401173,,,5:56,4,5,0,0,201149,Joakim Noah,CHI,Chicago,1610612741.0,Bulls,0,,,,,,0,,,,,,,,MISS Noah 2' Driving Layup,10:11 PM
374,0,4,424,0021401173,Ennis REBOUND (Off:1 Def:4),,5:55,4,4,0,0,203516,James Ennis,MIA,Miami,1610612748.0,Heat,0,,,,,,0,,,,,,,,,10:11 PM
375,75,1,425,0021401173,Dragic 2' Driving Finger Roll Layup (11 PTS),,5:49,4,4,0,0,201609,Goran Dragic,MIA,Miami,1610612748.0,Heat,0,,,,,,0,,,,,,75 - 67,-8,,10:11 PM
376,1,9,426,0021401173,,,5:48,4,3,0,0,1610612741,,,,,,0,,,,,,0,,,,,,,,Bulls Timeout: Regular (Reg.4 Short 0),10:11 PM
377,0,8,428,0021401173,,,5:48,4,5,5,0,201149,Joakim Noah,CHI,Chicago,1610612741.0,Bulls,2200,Pau Gasol,CHI,Chicago,1610612741.0,Bulls,0,,,,,,,,SUB: Gasol FOR Noah,10:13 PM
378,0,8,429,0021401173,,,5:48,4,5,5,0,2550,Kirk Hinrich,CHI,Chicago,1610612741.0,Bulls,201166,Aaron Brooks,CHI,Chicago,1610612741.0,Bulls,0,,,,,,,,SUB: Brooks FOR Hinrich,10:13 PM
379,42,2,431,0021401173,,,5:30,4,5,0,0,203503,Tony Snell,CHI,Chicago,1610612741.0,Bulls,0,,,,,,0,,,,,,,,MISS Snell 2' Driving Layup,10:14 PM
380,0,4,432,0021401173,Wade REBOUND (Off:0 Def:3),,5:29,4,4,0,0,2548,Dwyane Wade,MIA,Miami,1610612748.0,Heat,0,,,,,,0,,,,,,,,,10:15 PM
381,1,2,433,0021401173,MISS Dragic 25' 3PT Jump Shot,,5:20,4,4,0,0,201609,Goran Dragic,MIA,Miami,1610612748.0,Heat,0,,,,,,0,,,,,,,,,10:15 PM
382,0,4,434,0021401173,,,5:19,4,3,0,0,1610612741,,,,,,0,,,,,,0,,,,,,,,Bulls Rebound,10:15 PM
383,1,2,435,0021401173,,,5:06,4,5,0,0,2200,Pau Gasol,CHI,Chicago,1610612741.0,Bulls,0,,,,,,0,,,,,,,,MISS Gasol 15' Jump Shot,10:15 PM
384,0,4,436,0021401173,Dragic REBOUND (Off:1 Def:1),,5:05,4,4,0,0,201609,Goran Dragic,MIA,Miami,1610612748.0,Heat,0,,,,,,0,,,,,,,,,10:15 PM
385,1,2,437,0021401173,MISS Wade 20' Jump Shot,,4:53,4,4,0,0,2548,Dwyane Wade,MIA,Miami,1610612748.0,Heat,0,,,,,,0,,,,,,,,,10:15 PM
386,0,4,438,0021401173,,,4:52,4,5,0,0,201959,Taj Gibson,CHI,Chicago,1610612741.0,Bulls,0,,,,,,0,,,,,,,,Gibson REBOUND (Off:4 Def:7),10:15 PM
387,77,2,439,0021401173,,,4:35,4,5,0,0,201166,Aaron Brooks,CHI,Chicago,1610612741.0,Bulls,0,,,,,,0,,,,,,,,MISS Brooks 8' Driving Jump Shot,10:16 PM
388,0,4,440,0021401173,,,4:34,4,3,0,0,1610612741,,,,,,0,,,,,,0,,,,,,,,Bulls Rebound,10:16 PM
389,5,7,442,0021401173,Dragic Violation:Kicked Ball,,4:33,4,4,0,1,201609,Goran Dragic,MIA,Miami,1610612748.0,Heat,0,,,,,,0,,,,,,,,,10:16 PM
390,1,1,443,0021401173,,,4:19,4,5,5,0,202703,Nikola Mirotic,CHI,Chicago,1610612741.0,Bulls,2200,Pau Gasol,CHI,Chicago,1610612741.0,Bulls,0,,,,,,78 - 67,-11,Mirotic 25' 3PT Jump Shot (6 PTS) (Gasol 1 AST),10:17 PM
391,77,1,444,0021401173,Whiteside 5' Driving Jump Shot (17 PTS),,3:54,4,4,0,0,202355,Hassan Whiteside,MIA,Miami,1610612748.0,Heat,0,,,,,,0,,,,,,78 - 69,-9,,10:17 PM
392,1,1,445,0021401173,,,3:40,4,5,5,0,202703,Nikola Mirotic,CHI,Chicago,1610612741.0,Bulls,201166,Aaron Brooks,CHI,Chicago,1610612741.0,Bulls,0,,,,,,81 - 69,-12,Mirotic 25' 3PT Jump Shot (9 PTS) (Brooks 3 AST),10:18 PM
393,2,6,446,0021401173,,,3:20,4,5,4,1,2200,Pau Gasol,CHI,Chicago,1610612741.0,Bulls,203516,James Ennis,MIA,Miami,1610612748.0,Heat,0,,,,,,,,Gasol S.FOUL (P2.T3),10:18 PM
394,11,3,447,0021401173,MISS Ennis Free Throw 1 of 2,,3:20,4,4,0,0,203516,James Ennis,MIA,Miami,1610612748.0,Heat,0,,,,,,0,,,,,,,,,10:18 PM
395,1,4,448,0021401173,HEAT Rebound,,3:20,4,2,0,0,1610612748,,,,,,0,,,,,,0,,,,,,,,,10:18 PM
396,12,3,449,0021401173,Ennis Free Throw 2 of 2 (6 PTS),,3:20,4,4,0,0,203516,James Ennis,MIA,Miami,1610612748.0,Heat,0,,,,,,0,,,,,,81 - 70,-11,,10:18 PM
397,4,5,451,0021401173,,,3:08,4,5,0,1,201959,Taj Gibson,CHI,Chicago,1610612741.0,Bulls,0,,,,,,0,,,,,,,,Gibson Traveling Turnover (P1.T10),10:19 PM
398,1,2,452,0021401173,MISS Deng 25' 3PT Jump Shot,,2:49,4,4,0,0,2736,Luol Deng,MIA,Miami,1610612748.0,Heat,0,,,,,,0,,,,,,,,,10:19 PM
399,0,4,453,0021401173,HEAT Rebound,,2:48,4,2,0,0,1610612748,,,,,,0,,,,,,0,,,,,,,,,10:19 PM
400,1,6,454,0021401173,,,2:48,4,5,4,1,201166,Aaron Brooks,CHI,Chicago,1610612741.0,Bulls,201609,Goran Dragic,MIA,Miami,1610612748.0,Heat,0,,,,,,,,Brooks P.FOUL (P1.T4),10:19 PM
401,1,9,455,0021401173,,,2:48,4,1,0,0,0,,,,,,0,,,,,,0,,,,,,,,,10:20 PM
402,79,1,459,0021401173,Wade 15' Pullup Jump Shot (9 PTS),,2:36,4,4,0,0,2548,Dwyane Wade,MIA,Miami,1610612748.0,Heat,0,,,,,,0,,,,,,81 - 72,-9,,10:23 PM
403,1,2,460,0021401173,,,2:20,4,5,0,0,202703,Nikola Mirotic,CHI,Chicago,1610612741.0,Bulls,0,,,,,,0,,,,,,,,MISS Mirotic 24' 3PT Jump Shot,10:23 PM
404,0,4,461,0021401173,HEAT Rebound,,2:19,4,2,0,0,1610612748,,,,,,0,,,,,,0,,,,,,,,,10:23 PM
405,1,2,462,0021401173,MISS Dragic 25' 3PT Jump Shot,,2:03,4,4,0,0,201609,Goran Dragic,MIA,Miami,1610612748.0,Heat,0,,,,,,0,,,,,,,,,10:23 PM
406,0,4,463,0021401173,,,2:02,4,5,0,0,2200,Pau Gasol,CHI,Chicago,1610612741.0,Bulls,0,,,,,,0,,,,,,,,Gasol REBOUND (Off:5 Def:10),10:23 PM
407,2,6,464,0021401173,Dragic S.FOUL (P2.T2),,1:48,4,4,5,1,201609,Goran Dragic,MIA,Miami,1610612748.0,Heat,201166,Aaron Brooks,CHI,Chicago,1610612741.0,Bulls,0,,,,,,,,,10:24 PM
408,11,3,465,0021401173,,,1:48,4,5,0,0,201166,Aaron Brooks,CHI,Chicago,1610612741.0,Bulls,0,,,,,,0,,,,,,82 - 72,-10,Brooks Free Throw 1 of 2 (13 PTS),10:24 PM
409,12,3,467,0021401173,,,1:48,4,5,0,0,201166,Aaron Brooks,CHI,Chicago,1610612741.0,Bulls,0,,,,,,0,,,,,,83 - 72,-11,Brooks Free Throw 2 of 2 (14 PTS),10:24 PM
410,1,2,469,0021401173,MISS Wade 25' 3PT Jump Shot,,1:34,4,4,0,0,2548,Dwyane Wade,MIA,Miami,1610612748.0,Heat,0,,,,,,0,,,,,,,,,10:25 PM
411,0,4,470,0021401173,,,1:32,4,5,0,0,203503,Tony Snell,CHI,Chicago,1610612741.0,Bulls,0,,,,,,0,,,,,,,,Snell REBOUND (Off:1 Def:4),10:25 PM
412,1,2,471,0021401173,,,1:15,4,5,0,0,201166,Aaron Brooks,CHI,Chicago,1610612741.0,Bulls,0,,,,,,0,,,,,,,,MISS Brooks 25' 3PT Jump Shot,10:25 PM
413,0,4,472,0021401173,Whiteside REBOUND (Off:5 Def:11),,1:14,4,4,0,0,202355,Hassan Whiteside,MIA,Miami,1610612748.0,Heat,0,,,,,,0,,,,,,,,,10:25 PM
414,5,1,473,0021401173,Dragic 1' Layup (13 PTS) (Wade 3 AST),,0:59,4,4,4,0,201609,Goran Dragic,MIA,Miami,1610612748.0,Heat,2548,Dwyane Wade,MIA,Miami,1610612748.0,Heat,0,,,,,,83 - 74,-9,,10:25 PM
415,1,5,474,0021401173,Deng STEAL (2 STL),,0:44,4,5,4,0,201166,Aaron Brooks,CHI,Chicago,1610612741.0,Bulls,2736,Luol Deng,MIA,Miami,1610612748.0,Heat,0,,,,,,,,Brooks Bad Pass Turnover (P1.T11),10:26 PM
416,5,1,475,0021401173,Dragic 1' Layup (15 PTS) (Deng 4 AST),,0:40,4,4,4,0,201609,Goran Dragic,MIA,Miami,1610612748.0,Heat,2736,Luol Deng,MIA,Miami,1610612748.0,Heat,0,,,,,,83 - 76,-7,,10:26 PM
417,7,1,476,0021401173,,,0:30,4,5,5,0,2200,Pau Gasol,CHI,Chicago,1610612741.0,Bulls,201959,Taj Gibson,CHI,Chicago,1610612741.0,Bulls,0,,,,,,85 - 76,-9,Gasol  Dunk (16 PTS) (Gibson 2 AST),10:26 PM
418,1,9,477,0021401173,HEAT Timeout: Regular (Full 5 Short 2),,0:30,4,2,0,0,1610612748,,,,,,0,,,,,,0,,,,,,,,,10:26 PM
419,0,8,479,0021401173,,,0:30,4,5,5,0,2200,Pau Gasol,CHI,Chicago,1610612741.0,Bulls,201149,Joakim Noah,CHI,Chicago,1610612741.0,Bulls,0,,,,,,,,SUB: Noah FOR Gasol,10:27 PM
420,0,8,480,0021401173,,,0:30,4,5,5,0,201166,Aaron Brooks,CHI,Chicago,1610612741.0,Bulls,2550,Kirk Hinrich,CHI,Chicago,1610612741.0,Bulls,0,,,,,,,,SUB: Hinrich FOR Brooks,10:27 PM
421,1,2,482,0021401173,MISS Deng 25' 3PT Jump Shot,,0:23,4,4,0,0,2736,Luol Deng,MIA,Miami,1610612748.0,Heat,0,,,,,,0,,,,,,,,,10:28 PM
422,0,4,483,0021401173,,,0:22,4,5,0,0,201959,Taj Gibson,CHI,Chicago,1610612741.0,Bulls,0,,,,,,0,,,,,,,,Gibson REBOUND (Off:4 Def:8),10:28 PM
423,1,6,484,0021401173,Dragic P.FOUL (P3.PN),,0:22,4,4,5,1,201609,Goran Dragic,MIA,Miami,1610612748.0,Heat,201959,Taj Gibson,CHI,Chicago,1610612741.0,Bulls,0,,,,,,,,,10:28 PM
424,11,3,485,0021401173,,,0:22,4,5,0,0,201959,Taj Gibson,CHI,Chicago,1610612741.0,Bulls,0,,,,,,0,,,,,,86 - 76,-10,Gibson Free Throw 1 of 2 (13 PTS),10:29 PM
425,12,3,487,0021401173,,,0:22,4,5,0,0,201959,Taj Gibson,CHI,Chicago,1610612741.0,Bulls,0,,,,,,0,,,,,,87 - 76,-11,Gibson Free Throw 2 of 2 (14 PTS),10:29 PM
426,3,1,489,0021401173,Whiteside 8' Hook Shot (19 PTS),,0:14,4,4,0,0,202355,Hassan Whiteside,MIA,Miami,1610612748.0,Heat,0,,,,,,0,,,,,,87 - 78,-9,,10:29 PM
427,1,6,490,0021401173,Whiteside P.FOUL (P4.PN),,0:10,4,4,5,1,202355,Hassan Whiteside,MIA,Miami,1610612748.0,Heat,203503,Tony Snell,CHI,Chicago,1610612741.0,Bulls,0,,,,,,,,,10:29 PM
428,11,3,491,0021401173,,,0:10,4,5,0,0,203503,Tony Snell,CHI,Chicago,1610612741.0,Bulls,0,,,,,,0,,,,,,88 - 78,-10,Snell Free Throw 1 of 2 (6 PTS),10:30 PM
429,12,3,493,0021401173,,,0:10,4,5,0,0,203503,Tony Snell,CHI,Chicago,1610612741.0,Bulls,0,,,,,,0,,,,,,89 - 78,-11,Snell Free Throw 2 of 2 (7 PTS),10:30 PM
430,42,2,495,0021401173,MISS Dragic 1' Driving Layup,,0:04,4,4,0,0,201609,Goran Dragic,MIA,Miami,1610612748.0,Heat,0,,,,,,0,,,,,,,,,10:30 PM
431,0,4,496,0021401173,,,0:02,4,5,0,0,201149,Joakim Noah,CHI,Chicago,1610612741.0,Bulls,0,,,,,,0,,,,,,,,Noah REBOUND (Off:1 Def:5),10:30 PM
432,0,13,497,0021401173,,,0:00,4,0,0,0,0,,,,,,0,,,,,,0,,,,,,89 - 78,-11,,10:30 PM
