,EVENTMSGACTIONTYPE,EVENTMSGTYPE,EVENTNUM,GAME_ID,HOMEDESCRIPTION,NEUTRALDESCRIPTION,PCTIMESTRING,PERIOD,PERSON1TYPE,PERSON2TYPE,PERSON3TYPE,PLAYER1_ID,PLAYER1_NAME,PLAYER1_TEAM_ABBREVIATION,PLAYER1_TEAM_CITY,PLAYER1_TEAM_ID,PLAYER1_TEAM_NICKNAME,PLAYER2_ID,PLAYER2_NAME,PLAYER2_TEAM_ABBREVIATION,PLAYER2_TEAM_CITY,PLAYER2_TEAM_ID,PLAYER2_TEAM_NICKNAME,PLAYER3_ID,PLAYER3_NAME,PLAYER3_TEAM_ABBREVIATION,PLAYER3_TEAM_CITY,PLAYER3_TEAM_ID,PLAYER3_TEAM_NICKNAME,SCORE,SCOREMARGIN,VISITORDESCRIPTION,WCTIMESTRING
0,0,12,0,0021000387,,,12:00,1,0,0,0,0,,,,,,0,,,,,,0,,,,,,,,,8:13 PM
1,0,10,1,0021000387,Jump Ball Okafor vs. Jefferson: Tip to D. Williams,,12:00,1,4,5,5,2731,Emeka Okafor,NOH,New Orleans,1610612740.0,Hornets,2744,Al Jefferson,UTA,Utah,1610612762.0,Jazz,101114,Deron Williams,UTA,Utah,1610612762.0,Jazz,,,,8:14 PM
2,42,1,2,0021000387,,,11:51,1,5,5,0,1905,Andrei Kirilenko,UTA,Utah,1610612762.0,Jazz,101114,Deron Williams,UTA,Utah,1610612762.0,Jazz,0,,,,,,2 - 0,-2,Kirilenko 3' Driving Layup (2 PTS) (D. Williams 1 AST),8:14 PM
3,3,6,3,0021000387,,,11:28,1,5,4,1,1952,Raja Bell,UTA,Utah,1610612762.0,Jazz,201158,Marco Belinelli,NOH,New Orleans,1610612740.0,Hornets,0,,,,,,,,Bell L.B.FOUL (P1.T1),8:15 PM
4,7,2,4,0021000387,MISS Ariza 2' Dunk,,11:19,1,4,0,0,2772,Trevor Ariza,NOH,New Orleans,1610612740.0,Hornets,0,,,,,,0,,,,,,,,,8:15 PM
5,0,4,5,0021000387,,,11:18,1,5,0,0,2744,Al Jefferson,UTA,Utah,1610612762.0,Jazz,0,,,,,,0,,,,,,,,Jefferson REBOUND (Off:0 Def:1),8:15 PM
6,1,2,6,0021000387,,,11:10,1,5,0,0,101114,Deron Williams,UTA,Utah,1610612762.0,Jazz,0,,,,,,0,,,,,,,,MISS D. Williams 9' Jump Shot,8:15 PM
7,0,4,7,0021000387,West REBOUND (Off:0 Def:1),,11:09,1,4,0,0,2561,David West,NOH,New Orleans,1610612740.0,Hornets,0,,,,,,0,,,,,,,,,8:15 PM
8,1,1,8,0021000387,West 7' Jump Shot (2 PTS) (Paul 1 AST),,10:56,1,4,4,0,2561,David West,NOH,New Orleans,1610612740.0,Hornets,101108,Chris Paul,NOH,New Orleans,1610612740.0,Hornets,0,,,,,,2 - 2,TIE,,8:15 PM
9,1,2,9,0021000387,,,10:39,1,5,0,0,1952,Raja Bell,UTA,Utah,1610612762.0,Jazz,0,,,,,,0,,,,,,,,MISS Bell 25' 3PT Jump Shot,8:16 PM
10,0,4,10,0021000387,Okafor REBOUND (Off:0 Def:1),,10:38,1,4,0,0,2731,Emeka Okafor,NOH,New Orleans,1610612740.0,Hornets,0,,,,,,0,,,,,,,,,8:16 PM
11,40,5,11,0021000387,West Out of Bounds Lost Ball Turnover (P1.T1),,10:24,1,4,0,0,2561,David West,NOH,New Orleans,1610612740.0,Hornets,0,,,,,,0,,,,,,,,,8:16 PM
12,1,6,12,0021000387,Belinelli P.FOUL (P1.T1),,10:15,1,4,5,1,201158,Marco Belinelli,NOH,New Orleans,1610612740.0,Hornets,200794,Paul Millsap,UTA,Utah,1610612762.0,Jazz,0,,,,,,,,,8:16 PM
13,1,2,14,0021000387,,,10:07,1,5,0,0,1905,Andrei Kirilenko,UTA,Utah,1610612762.0,Jazz,0,,,,,,0,,,,,,,,MISS Kirilenko 15' Jump Shot,8:17 PM
14,0,4,15,0021000387,Okafor REBOUND (Off:0 Def:2),,10:06,1,4,0,0,2731,Emeka Okafor,NOH,New Orleans,1610612740.0,Hornets,0,,,,,,0,,,,,,,,,8:17 PM
15,1,2,16,0021000387,MISS Ariza 14' Jump Shot,,9:57,1,4,0,0,2772,Trevor Ariza,NOH,New Orleans,1610612740.0,Hornets,0,,,,,,0,,,,,,,,,8:17 PM
16,0,4,17,0021000387,West REBOUND (Off:1 Def:1),,9:56,1,4,0,0,2561,David West,NOH,New Orleans,1610612740.0,Hornets,0,,,,,,0,,,,,,,,,8:17 PM
17,1,1,18,0021000387,West 4' Jump Shot (4 PTS),,9:55,1,4,0,0,2561,David West,NOH,New Orleans,1610612740.0,Hornets,0,,,,,,0,,,,,,2 - 4,2,,8:17 PM
18,2,5,19,0021000387,Paul STEAL (1 STL),,9:34,1,5,4,0,1905,Andrei Kirilenko,UTA,Utah,1610612762.0,Jazz,101108,Chris Paul,NOH,New Orleans,1610612740.0,Hornets,0,,,,,,,,Kirilenko Lost Ball Turnover (P1.T1),8:17 PM
19,5,2,20,0021000387,MISS Paul 3' Layup,,9:29,1,4,0,0,101108,Chris Paul,NOH,New Orleans,1610612740.0,Hornets,0,,,,,,0,,,,,,,,,8:17 PM
20,0,4,21,0021000387,Ariza REBOUND (Off:1 Def:0),,9:28,1,4,0,0,2772,Trevor Ariza,NOH,New Orleans,1610612740.0,Hornets,0,,,,,,0,,,,,,,,,8:17 PM
21,4,1,22,0021000387,Ariza 1' Tip Shot (2 PTS),,9:28,1,4,0,0,2772,Trevor Ariza,NOH,New Orleans,1610612740.0,Hornets,0,,,,,,0,,,,,,2 - 6,4,,8:17 PM
22,1,2,23,0021000387,,,9:08,1,5,0,0,200794,Paul Millsap,UTA,Utah,1610612762.0,Jazz,0,,,,,,0,,,,,,,,MISS Millsap 16' Jump Shot,8:18 PM
23,0,4,24,0021000387,Okafor REBOUND (Off:0 Def:3),,9:08,1,4,0,0,2731,Emeka Okafor,NOH,New Orleans,1610612740.0,Hornets,0,,,,,,0,,,,,,,,,8:18 PM
24,1,5,25,0021000387,Paul Bad Pass Turnover (P1.T2),,9:00,1,4,5,0,101108,Chris Paul,NOH,New Orleans,1610612740.0,Hornets,1905,Andrei Kirilenko,UTA,Utah,1610612762.0,Jazz,0,,,,,,,,Kirilenko STEAL (1 STL),8:18 PM
25,5,2,26,0021000387,West BLOCK (1 BLK),,8:55,1,5,0,4,101114,Deron Williams,UTA,Utah,1610612762.0,Jazz,0,,,,,,2561,David West,NOH,New Orleans,1610612740.0,Hornets,,,MISS D. Williams 2' Layup,8:18 PM
26,0,4,27,0021000387,Ariza REBOUND (Off:1 Def:1),,8:54,1,4,0,0,2772,Trevor Ariza,NOH,New Orleans,1610612740.0,Hornets,0,,,,,,0,,,,,,,,,8:18 PM
27,1,2,28,0021000387,MISS Belinelli 26' 3PT Jump Shot,,8:47,1,4,0,0,201158,Marco Belinelli,NOH,New Orleans,1610612740.0,Hornets,0,,,,,,0,,,,,,,,,8:18 PM
28,0,4,29,0021000387,,,8:46,1,5,0,0,200794,Paul Millsap,UTA,Utah,1610612762.0,Jazz,0,,,,,,0,,,,,,,,Millsap REBOUND (Off:0 Def:1),8:18 PM
29,42,1,30,0021000387,,,8:28,1,5,0,0,200794,Paul Millsap,UTA,Utah,1610612762.0,Jazz,0,,,,,,0,,,,,,4 - 6,2,Millsap 2' Driving Layup (2 PTS),8:18 PM
30,85,1,31,0021000387,West 9' Turnaround Bank Shot (6 PTS),,8:08,1,4,0,0,2561,David West,NOH,New Orleans,1610612740.0,Hornets,0,,,,,,0,,,,,,4 - 8,4,,8:19 PM
31,1,2,32,0021000387,,,7:43,1,5,0,0,2744,Al Jefferson,UTA,Utah,1610612762.0,Jazz,0,,,,,,0,,,,,,,,MISS Jefferson 17' Jump Shot,8:19 PM
32,0,4,33,0021000387,Paul REBOUND (Off:0 Def:1),,7:42,1,4,0,0,101108,Chris Paul,NOH,New Orleans,1610612740.0,Hornets,0,,,,,,0,,,,,,,,,8:19 PM
33,2,6,34,0021000387,,,7:29,1,5,4,1,200794,Paul Millsap,UTA,Utah,1610612762.0,Jazz,2561,David West,NOH,New Orleans,1610612740.0,Hornets,0,,,,,,,,Millsap S.FOUL (P1.T2),8:19 PM
34,11,3,35,0021000387,West Free Throw 1 of 2 (7 PTS),,7:29,1,4,0,0,2561,David West,NOH,New Orleans,1610612740.0,Hornets,0,,,,,,0,,,,,,4 - 9,5,,8:19 PM
35,12,3,37,0021000387,West Free Throw 2 of 2 (8 PTS),,7:29,1,4,0,0,2561,David West,NOH,New Orleans,1610612740.0,Hornets,0,,,,,,0,,,,,,4 - 10,6,,8:20 PM
36,40,5,40,0021000387,,,7:18,1,5,0,0,1952,Raja Bell,UTA,Utah,1610612762.0,Jazz,0,,,,,,0,,,,,,,,Bell Out of Bounds Lost Ball Turnover (P1.T2),8:20 PM
37,42,1,41,0021000387,Ariza 3' Driving Layup (4 PTS) (Paul 2 AST),,7:04,1,4,4,0,2772,Trevor Ariza,NOH,New Orleans,1610612740.0,Hornets,101108,Chris Paul,NOH,New Orleans,1610612740.0,Hornets,0,,,,,,4 - 12,8,,8:21 PM
38,1,2,42,0021000387,,,6:51,1,5,0,0,1905,Andrei Kirilenko,UTA,Utah,1610612762.0,Jazz,0,,,,,,0,,,,,,,,MISS Kirilenko 16' Jump Shot,8:21 PM
39,0,4,43,0021000387,Belinelli REBOUND (Off:0 Def:1),,6:50,1,4,0,0,201158,Marco Belinelli,NOH,New Orleans,1610612740.0,Hornets,0,,,,,,0,,,,,,,,,8:21 PM
40,1,2,44,0021000387,MISS Okafor 8' Jump Shot,,6:43,1,4,0,0,2731,Emeka Okafor,NOH,New Orleans,1610612740.0,Hornets,0,,,,,,0,,,,,,,,,8:21 PM
41,0,4,45,0021000387,,,6:42,1,5,0,0,200794,Paul Millsap,UTA,Utah,1610612762.0,Jazz,0,,,,,,0,,,,,,,,Millsap REBOUND (Off:0 Def:2),8:21 PM
42,5,1,46,0021000387,,,6:33,1,5,5,0,1905,Andrei Kirilenko,UTA,Utah,1610612762.0,Jazz,101114,Deron Williams,UTA,Utah,1610612762.0,Jazz,0,,,,,,6 - 12,6,Kirilenko 3' Layup (4 PTS) (D. Williams 2 AST),8:21 PM
43,1,2,48,0021000387,MISS Belinelli 21' Jump Shot,,6:13,1,4,0,0,201158,Marco Belinelli,NOH,New Orleans,1610612740.0,Hornets,0,,,,,,0,,,,,,,,,8:22 PM
44,0,4,49,0021000387,,,6:12,1,5,0,0,101114,Deron Williams,UTA,Utah,1610612762.0,Jazz,0,,,,,,0,,,,,,,,D. Williams REBOUND (Off:0 Def:1),8:22 PM
45,1,2,50,0021000387,,,6:01,1,5,0,0,2744,Al Jefferson,UTA,Utah,1610612762.0,Jazz,0,,,,,,0,,,,,,,,MISS Jefferson 12' Jump Shot,8:22 PM
46,0,4,51,0021000387,Paul REBOUND (Off:0 Def:2),,6:00,1,4,0,0,101108,Chris Paul,NOH,New Orleans,1610612740.0,Hornets,0,,,,,,0,,,,,,,,,8:22 PM
47,1,5,52,0021000387,Paul Bad Pass Turnover (P2.T3),,5:41,1,4,5,0,101108,Chris Paul,NOH,New Orleans,1610612740.0,Hornets,200794,Paul Millsap,UTA,Utah,1610612762.0,Jazz,0,,,,,,,,Millsap STEAL (1 STL),8:22 PM
48,7,1,53,0021000387,,,5:37,1,5,0,0,200794,Paul Millsap,UTA,Utah,1610612762.0,Jazz,0,,,,,,0,,,,,,8 - 12,4,Millsap 2' Dunk (4 PTS),8:22 PM
49,1,9,54,0021000387,HORNETS Timeout: Regular (Full 1 Short 0),,5:31,1,2,0,0,1610612740,,,,,,0,,,,,,0,,,,,,,,,8:22 PM
50,47,1,56,0021000387,Ariza 7' Turnaround Jump Shot (6 PTS),,5:21,1,4,0,0,2772,Trevor Ariza,NOH,New Orleans,1610612740.0,Hornets,0,,,,,,0,,,,,,8 - 14,6,,8:25 PM
51,1,2,57,0021000387,,,5:04,1,5,0,0,1952,Raja Bell,UTA,Utah,1610612762.0,Jazz,0,,,,,,0,,,,,,,,MISS Bell 24' 3PT Jump Shot,8:26 PM
52,0,4,58,0021000387,Belinelli REBOUND (Off:0 Def:2),,5:03,1,4,0,0,201158,Marco Belinelli,NOH,New Orleans,1610612740.0,Hornets,0,,,,,,0,,,,,,,,,8:26 PM
53,1,6,59,0021000387,,,5:02,1,5,4,1,1952,Raja Bell,UTA,Utah,1610612762.0,Jazz,101108,Chris Paul,NOH,New Orleans,1610612740.0,Hornets,0,,,,,,,,Bell P.FOUL (P2.T3),8:26 PM
54,0,8,60,0021000387,,,5:02,1,5,5,0,1952,Raja Bell,UTA,Utah,1610612762.0,Jazz,101179,Ronnie Price,UTA,Utah,1610612762.0,Jazz,0,,,,,,,,SUB: Price FOR Bell,8:26 PM
55,1,2,62,0021000387,MISS Ariza 4' Jump Shot,,4:50,1,4,0,5,2772,Trevor Ariza,NOH,New Orleans,1610612740.0,Hornets,0,,,,,,1905,Andrei Kirilenko,UTA,Utah,1610612762.0,Jazz,,,Kirilenko BLOCK (1 BLK),8:26 PM
56,0,4,63,0021000387,Okafor REBOUND (Off:1 Def:3),,4:49,1,4,0,0,2731,Emeka Okafor,NOH,New Orleans,1610612740.0,Hornets,0,,,,,,0,,,,,,,,,8:26 PM
57,1,2,64,0021000387,MISS Paul 5' Jump Shot,,4:40,1,4,0,0,101108,Chris Paul,NOH,New Orleans,1610612740.0,Hornets,0,,,,,,0,,,,,,,,,8:27 PM
58,0,4,65,0021000387,Paul REBOUND (Off:1 Def:2),,4:39,1,4,0,0,101108,Chris Paul,NOH,New Orleans,1610612740.0,Hornets,0,,,,,,0,,,,,,,,,8:27 PM
59,4,2,66,0021000387,MISS Paul 2' Tip Shot,,4:39,1,4,0,0,101108,Chris Paul,NOH,New Orleans,1610612740.0,Hornets,0,,,,,,0,,,,,,,,,8:27 PM
60,0,4,67,0021000387,,,4:38,1,3,0,0,1610612762,,,,,,0,,,,,,0,,,,,,,,Jazz Rebound,8:27 PM
61,1,1,68,0021000387,,,4:20,1,5,5,0,2744,Al Jefferson,UTA,Utah,1610612762.0,Jazz,101179,Ronnie Price,UTA,Utah,1610612762.0,Jazz,0,,,,,,10 - 14,4,Jefferson 14' Jump Shot (2 PTS) (Price 1 AST),8:27 PM
62,1,1,69,0021000387,West 16' Jump Shot (10 PTS) (Paul 3 AST),,3:54,1,4,4,0,2561,David West,NOH,New Orleans,1610612740.0,Hornets,101108,Chris Paul,NOH,New Orleans,1610612740.0,Hornets,0,,,,,,10 - 16,6,,8:27 PM
63,1,2,70,0021000387,,,3:33,1,5,0,0,101114,Deron Williams,UTA,Utah,1610612762.0,Jazz,0,,,,,,0,,,,,,,,MISS D. Williams 25' 3PT Jump Shot,8:28 PM
64,0,4,71,0021000387,,,3:32,1,5,0,0,1905,Andrei Kirilenko,UTA,Utah,1610612762.0,Jazz,0,,,,,,0,,,,,,,,Kirilenko REBOUND (Off:1 Def:0),8:28 PM
65,1,6,72,0021000387,Okafor P.FOUL (P1.T2),,3:32,1,4,5,1,2731,Emeka Okafor,NOH,New Orleans,1610612740.0,Hornets,1905,Andrei Kirilenko,UTA,Utah,1610612762.0,Jazz,0,,,,,,,,,8:28 PM
66,0,8,73,0021000387,,,3:32,1,5,5,0,1905,Andrei Kirilenko,UTA,Utah,1610612762.0,Jazz,101139,CJ Miles,UTA,Utah,1610612762.0,Jazz,0,,,,,,,,SUB: Miles FOR Kirilenko,8:28 PM
67,0,8,74,0021000387,SUB: Green FOR Belinelli,,3:32,1,4,4,0,201158,Marco Belinelli,NOH,New Orleans,1610612740.0,Hornets,2584,Willie Green,NOH,New Orleans,1610612740.0,Hornets,0,,,,,,,,,8:28 PM
68,1,1,75,0021000387,,,3:22,1,5,5,0,2744,Al Jefferson,UTA,Utah,1610612762.0,Jazz,200794,Paul Millsap,UTA,Utah,1610612762.0,Jazz,0,,,,,,12 - 16,4,Jefferson 8' Jump Shot (4 PTS) (Millsap 1 AST),8:28 PM
69,26,6,76,0021000387,Ariza Offensive Charge Foul (P1.T3),,3:18,1,4,5,1,2772,Trevor Ariza,NOH,New Orleans,1610612740.0,Hornets,101114,Deron Williams,UTA,Utah,1610612762.0,Jazz,0,,,,,,,,,8:28 PM
70,5,5,77,0021000387,Ariza Foul Turnover (P1.T4),,3:18,1,4,0,1,2772,Trevor Ariza,NOH,New Orleans,1610612740.0,Hornets,0,,,,,,0,,,,,,,,,8:28 PM
71,1,2,79,0021000387,,,3:04,1,5,0,0,101139,CJ Miles,UTA,Utah,1610612762.0,Jazz,0,,,,,,0,,,,,,,,MISS Miles 9' Jump Shot,8:29 PM
72,0,4,80,0021000387,Ariza REBOUND (Off:1 Def:2),,3:03,1,4,0,0,2772,Trevor Ariza,NOH,New Orleans,1610612740.0,Hornets,0,,,,,,0,,,,,,,,,8:29 PM
73,1,2,81,0021000387,MISS Ariza 25' 3PT Jump Shot,,2:47,1,4,0,0,2772,Trevor Ariza,NOH,New Orleans,1610612740.0,Hornets,0,,,,,,0,,,,,,,,,8:29 PM
74,0,4,82,0021000387,,,2:46,1,5,0,0,200794,Paul Millsap,UTA,Utah,1610612762.0,Jazz,0,,,,,,0,,,,,,,,Millsap REBOUND (Off:0 Def:3),8:29 PM
75,86,1,83,0021000387,,,2:34,1,5,0,0,2744,Al Jefferson,UTA,Utah,1610612762.0,Jazz,0,,,,,,0,,,,,,14 - 16,2,Jefferson 10' Turnaround Fadeaway (6 PTS),8:29 PM
76,1,2,84,0021000387,MISS Green 19' Jump Shot,,2:19,1,4,0,0,2584,Willie Green,NOH,New Orleans,1610612740.0,Hornets,0,,,,,,0,,,,,,,,,8:30 PM
77,0,4,85,0021000387,,,2:18,1,3,0,0,1610612762,,,,,,0,,,,,,0,,,,,,,,Jazz Rebound,8:30 PM
78,1,9,86,0021000387,,,2:16,1,3,0,0,1610612762,,,,,,0,,,,,,0,,,,,,,,Jazz Timeout: Regular (Reg.1 Short 0),8:30 PM
79,1,2,88,0021000387,Ariza BLOCK (1 BLK),,2:04,1,5,0,4,2744,Al Jefferson,UTA,Utah,1610612762.0,Jazz,0,,,,,,2772,Trevor Ariza,NOH,New Orleans,1610612740.0,Hornets,,,MISS Jefferson 12' Jump Shot,8:33 PM
80,0,4,89,0021000387,Green REBOUND (Off:0 Def:1),,2:02,1,4,0,0,2584,Willie Green,NOH,New Orleans,1610612740.0,Hornets,0,,,,,,0,,,,,,,,,8:33 PM
81,2,6,90,0021000387,,,1:43,1,5,4,1,2744,Al Jefferson,UTA,Utah,1610612762.0,Jazz,2731,Emeka Okafor,NOH,New Orleans,1610612740.0,Hornets,0,,,,,,,,Jefferson S.FOUL (P1.T4),8:33 PM
82,11,3,91,0021000387,Okafor Free Throw 1 of 2 (1 PTS),,1:43,1,4,0,0,2731,Emeka Okafor,NOH,New Orleans,1610612740.0,Hornets,0,,,,,,0,,,,,,14 - 17,3,,8:33 PM
83,12,3,93,0021000387,MISS Okafor Free Throw 2 of 2,,1:43,1,4,0,0,2731,Emeka Okafor,NOH,New Orleans,1610612740.0,Hornets,0,,,,,,0,,,,,,,,,8:33 PM
84,0,4,95,0021000387,,,1:42,1,3,0,0,1610612762,,,,,,0,,,,,,0,,,,,,,,Jazz Rebound,8:34 PM
85,1,2,97,0021000387,,,1:19,1,5,0,0,101139,CJ Miles,UTA,Utah,1610612762.0,Jazz,0,,,,,,0,,,,,,,,MISS Miles 21' Jump Shot,8:34 PM
86,0,4,98,0021000387,Paul REBOUND (Off:1 Def:3),,1:18,1,4,0,0,101108,Chris Paul,NOH,New Orleans,1610612740.0,Hornets,0,,,,,,0,,,,,,,,,8:34 PM
87,2,6,99,0021000387,,,1:06,1,5,4,1,200794,Paul Millsap,UTA,Utah,1610612762.0,Jazz,2561,David West,NOH,New Orleans,1610612740.0,Hornets,0,,,,,,,,Millsap S.FOUL (P2.PN),8:34 PM
88,0,8,100,0021000387,,,1:06,1,5,5,0,200794,Paul Millsap,UTA,Utah,1610612762.0,Jazz,2246,Mehmet Okur,UTA,Utah,1610612762.0,Jazz,0,,,,,,,,SUB: Okur FOR Millsap,8:35 PM
89,11,3,102,0021000387,West Free Throw 1 of 2 (11 PTS),,1:06,1,4,0,0,2561,David West,NOH,New Orleans,1610612740.0,Hornets,0,,,,,,0,,,,,,14 - 18,4,,8:35 PM
90,0,8,104,0021000387,SUB: Smith FOR Okafor,,1:06,1,4,4,0,2731,Emeka Okafor,NOH,New Orleans,1610612740.0,Hornets,201160,Jason Smith,NOH,New Orleans,1610612740.0,Hornets,0,,,,,,,,,8:35 PM
91,0,8,105,0021000387,SUB: Thornton FOR Ariza,,1:06,1,4,4,0,2772,Trevor Ariza,NOH,New Orleans,1610612740.0,Hornets,201977,Marcus Thornton,NOH,New Orleans,1610612740.0,Hornets,0,,,,,,,,,8:35 PM
92,12,3,106,0021000387,West Free Throw 2 of 2 (12 PTS),,1:06,1,4,0,0,2561,David West,NOH,New Orleans,1610612740.0,Hornets,0,,,,,,0,,,,,,14 - 19,5,,8:35 PM
93,1,2,109,0021000387,,,0:53,1,5,0,0,101114,Deron Williams,UTA,Utah,1610612762.0,Jazz,0,,,,,,0,,,,,,,,MISS D. Williams 24' 3PT Jump Shot,8:36 PM
94,0,4,110,0021000387,,,0:52,1,5,0,0,101179,Ronnie Price,UTA,Utah,1610612762.0,Jazz,0,,,,,,0,,,,,,,,Price REBOUND (Off:1 Def:0),8:36 PM
95,40,5,111,0021000387,,,0:48,1,5,0,0,101179,Ronnie Price,UTA,Utah,1610612762.0,Jazz,0,,,,,,0,,,,,,,,Price Out of Bounds Lost Ball Turnover (P1.T3),8:36 PM
96,1,2,113,0021000387,MISS Smith 15' Jump Shot,,0:35,1,4,0,0,201160,Jason Smith,NOH,New Orleans,1610612740.0,Hornets,0,,,,,,0,,,,,,,,,8:36 PM
97,0,4,114,0021000387,,,0:34,1,5,0,0,101139,CJ Miles,UTA,Utah,1610612762.0,Jazz,0,,,,,,0,,,,,,,,Miles REBOUND (Off:0 Def:1),8:36 PM
98,1,2,115,0021000387,,,0:12,1,5,0,0,101179,Ronnie Price,UTA,Utah,1610612762.0,Jazz,0,,,,,,0,,,,,,,,MISS Price 25' 3PT Jump Shot,8:37 PM
99,0,4,116,0021000387,Smith REBOUND (Off:0 Def:1),,0:11,1,4,0,0,201160,Jason Smith,NOH,New Orleans,1610612740.0,Hornets,0,,,,,,0,,,,,,,,,8:37 PM
100,2,6,117,0021000387,,,0:01,1,5,4,1,2246,Mehmet Okur,UTA,Utah,1610612762.0,Jazz,201160,Jason Smith,NOH,New Orleans,1610612740.0,Hornets,0,,,,,,,,Okur S.FOUL (P1.PN),8:37 PM
101,11,3,118,0021000387,Smith Free Throw 1 of 2 (1 PTS),,0:01,1,4,0,0,201160,Jason Smith,NOH,New Orleans,1610612740.0,Hornets,0,,,,,,0,,,,,,14 - 20,6,,8:37 PM
102,12,3,120,0021000387,Smith Free Throw 2 of 2 (2 PTS),,0:01,1,4,0,0,201160,Jason Smith,NOH,New Orleans,1610612740.0,Hornets,0,,,,,,0,,,,,,14 - 21,7,,8:38 PM
103,0,13,123,0021000387,,,0:00,1,0,0,0,0,,,,,,0,,,,,,0,,,,,,14 - 21,7,,8:38 PM
104,0,12,125,0021000387,,,12:00,2,0,0,0,0,,,,,,0,,,,,,0,,,,,,14 - 21,7,,8:41 PM
105,1,1,126,0021000387,Thornton 18' Jump Shot (2 PTS) (Smith 1 AST),,11:43,2,4,4,0,201977,Marcus Thornton,NOH,New Orleans,1610612740.0,Hornets,201160,Jason Smith,NOH,New Orleans,1610612740.0,Hornets,0,,,,,,14 - 23,9,,8:41 PM
106,1,2,127,0021000387,Green BLOCK (1 BLK),,11:17,2,5,0,4,101139,CJ Miles,UTA,Utah,1610612762.0,Jazz,0,,,,,,2584,Willie Green,NOH,New Orleans,1610612740.0,Hornets,,,MISS Miles 10' Jump Shot,8:42 PM
107,0,4,128,0021000387,Mbenga REBOUND (Off:0 Def:1),,11:16,2,4,0,0,2788,DJ Mbenga,NOH,New Orleans,1610612740.0,Hornets,0,,,,,,0,,,,,,,,,8:42 PM
108,1,2,129,0021000387,MISS Green 25' 3PT Jump Shot,,11:06,2,4,0,0,2584,Willie Green,NOH,New Orleans,1610612740.0,Hornets,0,,,,,,0,,,,,,,,,8:42 PM
109,0,4,130,0021000387,Smith REBOUND (Off:1 Def:1),,11:04,2,4,0,0,201160,Jason Smith,NOH,New Orleans,1610612740.0,Hornets,0,,,,,,0,,,,,,,,,8:42 PM
110,1,2,131,0021000387,MISS Green 20' Jump Shot,,10:51,2,4,0,0,2584,Willie Green,NOH,New Orleans,1610612740.0,Hornets,0,,,,,,0,,,,,,,,,8:42 PM
111,0,4,132,0021000387,Thornton REBOUND (Off:1 Def:0),,10:50,2,4,0,0,201977,Marcus Thornton,NOH,New Orleans,1610612740.0,Hornets,0,,,,,,0,,,,,,,,,8:42 PM
112,4,1,133,0021000387,Thornton 3' Tip Shot (4 PTS),,10:49,2,4,0,0,201977,Marcus Thornton,NOH,New Orleans,1610612740.0,Hornets,0,,,,,,0,,,,,,14 - 25,11,,8:42 PM
113,1,2,134,0021000387,,,10:33,2,5,0,0,2246,Mehmet Okur,UTA,Utah,1610612762.0,Jazz,0,,,,,,0,,,,,,,,MISS Okur 18' Jump Shot,8:42 PM
114,0,4,135,0021000387,Smith REBOUND (Off:1 Def:2),,10:32,2,4,0,0,201160,Jason Smith,NOH,New Orleans,1610612740.0,Hornets,0,,,,,,0,,,,,,,,,8:42 PM
115,79,1,136,0021000387,Jack 14' Pullup Jump Shot (2 PTS),,10:27,2,4,0,0,101127,Jarrett Jack,NOH,New Orleans,1610612740.0,Hornets,0,,,,,,0,,,,,,14 - 27,13,,8:42 PM
116,66,2,137,0021000387,,,10:03,2,5,0,0,101139,CJ Miles,UTA,Utah,1610612762.0,Jazz,0,,,,,,0,,,,,,,,MISS Miles 13' Jump Bank Shot,8:43 PM
117,0,4,138,0021000387,HORNETS Rebound,,10:02,2,2,0,0,1610612740,,,,,,0,,,,,,0,,,,,,,,,8:43 PM
118,4,5,139,0021000387,Smith Traveling Turnover (P1.T5),,9:48,2,4,0,1,201160,Jason Smith,NOH,New Orleans,1610612740.0,Hornets,0,,,,,,0,,,,,,,,,8:43 PM
119,42,1,141,0021000387,,,9:39,2,5,0,0,1905,Andrei Kirilenko,UTA,Utah,1610612762.0,Jazz,0,,,,,,0,,,,,,16 - 27,11,Kirilenko 3' Driving Layup (6 PTS),8:44 PM
120,2,6,142,0021000387,Mbenga S.FOUL (P1.T1),,9:39,2,4,5,1,2788,DJ Mbenga,NOH,New Orleans,1610612740.0,Hornets,1905,Andrei Kirilenko,UTA,Utah,1610612762.0,Jazz,0,,,,,,,,,8:44 PM
121,0,8,143,0021000387,SUB: Ariza FOR Mbenga,,9:39,2,4,4,0,2788,DJ Mbenga,NOH,New Orleans,1610612740.0,Hornets,2772,Trevor Ariza,NOH,New Orleans,1610612740.0,Hornets,0,,,,,,,,,8:44 PM
122,10,3,144,0021000387,,,9:39,2,5,0,0,1905,Andrei Kirilenko,UTA,Utah,1610612762.0,Jazz,0,,,,,,0,,,,,,,,MISS Kirilenko Free Throw 1 of 1,8:44 PM
123,0,4,146,0021000387,HORNETS Rebound,,9:38,2,2,0,0,1610612740,,,,,,0,,,,,,0,,,,,,,,,8:44 PM
124,1,1,148,0021000387,Smith 19' Jump Shot (4 PTS) (Jack 1 AST),,9:20,2,4,4,0,201160,Jason Smith,NOH,New Orleans,1610612740.0,Hornets,101127,Jarrett Jack,NOH,New Orleans,1610612740.0,Hornets,0,,,,,,16 - 29,13,,8:45 PM
125,49,1,149,0021000387,,,8:59,2,5,5,0,101139,CJ Miles,UTA,Utah,1610612762.0,Jazz,1905,Andrei Kirilenko,UTA,Utah,1610612762.0,Jazz,0,,,,,,18 - 29,11,Miles 1' Driving Dunk (2 PTS) (Kirilenko 1 AST),8:45 PM
126,73,1,150,0021000387,Jack 1' Driving Reverse Layup (4 PTS) (Thornton 1 AST),,8:46,2,4,4,0,101127,Jarrett Jack,NOH,New Orleans,1610612740.0,Hornets,201977,Marcus Thornton,NOH,New Orleans,1610612740.0,Hornets,0,,,,,,18 - 31,13,,8:45 PM
127,45,2,154,0021000387,,,8:29,2,5,0,0,1905,Andrei Kirilenko,UTA,Utah,1610612762.0,Jazz,0,,,,,,0,,,,,,,,MISS Kirilenko 5' Jump Shot,8:46 PM
128,0,4,156,0021000387,,,8:29,2,3,0,0,1610612762,,,,,,0,,,,,,0,,,,,,,,Jazz Rebound,8:46 PM
129,4,5,152,0021000387,,,8:28,2,5,0,1,1905,Andrei Kirilenko,UTA,Utah,1610612762.0,Jazz,0,,,,,,0,,,,,,,,Kirilenko Traveling Turnover (P2.T4),8:46 PM
130,0,8,157,0021000387,,,8:28,2,5,5,0,101179,Ronnie Price,UTA,Utah,1610612762.0,Jazz,101114,Deron Williams,UTA,Utah,1610612762.0,Jazz,0,,,,,,,,SUB: D. Williams FOR Price,8:48 PM
131,42,1,158,0021000387,Ariza 3' Driving Layup (8 PTS),,8:12,2,4,0,0,2772,Trevor Ariza,NOH,New Orleans,1610612740.0,Hornets,0,,,,,,0,,,,,,18 - 33,15,,8:49 PM
132,1,6,159,0021000387,Green P.FOUL (P1.T2),,7:59,2,4,5,1,2584,Willie Green,NOH,New Orleans,1610612740.0,Hornets,101139,CJ Miles,UTA,Utah,1610612762.0,Jazz,0,,,,,,,,,8:49 PM
133,0,8,160,0021000387,,,7:59,2,5,5,0,2246,Mehmet Okur,UTA,Utah,1610612762.0,Jazz,2744,Al Jefferson,UTA,Utah,1610612762.0,Jazz,0,,,,,,,,SUB: Jefferson FOR Okur,8:49 PM
134,0,8,161,0021000387,SUB: Okafor FOR Smith,,7:59,2,4,4,0,201160,Jason Smith,NOH,New Orleans,1610612740.0,Hornets,2731,Emeka Okafor,NOH,New Orleans,1610612740.0,Hornets,0,,,,,,,,,8:49 PM
135,1,2,162,0021000387,,,7:44,2,5,0,0,1905,Andrei Kirilenko,UTA,Utah,1610612762.0,Jazz,0,,,,,,0,,,,,,,,MISS Kirilenko 7' Jump Shot,8:49 PM
136,0,4,163,0021000387,,,7:43,2,5,0,0,2744,Al Jefferson,UTA,Utah,1610612762.0,Jazz,0,,,,,,0,,,,,,,,Jefferson REBOUND (Off:1 Def:1),8:49 PM
137,1,2,164,0021000387,,,7:27,2,5,0,0,101139,CJ Miles,UTA,Utah,1610612762.0,Jazz,0,,,,,,0,,,,,,,,MISS Miles 25' 3PT Jump Shot,8:50 PM
138,0,4,165,0021000387,HORNETS Rebound,,7:27,2,2,0,0,1610612740,,,,,,0,,,,,,0,,,,,,,,,8:50 PM
139,4,5,167,0021000387,Ariza Traveling Turnover (P2.T6),,7:16,2,4,0,1,2772,Trevor Ariza,NOH,New Orleans,1610612740.0,Hornets,0,,,,,,0,,,,,,,,,8:50 PM
140,0,8,168,0021000387,,,7:16,2,5,5,0,101139,CJ Miles,UTA,Utah,1610612762.0,Jazz,200794,Paul Millsap,UTA,Utah,1610612762.0,Jazz,0,,,,,,,,SUB: Millsap FOR Miles,8:50 PM
141,41,1,169,0021000387,,,7:07,2,5,0,0,101114,Deron Williams,UTA,Utah,1610612762.0,Jazz,0,,,,,,0,,,,,,20 - 33,13,D. Williams 2' Running Layup (2 PTS),8:51 PM
142,2,7,171,0021000387,,,6:47,2,5,0,1,2744,Al Jefferson,UTA,Utah,1610612762.0,Jazz,0,,,,,,0,,,,,,,,Jefferson Violation:Defensive Goaltending,8:51 PM
143,42,1,170,0021000387,Jack 3' Driving Layup (6 PTS),,6:47,2,4,0,0,101127,Jarrett Jack,NOH,New Orleans,1610612740.0,Hornets,0,,,,,,0,,,,,,20 - 35,15,,8:51 PM
144,2,6,173,0021000387,Jack S.FOUL (P1.T3),,6:33,2,4,5,1,101127,Jarrett Jack,NOH,New Orleans,1610612740.0,Hornets,200794,Paul Millsap,UTA,Utah,1610612762.0,Jazz,0,,,,,,,,,8:51 PM
145,11,3,174,0021000387,,,6:33,2,5,0,0,200794,Paul Millsap,UTA,Utah,1610612762.0,Jazz,0,,,,,,0,,,,,,21 - 35,14,Millsap Free Throw 1 of 2 (5 PTS),8:52 PM
146,0,8,176,0021000387,SUB: West FOR Green,,6:33,2,4,4,0,2584,Willie Green,NOH,New Orleans,1610612740.0,Hornets,2561,David West,NOH,New Orleans,1610612740.0,Hornets,0,,,,,,,,,8:52 PM
147,0,8,177,0021000387,,,6:33,2,5,5,0,2248,Earl Watson,UTA,Utah,1610612762.0,Jazz,1952,Raja Bell,UTA,Utah,1610612762.0,Jazz,0,,,,,,,,SUB: Bell FOR Watson,8:52 PM
148,12,3,178,0021000387,,,6:33,2,5,0,0,200794,Paul Millsap,UTA,Utah,1610612762.0,Jazz,0,,,,,,0,,,,,,22 - 35,13,Millsap Free Throw 2 of 2 (6 PTS),8:52 PM
149,5,1,180,0021000387,West 4' Layup (14 PTS) (Jack 2 AST),,6:17,2,4,4,0,2561,David West,NOH,New Orleans,1610612740.0,Hornets,101127,Jarrett Jack,NOH,New Orleans,1610612740.0,Hornets,0,,,,,,22 - 37,15,,8:52 PM
150,1,2,181,0021000387,,,6:00,2,5,0,0,2744,Al Jefferson,UTA,Utah,1610612762.0,Jazz,0,,,,,,0,,,,,,,,MISS Jefferson 11' Jump Shot,8:53 PM
151,0,4,182,0021000387,Ariza REBOUND (Off:1 Def:3),,5:59,2,4,0,0,2772,Trevor Ariza,NOH,New Orleans,1610612740.0,Hornets,0,,,,,,0,,,,,,,,,8:53 PM
152,1,1,183,0021000387,Thornton 26' 3PT Jump Shot (7 PTS) (Jack 3 AST),,5:47,2,4,4,0,201977,Marcus Thornton,NOH,New Orleans,1610612740.0,Hornets,101127,Jarrett Jack,NOH,New Orleans,1610612740.0,Hornets,0,,,,,,22 - 40,18,,8:53 PM
153,1,2,184,0021000387,,,5:32,2,5,0,0,1952,Raja Bell,UTA,Utah,1610612762.0,Jazz,0,,,,,,0,,,,,,,,MISS Bell 12' Jump Shot,8:53 PM
154,0,4,185,0021000387,Okafor REBOUND (Off:1 Def:4),,5:31,2,4,0,0,2731,Emeka Okafor,NOH,New Orleans,1610612740.0,Hornets,0,,,,,,0,,,,,,,,,8:53 PM
155,4,6,186,0021000387,Okafor OFF.Foul (P2),,5:22,2,4,5,1,2731,Emeka Okafor,NOH,New Orleans,1610612740.0,Hornets,101114,Deron Williams,UTA,Utah,1610612762.0,Jazz,0,,,,,,,,,8:53 PM
156,5,5,187,0021000387,Okafor Foul Turnover (P1.T7),,5:22,2,4,0,1,2731,Emeka Okafor,NOH,New Orleans,1610612740.0,Hornets,0,,,,,,0,,,,,,,,,8:53 PM
157,1,9,189,0021000387,HORNETS Timeout: Regular (Full 2 Short 0),,5:22,2,2,0,0,1610612740,,,,,,0,,,,,,0,,,,,,,,,8:54 PM
158,0,8,191,0021000387,SUB: Paul FOR Thornton,,5:22,2,4,4,0,201977,Marcus Thornton,NOH,New Orleans,1610612740.0,Hornets,101108,Chris Paul,NOH,New Orleans,1610612740.0,Hornets,0,,,,,,,,,8:56 PM
159,1,2,192,0021000387,,,5:05,2,5,0,0,1952,Raja Bell,UTA,Utah,1610612762.0,Jazz,0,,,,,,0,,,,,,,,MISS Bell 25' 3PT Jump Shot,8:56 PM
160,0,4,193,0021000387,Okafor REBOUND (Off:1 Def:5),,5:03,2,4,0,0,2731,Emeka Okafor,NOH,New Orleans,1610612740.0,Hornets,0,,,,,,0,,,,,,,,,8:56 PM
161,1,2,195,0021000387,MISS Jack 24' 3PT Jump Shot,,4:39,2,4,0,5,101127,Jarrett Jack,NOH,New Orleans,1610612740.0,Hornets,0,,,,,,1952,Raja Bell,UTA,Utah,1610612762.0,Jazz,,,Bell BLOCK (1 BLK),8:57 PM
162,0,4,196,0021000387,HORNETS Rebound,,4:39,2,2,0,0,1610612740,,,,,,0,,,,,,0,,,,,,,,,8:57 PM
163,11,5,197,0021000387,HORNETS Turnover: Shot Clock (T#8),,4:38,2,2,0,1,1610612740,,,,,,0,,,,,,0,,,,,,,,,8:57 PM
164,86,1,198,0021000387,,,4:21,2,5,0,0,200794,Paul Millsap,UTA,Utah,1610612762.0,Jazz,0,,,,,,0,,,,,,24 - 40,16,Millsap 11' Turnaround Fadeaway (8 PTS),8:57 PM
165,2,6,200,0021000387,,,4:00,2,5,4,1,1952,Raja Bell,UTA,Utah,1610612762.0,Jazz,2561,David West,NOH,New Orleans,1610612740.0,Hornets,0,,,,,,,,Bell S.FOUL (P3.T1),8:58 PM
166,1,7,201,0021000387,,,4:00,2,3,0,1,1610612762,,,,,,0,,,,,,0,,,,,,,,Jazz Violation: Delay of game Violation,8:58 PM
167,0,8,202,0021000387,,,4:00,2,5,5,0,1952,Raja Bell,UTA,Utah,1610612762.0,Jazz,202330,Gordon Hayward,UTA,Utah,1610612762.0,Jazz,0,,,,,,,,SUB: Hayward FOR Bell,8:58 PM
168,11,3,203,0021000387,West Free Throw 1 of 2 (15 PTS),,4:00,2,4,0,0,2561,David West,NOH,New Orleans,1610612740.0,Hornets,0,,,,,,0,,,,,,24 - 41,17,,8:58 PM
169,0,8,205,0021000387,SUB: Belinelli FOR Jack,,4:00,2,4,4,0,101127,Jarrett Jack,NOH,New Orleans,1610612740.0,Hornets,201158,Marco Belinelli,NOH,New Orleans,1610612740.0,Hornets,0,,,,,,,,,8:58 PM
170,12,3,206,0021000387,West Free Throw 2 of 2 (16 PTS),,4:00,2,4,0,0,2561,David West,NOH,New Orleans,1610612740.0,Hornets,0,,,,,,0,,,,,,24 - 42,18,,8:58 PM
171,2,6,209,0021000387,Paul S.FOUL (P1.T4),,3:51,2,4,5,1,101108,Chris Paul,NOH,New Orleans,1610612740.0,Hornets,101114,Deron Williams,UTA,Utah,1610612762.0,Jazz,0,,,,,,,,,8:59 PM
172,11,3,210,0021000387,,,3:51,2,5,0,0,101114,Deron Williams,UTA,Utah,1610612762.0,Jazz,0,,,,,,0,,,,,,25 - 42,17,D. Williams Free Throw 1 of 2 (3 PTS),8:59 PM
173,12,3,213,0021000387,,,3:51,2,5,0,0,101114,Deron Williams,UTA,Utah,1610612762.0,Jazz,0,,,,,,0,,,,,,26 - 42,16,D. Williams Free Throw 2 of 2 (4 PTS),8:59 PM
174,41,1,216,0021000387,Okafor 3' Running Layup (3 PTS) (Belinelli 1 AST),,3:41,2,4,4,0,2731,Emeka Okafor,NOH,New Orleans,1610612740.0,Hornets,201158,Marco Belinelli,NOH,New Orleans,1610612740.0,Hornets,0,,,,,,26 - 44,18,,9:00 PM
175,1,2,217,0021000387,,,3:30,2,5,0,0,101114,Deron Williams,UTA,Utah,1610612762.0,Jazz,0,,,,,,0,,,,,,,,MISS D. Williams 26' 3PT Jump Shot,9:00 PM
176,0,4,218,0021000387,Okafor REBOUND (Off:1 Def:6),,3:29,2,4,0,0,2731,Emeka Okafor,NOH,New Orleans,1610612740.0,Hornets,0,,,,,,0,,,,,,,,,9:00 PM
177,44,2,219,0021000387,MISS West 4' Reverse Layup,,3:14,2,4,0,5,2561,David West,NOH,New Orleans,1610612740.0,Hornets,0,,,,,,200794,Paul Millsap,UTA,Utah,1610612762.0,Jazz,,,Millsap BLOCK (1 BLK),9:00 PM
178,0,4,220,0021000387,West REBOUND (Off:2 Def:1),,3:13,2,4,0,0,2561,David West,NOH,New Orleans,1610612740.0,Hornets,0,,,,,,0,,,,,,,,,9:00 PM
179,1,2,221,0021000387,MISS Paul 20' Jump Shot,,3:06,2,4,0,0,101108,Chris Paul,NOH,New Orleans,1610612740.0,Hornets,0,,,,,,0,,,,,,,,,9:00 PM
180,0,4,222,0021000387,,,3:06,2,3,0,0,1610612762,,,,,,0,,,,,,0,,,,,,,,Jazz Rebound,9:00 PM
181,3,6,223,0021000387,Okafor L.B.FOUL (P3.PN),,3:06,2,4,5,1,2731,Emeka Okafor,NOH,New Orleans,1610612740.0,Hornets,200794,Paul Millsap,UTA,Utah,1610612762.0,Jazz,0,,,,,,,,,9:00 PM
182,0,8,225,0021000387,SUB: Smith FOR Okafor,,3:06,2,4,4,0,2731,Emeka Okafor,NOH,New Orleans,1610612740.0,Hornets,201160,Jason Smith,NOH,New Orleans,1610612740.0,Hornets,0,,,,,,,,,9:01 PM
183,11,3,226,0021000387,,,3:06,2,5,0,0,200794,Paul Millsap,UTA,Utah,1610612762.0,Jazz,0,,,,,,0,,,,,,27 - 44,17,Millsap Free Throw 1 of 2 (9 PTS),9:01 PM
184,12,3,228,0021000387,,,3:06,2,5,0,0,200794,Paul Millsap,UTA,Utah,1610612762.0,Jazz,0,,,,,,0,,,,,,28 - 44,16,Millsap Free Throw 2 of 2 (10 PTS),9:01 PM
185,49,1,231,0021000387,Ariza 1' Driving Dunk (10 PTS),,2:46,2,4,0,0,2772,Trevor Ariza,NOH,New Orleans,1610612740.0,Hornets,0,,,,,,0,,,,,,28 - 46,18,,9:02 PM
186,1,5,232,0021000387,Ariza STEAL (1 STL),,2:31,2,5,4,0,101114,Deron Williams,UTA,Utah,1610612762.0,Jazz,2772,Trevor Ariza,NOH,New Orleans,1610612740.0,Hornets,0,,,,,,,,D. Williams Bad Pass Turnover (P1.T5),9:02 PM
187,1,6,233,0021000387,,,2:30,2,5,4,1,101114,Deron Williams,UTA,Utah,1610612762.0,Jazz,101108,Chris Paul,NOH,New Orleans,1610612740.0,Hornets,0,,,,,,,,D. Williams P.FOUL (P1.T2),9:02 PM
188,1,9,235,0021000387,,,2:30,2,3,0,0,1610612762,,,,,,0,,,,,,0,,,,,,,,Jazz Timeout: Regular (Reg.2 Short 0),9:03 PM
189,1,5,236,0021000387,Belinelli Bad Pass Turnover (P1.T9),,2:12,2,4,5,0,201158,Marco Belinelli,NOH,New Orleans,1610612740.0,Hornets,1905,Andrei Kirilenko,UTA,Utah,1610612762.0,Jazz,0,,,,,,,,Kirilenko STEAL (2 STL),9:05 PM
190,2,5,237,0021000387,Belinelli STEAL (1 STL),,2:00,2,5,4,0,2744,Al Jefferson,UTA,Utah,1610612762.0,Jazz,201158,Marco Belinelli,NOH,New Orleans,1610612740.0,Hornets,0,,,,,,,,Jefferson Lost Ball Turnover (P1.T6),9:06 PM
191,1,2,238,0021000387,MISS Ariza 23' Jump Shot,,1:48,2,4,0,0,2772,Trevor Ariza,NOH,New Orleans,1610612740.0,Hornets,0,,,,,,0,,,,,,,,,9:06 PM
192,0,4,239,0021000387,,,1:47,2,5,0,0,200794,Paul Millsap,UTA,Utah,1610612762.0,Jazz,0,,,,,,0,,,,,,,,Millsap REBOUND (Off:0 Def:4),9:06 PM
193,5,2,240,0021000387,,,1:37,2,5,0,0,2744,Al Jefferson,UTA,Utah,1610612762.0,Jazz,0,,,,,,0,,,,,,,,MISS Jefferson 2' Layup,9:06 PM
194,0,4,241,0021000387,West REBOUND (Off:2 Def:2),,1:36,2,4,0,0,2561,David West,NOH,New Orleans,1610612740.0,Hornets,0,,,,,,0,,,,,,,,,9:06 PM
195,78,1,242,0021000387,Paul 5' Floating Jump Shot (2 PTS),,1:29,2,4,0,0,101108,Chris Paul,NOH,New Orleans,1610612740.0,Hornets,0,,,,,,0,,,,,,28 - 48,20,,9:06 PM
196,42,1,243,0021000387,,,1:11,2,5,0,0,200794,Paul Millsap,UTA,Utah,1610612762.0,Jazz,0,,,,,,0,,,,,,30 - 48,18,Millsap 3' Driving Layup (12 PTS),9:06 PM
197,1,1,244,0021000387,West 18' Jump Shot (18 PTS) (Paul 4 AST),,0:57,2,4,4,0,2561,David West,NOH,New Orleans,1610612740.0,Hornets,101108,Chris Paul,NOH,New Orleans,1610612740.0,Hornets,0,,,,,,30 - 50,20,,9:07 PM
198,1,1,245,0021000387,,,0:36,2,5,5,0,202330,Gordon Hayward,UTA,Utah,1610612762.0,Jazz,101114,Deron Williams,UTA,Utah,1610612762.0,Jazz,0,,,,,,33 - 50,17,Hayward 24' 3PT Jump Shot (3 PTS) (D. Williams 3 AST),9:07 PM
199,0,8,247,0021000387,SUB: Thornton FOR Belinelli,,0:32,2,4,4,0,201158,Marco Belinelli,NOH,New Orleans,1610612740.0,Hornets,201977,Marcus Thornton,NOH,New Orleans,1610612740.0,Hornets,0,,,,,,,,,9:08 PM
200,44,2,248,0021000387,MISS West 2' Reverse Layup,,0:23,2,4,0,0,2561,David West,NOH,New Orleans,1610612740.0,Hornets,0,,,,,,0,,,,,,,,,9:08 PM
201,0,4,249,0021000387,,,0:22,2,5,0,0,200794,Paul Millsap,UTA,Utah,1610612762.0,Jazz,0,,,,,,0,,,,,,,,Millsap REBOUND (Off:0 Def:5),9:08 PM
202,5,2,250,0021000387,Smith BLOCK (1 BLK),,0:18,2,5,0,4,2744,Al Jefferson,UTA,Utah,1610612762.0,Jazz,0,,,,,,201160,Jason Smith,NOH,New Orleans,1610612740.0,Hornets,,,MISS Jefferson 2' Layup,9:08 PM
203,0,4,251,0021000387,Thornton REBOUND (Off:1 Def:1),,0:17,2,4,0,0,201977,Marcus Thornton,NOH,New Orleans,1610612740.0,Hornets,0,,,,,,0,,,,,,,,,9:08 PM
204,1,2,252,0021000387,MISS Paul 10' Jump Shot,,0:01,2,4,0,0,101108,Chris Paul,NOH,New Orleans,1610612740.0,Hornets,0,,,,,,0,,,,,,,,,9:08 PM
205,0,4,253,0021000387,West REBOUND (Off:3 Def:2),,0:00,2,4,0,0,2561,David West,NOH,New Orleans,1610612740.0,Hornets,0,,,,,,0,,,,,,,,,9:08 PM
206,0,13,254,0021000387,,,0:00,2,0,0,0,0,,,,,,0,,,,,,0,,,,,,33 - 50,17,,9:08 PM
207,0,12,256,0021000387,,,12:00,3,0,0,0,0,,,,,,0,,,,,,0,,,,,,33 - 50,17,,9:24 PM
208,2,5,258,0021000387,Ariza Lost Ball Turnover (P3.T10),,11:35,3,4,5,0,2772,Trevor Ariza,NOH,New Orleans,1610612740.0,Hornets,1905,Andrei Kirilenko,UTA,Utah,1610612762.0,Jazz,0,,,,,,,,Kirilenko STEAL (3 STL),9:25 PM
209,27,6,259,0021000387,Paul Personal Block Foul (P2.T1),,11:31,3,4,5,1,101108,Chris Paul,NOH,New Orleans,1610612740.0,Hornets,101114,Deron Williams,UTA,Utah,1610612762.0,Jazz,0,,,,,,,,,9:25 PM
210,1,6,260,0021000387,Paul P.FOUL (P3.T2),,11:28,3,4,5,1,101108,Chris Paul,NOH,New Orleans,1610612740.0,Hornets,101114,Deron Williams,UTA,Utah,1610612762.0,Jazz,0,,,,,,,,,9:26 PM
211,1,2,261,0021000387,,,11:18,3,5,0,0,1905,Andrei Kirilenko,UTA,Utah,1610612762.0,Jazz,0,,,,,,0,,,,,,,,MISS Kirilenko 25' 3PT Jump Shot,9:26 PM
212,0,4,262,0021000387,Paul REBOUND (Off:1 Def:4),,11:16,3,4,0,0,101108,Chris Paul,NOH,New Orleans,1610612740.0,Hornets,0,,,,,,0,,,,,,,,,9:26 PM
213,1,1,264,0021000387,Paul 17' Jump Shot (4 PTS) (Ariza 1 AST),,11:09,3,4,4,0,101108,Chris Paul,NOH,New Orleans,1610612740.0,Hornets,2772,Trevor Ariza,NOH,New Orleans,1610612740.0,Hornets,0,,,,,,33 - 52,19,,9:26 PM
214,1,2,265,0021000387,,,10:56,3,5,0,0,101114,Deron Williams,UTA,Utah,1610612762.0,Jazz,0,,,,,,0,,,,,,,,MISS D. Williams 25' 3PT Jump Shot,9:27 PM
215,0,4,266,0021000387,,,10:54,3,5,0,0,2744,Al Jefferson,UTA,Utah,1610612762.0,Jazz,0,,,,,,0,,,,,,,,Jefferson REBOUND (Off:2 Def:1),9:27 PM
216,72,1,267,0021000387,,,10:53,3,5,0,0,2744,Al Jefferson,UTA,Utah,1610612762.0,Jazz,0,,,,,,0,,,,,,35 - 52,17,Jefferson 2' Putback Layup (8 PTS),9:27 PM
217,1,5,268,0021000387,Paul Bad Pass Turnover (P3.T11),,10:39,3,4,0,0,101108,Chris Paul,NOH,New Orleans,1610612740.0,Hornets,0,,,,,,0,,,,,,,,,9:27 PM
218,1,2,269,0021000387,,,10:20,3,5,0,0,1952,Raja Bell,UTA,Utah,1610612762.0,Jazz,0,,,,,,0,,,,,,,,MISS Bell 26' 3PT Jump Shot,9:27 PM
219,0,4,270,0021000387,Okafor REBOUND (Off:1 Def:7),,10:18,3,4,0,0,2731,Emeka Okafor,NOH,New Orleans,1610612740.0,Hornets,0,,,,,,0,,,,,,,,,9:27 PM
220,5,1,271,0021000387,Belinelli 2' Layup (2 PTS) (West 1 AST),,10:00,3,4,4,0,201158,Marco Belinelli,NOH,New Orleans,1610612740.0,Hornets,2561,David West,NOH,New Orleans,1610612740.0,Hornets,0,,,,,,35 - 54,19,,9:28 PM
221,71,1,272,0021000387,,,9:46,3,5,0,0,101114,Deron Williams,UTA,Utah,1610612762.0,Jazz,0,,,,,,0,,,,,,37 - 54,17,D. Williams 2' Finger Roll Layup (6 PTS),9:28 PM
222,5,2,273,0021000387,MISS Okafor 2' Layup,,9:36,3,4,0,5,2731,Emeka Okafor,NOH,New Orleans,1610612740.0,Hornets,0,,,,,,2744,Al Jefferson,UTA,Utah,1610612762.0,Jazz,,,Jefferson BLOCK (1 BLK),9:28 PM
223,0,4,274,0021000387,,,9:35,3,5,0,0,1952,Raja Bell,UTA,Utah,1610612762.0,Jazz,0,,,,,,0,,,,,,,,Bell REBOUND (Off:0 Def:1),9:28 PM
224,1,2,275,0021000387,,,9:28,3,5,0,0,2744,Al Jefferson,UTA,Utah,1610612762.0,Jazz,0,,,,,,0,,,,,,,,MISS Jefferson 5' Jump Shot,9:28 PM
225,0,4,276,0021000387,Okafor REBOUND (Off:1 Def:8),,9:26,3,4,0,0,2731,Emeka Okafor,NOH,New Orleans,1610612740.0,Hornets,0,,,,,,0,,,,,,,,,9:28 PM
226,1,1,277,0021000387,Belinelli 25' 3PT Jump Shot (5 PTS) (Paul 5 AST),,9:20,3,4,4,0,201158,Marco Belinelli,NOH,New Orleans,1610612740.0,Hornets,101108,Chris Paul,NOH,New Orleans,1610612740.0,Hornets,0,,,,,,37 - 57,20,,9:28 PM
227,1,5,278,0021000387,West STEAL (1 STL),,8:58,3,5,4,0,101114,Deron Williams,UTA,Utah,1610612762.0,Jazz,2561,David West,NOH,New Orleans,1610612740.0,Hornets,0,,,,,,,,D. Williams Bad Pass Turnover (P2.T7),9:29 PM
228,8,1,279,0021000387,Ariza 1' Slam Dunk (12 PTS) (Paul 6 AST),,8:54,3,4,4,0,2772,Trevor Ariza,NOH,New Orleans,1610612740.0,Hornets,101108,Chris Paul,NOH,New Orleans,1610612740.0,Hornets,0,,,,,,37 - 59,22,,9:29 PM
229,1,9,280,0021000387,,,8:40,3,3,0,0,1610612762,,,,,,0,,,,,,0,,,,,,,,Jazz Timeout: Regular (Reg.3 Short 0),9:29 PM
230,5,2,283,0021000387,Okafor BLOCK (1 BLK),,8:30,3,5,0,4,200794,Paul Millsap,UTA,Utah,1610612762.0,Jazz,0,,,,,,2731,Emeka Okafor,NOH,New Orleans,1610612740.0,Hornets,,,MISS Millsap 4' Layup,9:32 PM
231,0,4,284,0021000387,Belinelli REBOUND (Off:0 Def:3),,8:29,3,4,0,0,201158,Marco Belinelli,NOH,New Orleans,1610612740.0,Hornets,0,,,,,,0,,,,,,,,,9:32 PM
232,2,6,285,0021000387,,,8:24,3,5,4,1,1905,Andrei Kirilenko,UTA,Utah,1610612762.0,Jazz,2561,David West,NOH,New Orleans,1610612740.0,Hornets,0,,,,,,,,Kirilenko S.FOUL (P1.T1),9:33 PM
233,11,3,286,0021000387,West Free Throw 1 of 2 (19 PTS),,8:24,3,4,0,0,2561,David West,NOH,New Orleans,1610612740.0,Hornets,0,,,,,,0,,,,,,37 - 60,23,,9:33 PM
234,12,3,288,0021000387,West Free Throw 2 of 2 (20 PTS),,8:24,3,4,0,0,2561,David West,NOH,New Orleans,1610612740.0,Hornets,0,,,,,,0,,,,,,37 - 61,24,,9:33 PM
235,1,2,293,0021000387,,,8:06,3,5,0,0,1905,Andrei Kirilenko,UTA,Utah,1610612762.0,Jazz,0,,,,,,0,,,,,,,,MISS Kirilenko 18' Jump Shot,9:34 PM
236,0,4,294,0021000387,West REBOUND (Off:3 Def:3),,8:05,3,4,0,0,2561,David West,NOH,New Orleans,1610612740.0,Hornets,0,,,,,,0,,,,,,,,,9:34 PM
237,79,1,295,0021000387,Paul 19' Pullup Jump Shot (6 PTS) (West 2 AST),,7:59,3,4,4,0,101108,Chris Paul,NOH,New Orleans,1610612740.0,Hornets,2561,David West,NOH,New Orleans,1610612740.0,Hornets,0,,,,,,37 - 63,26,,9:34 PM
238,2,6,296,0021000387,,,7:59,3,5,4,1,101114,Deron Williams,UTA,Utah,1610612762.0,Jazz,101108,Chris Paul,NOH,New Orleans,1610612740.0,Hornets,0,,,,,,,,D. Williams S.FOUL (P2.T2),9:34 PM
239,10,3,297,0021000387,Paul Free Throw 1 of 1 (7 PTS),,7:59,3,4,0,0,101108,Chris Paul,NOH,New Orleans,1610612740.0,Hornets,0,,,,,,0,,,,,,37 - 64,27,,9:34 PM
240,1,1,300,0021000387,,,7:39,3,5,5,0,2744,Al Jefferson,UTA,Utah,1610612762.0,Jazz,1905,Andrei Kirilenko,UTA,Utah,1610612762.0,Jazz,0,,,,,,39 - 64,25,Jefferson 13' Jump Shot (10 PTS) (Kirilenko 2 AST),9:35 PM
241,2,6,301,0021000387,,,7:30,3,5,4,1,2744,Al Jefferson,UTA,Utah,1610612762.0,Jazz,2731,Emeka Okafor,NOH,New Orleans,1610612740.0,Hornets,0,,,,,,,,Jefferson S.FOUL (P2.T3),9:35 PM
242,11,3,302,0021000387,MISS Okafor Free Throw 1 of 2,,7:30,3,4,0,0,2731,Emeka Okafor,NOH,New Orleans,1610612740.0,Hornets,0,,,,,,0,,,,,,,,,9:35 PM
243,1,4,303,0021000387,HORNETS Rebound,,7:30,3,2,0,0,1610612740,,,,,,0,,,,,,0,,,,,,,,,9:35 PM
244,12,3,304,0021000387,Okafor Free Throw 2 of 2 (4 PTS),,7:30,3,4,0,0,2731,Emeka Okafor,NOH,New Orleans,1610612740.0,Hornets,0,,,,,,0,,,,,,39 - 65,26,,9:36 PM
245,1,1,307,0021000387,,,7:16,3,5,0,0,200794,Paul Millsap,UTA,Utah,1610612762.0,Jazz,0,,,,,,0,,,,,,41 - 65,24,Millsap 17' Jump Shot (14 PTS),9:36 PM
246,0,10,308,0021000387,Jump Ball Ariza vs. Jefferson: Tip to Bell,,7:04,3,4,5,5,2772,Trevor Ariza,NOH,New Orleans,1610612740.0,Hornets,2744,Al Jefferson,UTA,Utah,1610612762.0,Jazz,1952,Raja Bell,UTA,Utah,1610612762.0,Jazz,,,,9:36 PM
247,2,5,309,0021000387,Ariza Lost Ball Turnover (P4.T12),,7:04,3,4,5,0,2772,Trevor Ariza,NOH,New Orleans,1610612740.0,Hornets,2744,Al Jefferson,UTA,Utah,1610612762.0,Jazz,0,,,,,,,,Jefferson STEAL (1 STL),9:36 PM
248,1,2,310,0021000387,,,6:54,3,5,0,0,2744,Al Jefferson,UTA,Utah,1610612762.0,Jazz,0,,,,,,0,,,,,,,,MISS Jefferson 14' Jump Shot,9:37 PM
249,0,4,311,0021000387,West REBOUND (Off:3 Def:4),,6:53,3,4,0,0,2561,David West,NOH,New Orleans,1610612740.0,Hornets,0,,,,,,0,,,,,,,,,9:37 PM
250,42,1,312,0021000387,Paul 3' Driving Layup (9 PTS),,6:47,3,4,0,0,101108,Chris Paul,NOH,New Orleans,1610612740.0,Hornets,0,,,,,,0,,,,,,41 - 67,26,,9:37 PM
251,5,2,313,0021000387,,,6:40,3,5,0,0,101114,Deron Williams,UTA,Utah,1610612762.0,Jazz,0,,,,,,0,,,,,,,,MISS D. Williams 3' Layup,9:37 PM
252,0,4,314,0021000387,Okafor REBOUND (Off:1 Def:9),,6:39,3,4,0,0,2731,Emeka Okafor,NOH,New Orleans,1610612740.0,Hornets,0,,,,,,0,,,,,,,,,9:37 PM
253,1,1,316,0021000387,Belinelli 27' 3PT Jump Shot (8 PTS) (Paul 7 AST),,6:19,3,4,4,0,201158,Marco Belinelli,NOH,New Orleans,1610612740.0,Hornets,101108,Chris Paul,NOH,New Orleans,1610612740.0,Hornets,0,,,,,,41 - 70,29,,9:38 PM
254,2,6,318,0021000387,Ariza S.FOUL (P2.T3),,6:02,3,4,5,1,2772,Trevor Ariza,NOH,New Orleans,1610612740.0,Hornets,1905,Andrei Kirilenko,UTA,Utah,1610612762.0,Jazz,0,,,,,,,,,9:38 PM
255,11,3,319,0021000387,,,6:02,3,5,0,0,1905,Andrei Kirilenko,UTA,Utah,1610612762.0,Jazz,0,,,,,,0,,,,,,,,MISS Kirilenko Free Throw 1 of 2,9:38 PM
256,1,4,320,0021000387,,,6:02,3,3,0,0,1610612762,,,,,,0,,,,,,0,,,,,,,,Jazz Rebound,9:38 PM
257,12,3,321,0021000387,,,6:02,3,5,0,0,1905,Andrei Kirilenko,UTA,Utah,1610612762.0,Jazz,0,,,,,,0,,,,,,42 - 70,28,Kirilenko Free Throw 2 of 2 (7 PTS),9:39 PM
258,1,2,324,0021000387,MISS Belinelli  3PT Jump Shot,,5:47,3,4,0,0,201158,Marco Belinelli,NOH,New Orleans,1610612740.0,Hornets,0,,,,,,0,,,,,,,,,9:39 PM
259,0,4,325,0021000387,,,5:47,3,5,0,0,101114,Deron Williams,UTA,Utah,1610612762.0,Jazz,0,,,,,,0,,,,,,,,D. Williams REBOUND (Off:0 Def:2),9:39 PM
260,42,1,326,0021000387,,,5:42,3,5,5,0,1952,Raja Bell,UTA,Utah,1610612762.0,Jazz,101114,Deron Williams,UTA,Utah,1610612762.0,Jazz,0,,,,,,44 - 70,26,Bell 2' Driving Layup (2 PTS) (D. Williams 4 AST),9:39 PM
261,2,5,327,0021000387,Ariza Lost Ball Turnover (P5.T13),,5:34,3,4,5,0,2772,Trevor Ariza,NOH,New Orleans,1610612740.0,Hornets,200794,Paul Millsap,UTA,Utah,1610612762.0,Jazz,0,,,,,,,,Millsap STEAL (2 STL),9:39 PM
262,1,1,328,0021000387,,,5:28,3,5,5,0,1952,Raja Bell,UTA,Utah,1610612762.0,Jazz,101114,Deron Williams,UTA,Utah,1610612762.0,Jazz,0,,,,,,47 - 70,23,Bell 27' 3PT Jump Shot (5 PTS) (D. Williams 5 AST),9:39 PM
263,1,9,329,0021000387,HORNETS Timeout: Regular (Full 3 Short 0),,5:26,3,2,0,0,1610612740,,,,,,0,,,,,,0,,,,,,,,,9:40 PM
264,79,1,331,0021000387,Ariza 13' Pullup Jump Shot (14 PTS),,5:04,3,4,0,0,2772,Trevor Ariza,NOH,New Orleans,1610612740.0,Hornets,0,,,,,,0,,,,,,47 - 72,25,,9:42 PM
265,1,1,332,0021000387,,,4:53,3,5,5,0,1952,Raja Bell,UTA,Utah,1610612762.0,Jazz,200794,Paul Millsap,UTA,Utah,1610612762.0,Jazz,0,,,,,,50 - 72,22,Bell 24' 3PT Jump Shot (8 PTS) (Millsap 2 AST),9:43 PM
266,1,2,333,0021000387,MISS Ariza 25' 3PT Jump Shot,,4:25,3,4,0,0,2772,Trevor Ariza,NOH,New Orleans,1610612740.0,Hornets,0,,,,,,0,,,,,,,,,9:43 PM
267,0,4,334,0021000387,,,4:24,3,5,0,0,200794,Paul Millsap,UTA,Utah,1610612762.0,Jazz,0,,,,,,0,,,,,,,,Millsap REBOUND (Off:0 Def:6),9:43 PM
268,1,2,335,0021000387,,,4:16,3,5,0,0,1952,Raja Bell,UTA,Utah,1610612762.0,Jazz,0,,,,,,0,,,,,,,,MISS Bell 24' 3PT Jump Shot,9:43 PM
269,0,4,336,0021000387,Okafor REBOUND (Off:1 Def:10),,4:15,3,4,0,0,2731,Emeka Okafor,NOH,New Orleans,1610612740.0,Hornets,0,,,,,,0,,,,,,,,,9:43 PM
270,63,1,337,0021000387,Paul 15' Fadeaway Jumper (11 PTS),,4:06,3,4,0,0,101108,Chris Paul,NOH,New Orleans,1610612740.0,Hornets,0,,,,,,0,,,,,,50 - 74,24,,9:43 PM
271,5,1,338,0021000387,,,3:52,3,5,5,0,101114,Deron Williams,UTA,Utah,1610612762.0,Jazz,1905,Andrei Kirilenko,UTA,Utah,1610612762.0,Jazz,0,,,,,,52 - 74,22,D. Williams 3' Layup (8 PTS) (Kirilenko 3 AST),9:44 PM
272,26,6,339,0021000387,Ariza Offensive Charge Foul (P3.T4),,3:32,3,4,5,1,2772,Trevor Ariza,NOH,New Orleans,1610612740.0,Hornets,1952,Raja Bell,UTA,Utah,1610612762.0,Jazz,0,,,,,,,,,9:44 PM
273,5,5,340,0021000387,Ariza Foul Turnover (P6.T14),,3:32,3,4,0,1,2772,Trevor Ariza,NOH,New Orleans,1610612740.0,Hornets,0,,,,,,0,,,,,,,,,9:44 PM
274,0,8,341,0021000387,,,3:32,3,5,5,0,1905,Andrei Kirilenko,UTA,Utah,1610612762.0,Jazz,101139,CJ Miles,UTA,Utah,1610612762.0,Jazz,0,,,,,,,,SUB: Miles FOR Kirilenko,9:44 PM
275,0,8,342,0021000387,SUB: Thornton FOR Belinelli,,3:32,3,4,4,0,201158,Marco Belinelli,NOH,New Orleans,1610612740.0,Hornets,201977,Marcus Thornton,NOH,New Orleans,1610612740.0,Hornets,0,,,,,,,,,9:44 PM
276,1,2,344,0021000387,,,3:19,3,5,0,0,101114,Deron Williams,UTA,Utah,1610612762.0,Jazz,0,,,,,,0,,,,,,,,MISS D. Williams 25' 3PT Jump Shot,9:45 PM
277,0,4,345,0021000387,Ariza REBOUND (Off:1 Def:4),,3:18,3,4,0,0,2772,Trevor Ariza,NOH,New Orleans,1610612740.0,Hornets,0,,,,,,0,,,,,,,,,9:45 PM
278,1,6,346,0021000387,,,3:05,3,5,4,1,2744,Al Jefferson,UTA,Utah,1610612762.0,Jazz,2731,Emeka Okafor,NOH,New Orleans,1610612740.0,Hornets,0,,,,,,,,Jefferson P.FOUL (P3.T4),9:45 PM
279,0,8,347,0021000387,,,3:05,3,5,5,0,2744,Al Jefferson,UTA,Utah,1610612762.0,Jazz,1922,Francisco Elson,UTA,Utah,1610612762.0,Jazz,0,,,,,,,,SUB: Elson FOR Jefferson,9:45 PM
280,4,6,348,0021000387,Okafor OFF.Foul (P4),,2:56,3,4,5,1,2731,Emeka Okafor,NOH,New Orleans,1610612740.0,Hornets,1952,Raja Bell,UTA,Utah,1610612762.0,Jazz,0,,,,,,,,,9:46 PM
281,5,5,349,0021000387,Okafor Foul Turnover (P2.T15),,2:56,3,4,0,1,2731,Emeka Okafor,NOH,New Orleans,1610612740.0,Hornets,0,,,,,,0,,,,,,,,,9:46 PM
282,0,8,350,0021000387,SUB: Smith FOR Okafor,,2:56,3,4,4,0,2731,Emeka Okafor,NOH,New Orleans,1610612740.0,Hornets,201160,Jason Smith,NOH,New Orleans,1610612740.0,Hornets,0,,,,,,,,,9:46 PM
283,1,2,352,0021000387,,,2:39,3,5,0,0,101139,CJ Miles,UTA,Utah,1610612762.0,Jazz,0,,,,,,0,,,,,,,,MISS Miles 26' 3PT Jump Shot,9:46 PM
284,0,4,353,0021000387,Paul REBOUND (Off:1 Def:5),,2:38,3,4,0,0,101108,Chris Paul,NOH,New Orleans,1610612740.0,Hornets,0,,,,,,0,,,,,,,,,9:46 PM
285,0,8,355,0021000387,SUB: Green FOR Ariza,,2:33,3,4,4,0,2772,Trevor Ariza,NOH,New Orleans,1610612740.0,Hornets,2584,Willie Green,NOH,New Orleans,1610612740.0,Hornets,0,,,,,,,,,9:47 PM
286,1,2,356,0021000387,MISS Green 25' 3PT Jump Shot,,2:14,3,4,0,0,2584,Willie Green,NOH,New Orleans,1610612740.0,Hornets,0,,,,,,0,,,,,,,,,9:47 PM
287,0,4,357,0021000387,West REBOUND (Off:4 Def:4),,2:13,3,4,0,0,2561,David West,NOH,New Orleans,1610612740.0,Hornets,0,,,,,,0,,,,,,,,,9:47 PM
288,2,5,358,0021000387,West Lost Ball Turnover (P2.T16),,2:12,3,4,5,0,2561,David West,NOH,New Orleans,1610612740.0,Hornets,101139,CJ Miles,UTA,Utah,1610612762.0,Jazz,0,,,,,,,,Miles STEAL (1 STL),9:47 PM
289,5,2,359,0021000387,West BLOCK (2 BLK),,2:02,3,5,0,4,101139,CJ Miles,UTA,Utah,1610612762.0,Jazz,0,,,,,,2561,David West,NOH,New Orleans,1610612740.0,Hornets,,,MISS Miles 2' Layup,9:47 PM
290,0,4,360,0021000387,HORNETS Rebound,,2:01,3,2,0,0,1610612740,,,,,,0,,,,,,0,,,,,,,,,9:47 PM
291,1,1,361,0021000387,Thornton 25' 3PT Jump Shot (10 PTS) (Paul 8 AST),,1:41,3,4,4,0,201977,Marcus Thornton,NOH,New Orleans,1610612740.0,Hornets,101108,Chris Paul,NOH,New Orleans,1610612740.0,Hornets,0,,,,,,52 - 77,25,,9:48 PM
292,1,2,362,0021000387,,,1:19,3,5,0,0,1952,Raja Bell,UTA,Utah,1610612762.0,Jazz,0,,,,,,0,,,,,,,,MISS Bell 25' 3PT Jump Shot,9:48 PM
293,0,4,363,0021000387,,,1:19,3,3,0,0,1610612762,,,,,,0,,,,,,0,,,,,,,,Jazz Rebound,9:48 PM
294,3,6,364,0021000387,West L.B.FOUL (P1.PN),,1:19,3,4,5,1,2561,David West,NOH,New Orleans,1610612740.0,Hornets,200794,Paul Millsap,UTA,Utah,1610612762.0,Jazz,0,,,,,,,,,9:48 PM
295,0,8,365,0021000387,,,1:19,3,5,5,0,200794,Paul Millsap,UTA,Utah,1610612762.0,Jazz,2246,Mehmet Okur,UTA,Utah,1610612762.0,Jazz,0,,,,,,,,SUB: Okur FOR Millsap,9:48 PM
296,0,8,366,0021000387,SUB: Jack FOR Paul,,1:19,3,4,4,0,101108,Chris Paul,NOH,New Orleans,1610612740.0,Hornets,101127,Jarrett Jack,NOH,New Orleans,1610612740.0,Hornets,0,,,,,,,,,9:48 PM
297,5,1,368,0021000387,,,1:00,3,5,5,0,101114,Deron Williams,UTA,Utah,1610612762.0,Jazz,2246,Mehmet Okur,UTA,Utah,1610612762.0,Jazz,0,,,,,,54 - 77,23,D. Williams 3' Layup (10 PTS) (Okur 1 AST),9:49 PM
298,2,6,369,0021000387,Jack S.FOUL (P2.PN),,1:00,3,4,5,1,101127,Jarrett Jack,NOH,New Orleans,1610612740.0,Hornets,101114,Deron Williams,UTA,Utah,1610612762.0,Jazz,0,,,,,,,,,9:49 PM
299,10,3,370,0021000387,,,1:00,3,5,0,0,101114,Deron Williams,UTA,Utah,1610612762.0,Jazz,0,,,,,,0,,,,,,,,MISS D. Williams Free Throw 1 of 1,9:49 PM
300,0,4,372,0021000387,HORNETS Rebound,,1:00,3,2,0,0,1610612740,,,,,,0,,,,,,0,,,,,,,,,9:50 PM
301,46,1,374,0021000387,Green 14' Running Jump Shot (2 PTS) (Jack 4 AST),,0:40,3,4,4,0,2584,Willie Green,NOH,New Orleans,1610612740.0,Hornets,101127,Jarrett Jack,NOH,New Orleans,1610612740.0,Hornets,0,,,,,,54 - 79,25,,9:50 PM
302,1,2,375,0021000387,Smith BLOCK (2 BLK),,0:27,3,5,0,4,101139,CJ Miles,UTA,Utah,1610612762.0,Jazz,0,,,,,,201160,Jason Smith,NOH,New Orleans,1610612740.0,Hornets,,,MISS Miles 5' Jump Shot,9:50 PM
303,0,4,376,0021000387,Thornton REBOUND (Off:1 Def:2),,0:26,3,4,0,0,201977,Marcus Thornton,NOH,New Orleans,1610612740.0,Hornets,0,,,,,,0,,,,,,,,,9:50 PM
304,79,1,377,0021000387,Jack 15' Pullup Jump Shot (8 PTS),,0:04,3,4,0,0,101127,Jarrett Jack,NOH,New Orleans,1610612740.0,Hornets,0,,,,,,0,,,,,,54 - 81,27,,9:51 PM
305,1,2,378,0021000387,,,0:00,3,5,0,0,1952,Raja Bell,UTA,Utah,1610612762.0,Jazz,0,,,,,,0,,,,,,,,MISS Bell 20' Jump Shot,9:51 PM
306,0,4,379,0021000387,HORNETS Rebound,,0:00,3,2,0,0,1610612740,,,,,,0,,,,,,0,,,,,,,,,9:51 PM
307,0,13,381,0021000387,,,0:00,3,0,0,0,0,,,,,,0,,,,,,0,,,,,,54 - 81,27,,9:51 PM
308,0,12,383,0021000387,,,12:00,4,0,0,0,0,,,,,,0,,,,,,0,,,,,,54 - 81,27,,9:54 PM
309,1,1,384,0021000387,,,11:48,4,5,0,0,101139,CJ Miles,UTA,Utah,1610612762.0,Jazz,0,,,,,,0,,,,,,56 - 81,25,Miles 22' Jump Shot (4 PTS),9:54 PM
310,45,2,386,0021000387,MISS Jack 6' Jump Shot,,11:34,4,4,0,5,101127,Jarrett Jack,NOH,New Orleans,1610612740.0,Hornets,0,,,,,,101139,CJ Miles,UTA,Utah,1610612762.0,Jazz,,,Miles BLOCK (1 BLK),9:54 PM
311,0,10,385,0021000387,Jump Ball Jack vs. Miles: Tip to Okur,,11:33,4,4,5,5,101127,Jarrett Jack,NOH,New Orleans,1610612740.0,Hornets,101139,CJ Miles,UTA,Utah,1610612762.0,Jazz,2246,Mehmet Okur,UTA,Utah,1610612762.0,Jazz,,,,9:54 PM
312,0,4,389,0021000387,,,11:33,4,3,0,0,1610612762,,,,,,0,,,,,,0,,,,,,,,Jazz Rebound,9:55 PM
313,2,6,388,0021000387,Smith S.FOUL (P1.T1),,11:26,4,4,5,1,201160,Jason Smith,NOH,New Orleans,1610612740.0,Hornets,101139,CJ Miles,UTA,Utah,1610612762.0,Jazz,0,,,,,,,,,9:55 PM
314,11,3,390,0021000387,,,11:26,4,5,0,0,101139,CJ Miles,UTA,Utah,1610612762.0,Jazz,0,,,,,,0,,,,,,,,MISS Miles Free Throw 1 of 2,9:55 PM
315,1,4,391,0021000387,,,11:26,4,3,0,0,1610612762,,,,,,0,,,,,,0,,,,,,,,Jazz Rebound,9:55 PM
316,12,3,392,0021000387,,,11:26,4,5,0,0,101139,CJ Miles,UTA,Utah,1610612762.0,Jazz,0,,,,,,0,,,,,,57 - 81,24,Miles Free Throw 2 of 2 (5 PTS),9:55 PM
317,1,2,395,0021000387,MISS Thornton 24' 3PT Jump Shot,,11:10,4,4,0,0,201977,Marcus Thornton,NOH,New Orleans,1610612740.0,Hornets,0,,,,,,0,,,,,,,,,9:56 PM
318,0,4,396,0021000387,,,11:09,4,3,0,0,1610612762,,,,,,0,,,,,,0,,,,,,,,Jazz Rebound,9:56 PM
319,5,2,398,0021000387,,,10:57,4,5,0,0,2246,Mehmet Okur,UTA,Utah,1610612762.0,Jazz,0,,,,,,0,,,,,,,,MISS Okur 3' Layup,9:56 PM
320,0,4,399,0021000387,Smith REBOUND (Off:1 Def:3),,10:56,4,4,0,0,201160,Jason Smith,NOH,New Orleans,1610612740.0,Hornets,0,,,,,,0,,,,,,,,,9:56 PM
321,2,6,400,0021000387,,,10:43,4,5,4,1,2246,Mehmet Okur,UTA,Utah,1610612762.0,Jazz,2772,Trevor Ariza,NOH,New Orleans,1610612740.0,Hornets,0,,,,,,,,Okur S.FOUL (P2.T1),9:56 PM
322,11,3,401,0021000387,Ariza Free Throw 1 of 2 (15 PTS),,10:43,4,4,0,0,2772,Trevor Ariza,NOH,New Orleans,1610612740.0,Hornets,0,,,,,,0,,,,,,57 - 82,25,,9:57 PM
323,12,3,403,0021000387,Ariza Free Throw 2 of 2 (16 PTS),,10:43,4,4,0,0,2772,Trevor Ariza,NOH,New Orleans,1610612740.0,Hornets,0,,,,,,0,,,,,,57 - 83,26,,9:57 PM
324,5,1,406,0021000387,,,10:27,4,5,0,0,2246,Mehmet Okur,UTA,Utah,1610612762.0,Jazz,0,,,,,,0,,,,,,59 - 83,24,Okur 2' Layup (2 PTS),9:57 PM
325,8,1,407,0021000387,Thornton 1' Slam Dunk (12 PTS) (Jack 5 AST),,10:22,4,4,4,0,201977,Marcus Thornton,NOH,New Orleans,1610612740.0,Hornets,101127,Jarrett Jack,NOH,New Orleans,1610612740.0,Hornets,0,,,,,,59 - 85,26,,9:57 PM
326,1,2,408,0021000387,,,9:54,4,5,0,0,2246,Mehmet Okur,UTA,Utah,1610612762.0,Jazz,0,,,,,,0,,,,,,,,MISS Okur 26' 3PT Jump Shot,9:58 PM
327,0,4,409,0021000387,,,9:53,4,3,0,0,1610612762,,,,,,0,,,,,,0,,,,,,,,Jazz Rebound,9:58 PM
328,11,5,410,0021000387,,,9:53,4,3,0,1,1610612762,,,,,,0,,,,,,0,,,,,,,,Jazz Turnover: Shot Clock (T#8),9:58 PM
329,1,2,412,0021000387,MISS Jack 22' Jump Shot,,9:41,4,4,0,0,101127,Jarrett Jack,NOH,New Orleans,1610612740.0,Hornets,0,,,,,,0,,,,,,,,,9:58 PM
330,0,4,413,0021000387,Ariza REBOUND (Off:2 Def:4),,9:40,4,4,0,0,2772,Trevor Ariza,NOH,New Orleans,1610612740.0,Hornets,0,,,,,,0,,,,,,,,,9:58 PM
331,1,2,414,0021000387,MISS Green 14' Jump Shot,,9:25,4,4,0,0,2584,Willie Green,NOH,New Orleans,1610612740.0,Hornets,0,,,,,,0,,,,,,,,,9:58 PM
332,0,4,415,0021000387,Smith REBOUND (Off:2 Def:3),,9:24,4,4,0,0,201160,Jason Smith,NOH,New Orleans,1610612740.0,Hornets,0,,,,,,0,,,,,,,,,9:58 PM
333,1,2,416,0021000387,MISS Green 19' Jump Shot,,9:19,4,4,0,0,2584,Willie Green,NOH,New Orleans,1610612740.0,Hornets,0,,,,,,0,,,,,,,,,9:59 PM
334,0,4,417,0021000387,Thornton REBOUND (Off:2 Def:2),,9:18,4,4,0,0,201977,Marcus Thornton,NOH,New Orleans,1610612740.0,Hornets,0,,,,,,0,,,,,,,,,9:59 PM
335,4,6,418,0021000387,Smith OFF.Foul (P2),,9:03,4,4,5,1,201160,Jason Smith,NOH,New Orleans,1610612740.0,Hornets,2248,Earl Watson,UTA,Utah,1610612762.0,Jazz,0,,,,,,,,,9:59 PM
336,5,5,419,0021000387,Smith Foul Turnover (P2.T17),,9:03,4,4,0,1,201160,Jason Smith,NOH,New Orleans,1610612740.0,Hornets,0,,,,,,0,,,,,,,,,9:59 PM
337,4,5,420,0021000387,,,8:56,4,5,0,1,202330,Gordon Hayward,UTA,Utah,1610612762.0,Jazz,0,,,,,,0,,,,,,,,Hayward Traveling Turnover (P1.T9),9:59 PM
338,4,9,422,0021000387,,,8:56,4,1,0,0,0,,,,,,0,,,,,,0,,,,,,,,,10:01 PM
339,0,8,423,0021000387,SUB: Okafor FOR Green,,8:56,4,4,4,0,2584,Willie Green,NOH,New Orleans,1610612740.0,Hornets,2731,Emeka Okafor,NOH,New Orleans,1610612740.0,Hornets,0,,,,,,,,,10:02 PM
340,1,2,424,0021000387,MISS Ariza 30' 3PT Jump Shot,,8:32,4,4,0,0,2772,Trevor Ariza,NOH,New Orleans,1610612740.0,Hornets,0,,,,,,0,,,,,,,,,10:02 PM
341,0,4,425,0021000387,HORNETS Rebound,,8:32,4,2,0,0,1610612740,,,,,,0,,,,,,0,,,,,,,,,10:02 PM
342,11,5,426,0021000387,HORNETS Turnover: Shot Clock (T#18),,8:32,4,2,0,1,1610612740,,,,,,0,,,,,,0,,,,,,,,,10:02 PM
343,42,1,427,0021000387,,,8:23,4,5,0,0,2248,Earl Watson,UTA,Utah,1610612762.0,Jazz,0,,,,,,0,,,,,,61 - 85,24,Watson 2' Driving Layup (2 PTS),10:03 PM
344,1,2,428,0021000387,MISS Smith 15' Jump Shot,,8:04,4,4,0,0,201160,Jason Smith,NOH,New Orleans,1610612740.0,Hornets,0,,,,,,0,,,,,,,,,10:03 PM
345,0,4,429,0021000387,,,8:03,4,5,0,0,101139,CJ Miles,UTA,Utah,1610612762.0,Jazz,0,,,,,,0,,,,,,,,Miles REBOUND (Off:0 Def:2),10:03 PM
346,1,2,430,0021000387,,,7:41,4,5,0,0,2248,Earl Watson,UTA,Utah,1610612762.0,Jazz,0,,,,,,0,,,,,,,,MISS Watson 11' Jump Shot,10:03 PM
347,0,4,431,0021000387,,,7:39,4,5,0,0,2248,Earl Watson,UTA,Utah,1610612762.0,Jazz,0,,,,,,0,,,,,,,,Watson REBOUND (Off:1 Def:0),10:03 PM
348,0,8,433,0021000387,,,7:37,4,5,5,0,2246,Mehmet Okur,UTA,Utah,1610612762.0,Jazz,201178,Kyrylo Fesenko,UTA,Utah,1610612762.0,Jazz,0,,,,,,,,SUB: Fesenko FOR Okur,10:04 PM
349,2,6,434,0021000387,Okafor S.FOUL (P5.T2),,7:28,4,4,5,1,2731,Emeka Okafor,NOH,New Orleans,1610612740.0,Hornets,101139,CJ Miles,UTA,Utah,1610612762.0,Jazz,0,,,,,,,,,10:04 PM
350,11,3,435,0021000387,,,7:28,4,5,0,0,101139,CJ Miles,UTA,Utah,1610612762.0,Jazz,0,,,,,,0,,,,,,,,MISS Miles Free Throw 1 of 2,10:04 PM
351,1,4,436,0021000387,,,7:28,4,3,0,0,1610612762,,,,,,0,,,,,,0,,,,,,,,Jazz Rebound,10:04 PM
352,0,8,437,0021000387,SUB: Paul FOR Jack,,7:28,4,4,4,0,101127,Jarrett Jack,NOH,New Orleans,1610612740.0,Hornets,101108,Chris Paul,NOH,New Orleans,1610612740.0,Hornets,0,,,,,,,,,10:04 PM
353,12,3,438,0021000387,,,7:28,4,5,0,0,101139,CJ Miles,UTA,Utah,1610612762.0,Jazz,0,,,,,,0,,,,,,,,MISS Miles Free Throw 2 of 2,10:05 PM
354,0,4,440,0021000387,Ariza REBOUND (Off:2 Def:5),,7:27,4,4,0,0,2772,Trevor Ariza,NOH,New Orleans,1610612740.0,Hornets,0,,,,,,0,,,,,,,,,10:05 PM
355,78,1,442,0021000387,Thornton 6' Floating Jump Shot (14 PTS),,7:11,4,4,0,0,201977,Marcus Thornton,NOH,New Orleans,1610612740.0,Hornets,0,,,,,,0,,,,,,61 - 87,26,,10:05 PM
356,1,5,443,0021000387,Thornton STEAL (1 STL),,6:59,4,5,4,0,2248,Earl Watson,UTA,Utah,1610612762.0,Jazz,201977,Marcus Thornton,NOH,New Orleans,1610612740.0,Hornets,0,,,,,,,,Watson Bad Pass Turnover (P1.T10),10:05 PM
357,1,2,444,0021000387,MISS Paul 20' Jump Shot,,6:53,4,4,0,0,101108,Chris Paul,NOH,New Orleans,1610612740.0,Hornets,0,,,,,,0,,,,,,,,,10:05 PM
358,0,4,445,0021000387,,,6:52,4,5,0,0,201178,Kyrylo Fesenko,UTA,Utah,1610612762.0,Jazz,0,,,,,,0,,,,,,,,Fesenko REBOUND (Off:0 Def:1),10:05 PM
359,1,6,446,0021000387,Paul P.FOUL (P4.T3),,6:36,4,4,5,1,101108,Chris Paul,NOH,New Orleans,1610612740.0,Hornets,201178,Kyrylo Fesenko,UTA,Utah,1610612762.0,Jazz,0,,,,,,,,,10:06 PM
360,0,8,448,0021000387,SUB: West FOR Okafor,,6:36,4,4,4,0,2731,Emeka Okafor,NOH,New Orleans,1610612740.0,Hornets,2561,David West,NOH,New Orleans,1610612740.0,Hornets,0,,,,,,,,,10:06 PM
361,1,6,451,0021000387,Thornton P.FOUL (P1.T4),,6:28,4,4,5,1,201977,Marcus Thornton,NOH,New Orleans,1610612740.0,Hornets,2248,Earl Watson,UTA,Utah,1610612762.0,Jazz,0,,,,,,,,,10:06 PM
362,1,2,452,0021000387,,,6:19,4,5,0,0,101139,CJ Miles,UTA,Utah,1610612762.0,Jazz,0,,,,,,0,,,,,,,,MISS Miles 17' Jump Shot,10:06 PM
363,0,4,453,0021000387,Thornton REBOUND (Off:2 Def:3),,6:18,4,4,0,0,201977,Marcus Thornton,NOH,New Orleans,1610612740.0,Hornets,0,,,,,,0,,,,,,,,,10:06 PM
364,1,2,455,0021000387,MISS Thornton 26' 3PT Jump Shot,,6:02,4,4,0,0,201977,Marcus Thornton,NOH,New Orleans,1610612740.0,Hornets,0,,,,,,0,,,,,,,,,10:07 PM
365,0,4,456,0021000387,Smith REBOUND (Off:3 Def:3),,6:01,4,4,0,0,201160,Jason Smith,NOH,New Orleans,1610612740.0,Hornets,0,,,,,,0,,,,,,,,,10:07 PM
366,1,9,457,0021000387,HORNETS Timeout: Regular (Full 4 Short 0),,6:00,4,2,0,0,1610612740,,,,,,0,,,,,,0,,,,,,,,,10:07 PM
367,1,2,459,0021000387,MISS Smith 14' Jump Shot,,5:43,4,4,0,0,201160,Jason Smith,NOH,New Orleans,1610612740.0,Hornets,0,,,,,,0,,,,,,,,,10:10 PM
368,0,4,460,0021000387,,,5:42,4,5,0,0,101139,CJ Miles,UTA,Utah,1610612762.0,Jazz,0,,,,,,0,,,,,,,,Miles REBOUND (Off:0 Def:3),10:10 PM
369,2,6,461,0021000387,Smith S.FOUL (P3.PN),,5:37,4,4,5,1,201160,Jason Smith,NOH,New Orleans,1610612740.0,Hornets,202330,Gordon Hayward,UTA,Utah,1610612762.0,Jazz,0,,,,,,,,,10:10 PM
370,11,3,462,0021000387,,,5:37,4,5,0,0,202330,Gordon Hayward,UTA,Utah,1610612762.0,Jazz,0,,,,,,0,,,,,,62 - 87,25,Hayward Free Throw 1 of 2 (4 PTS),10:10 PM
371,0,8,464,0021000387,,,5:37,4,5,5,0,101139,CJ Miles,UTA,Utah,1610612762.0,Jazz,101179,Ronnie Price,UTA,Utah,1610612762.0,Jazz,0,,,,,,,,SUB: Price FOR Miles,10:10 PM
372,12,3,465,0021000387,,,5:37,4,5,0,0,202330,Gordon Hayward,UTA,Utah,1610612762.0,Jazz,0,,,,,,0,,,,,,63 - 87,24,Hayward Free Throw 2 of 2 (5 PTS),10:10 PM
373,2,6,467,0021000387,,,5:24,4,5,4,1,202330,Gordon Hayward,UTA,Utah,1610612762.0,Jazz,2772,Trevor Ariza,NOH,New Orleans,1610612740.0,Hornets,0,,,,,,,,Hayward S.FOUL (P1.T2),10:11 PM
374,11,3,468,0021000387,MISS Ariza Free Throw 1 of 2,,5:24,4,4,0,0,2772,Trevor Ariza,NOH,New Orleans,1610612740.0,Hornets,0,,,,,,0,,,,,,,,,10:11 PM
375,1,4,469,0021000387,HORNETS Rebound,,5:24,4,2,0,0,1610612740,,,,,,0,,,,,,0,,,,,,,,,10:11 PM
376,12,3,470,0021000387,Ariza Free Throw 2 of 2 (17 PTS),,5:24,4,4,0,0,2772,Trevor Ariza,NOH,New Orleans,1610612740.0,Hornets,0,,,,,,0,,,,,,63 - 88,25,,10:11 PM
377,1,1,473,0021000387,,,5:09,4,5,0,0,101179,Ronnie Price,UTA,Utah,1610612762.0,Jazz,0,,,,,,0,,,,,,65 - 88,23,Price 19' Jump Shot (2 PTS),10:12 PM
378,1,1,474,0021000387,Smith 20' Jump Shot (6 PTS) (Paul 9 AST),,4:42,4,4,4,0,201160,Jason Smith,NOH,New Orleans,1610612740.0,Hornets,101108,Chris Paul,NOH,New Orleans,1610612740.0,Hornets,0,,,,,,65 - 90,25,,10:12 PM
379,1,2,475,0021000387,,,4:10,4,5,0,0,101179,Ronnie Price,UTA,Utah,1610612762.0,Jazz,0,,,,,,0,,,,,,,,MISS Price 20' Jump Shot,10:13 PM
380,0,4,476,0021000387,Paul REBOUND (Off:1 Def:6),,4:08,4,4,0,0,101108,Chris Paul,NOH,New Orleans,1610612740.0,Hornets,0,,,,,,0,,,,,,,,,10:13 PM
381,66,1,477,0021000387,West 8' Jump Bank Shot (22 PTS) (Paul 10 AST),,3:50,4,4,4,0,2561,David West,NOH,New Orleans,1610612740.0,Hornets,101108,Chris Paul,NOH,New Orleans,1610612740.0,Hornets,0,,,,,,65 - 92,27,,10:13 PM
382,2,6,478,0021000387,,,3:50,4,5,4,1,1922,Francisco Elson,UTA,Utah,1610612762.0,Jazz,2561,David West,NOH,New Orleans,1610612740.0,Hornets,0,,,,,,,,Elson S.FOUL (P1.T3),10:13 PM
383,0,8,479,0021000387,SUB: Jack FOR Paul,,3:50,4,4,4,0,101108,Chris Paul,NOH,New Orleans,1610612740.0,Hornets,101127,Jarrett Jack,NOH,New Orleans,1610612740.0,Hornets,0,,,,,,,,,10:13 PM
384,0,8,480,0021000387,SUB: Belinelli FOR Ariza,,3:50,4,4,4,0,2772,Trevor Ariza,NOH,New Orleans,1610612740.0,Hornets,201158,Marco Belinelli,NOH,New Orleans,1610612740.0,Hornets,0,,,,,,,,,10:13 PM
385,10,3,481,0021000387,West Free Throw 1 of 1 (23 PTS),,3:50,4,4,0,0,2561,David West,NOH,New Orleans,1610612740.0,Hornets,0,,,,,,0,,,,,,65 - 93,28,,10:13 PM
386,80,1,483,0021000387,,,3:33,4,5,5,0,2248,Earl Watson,UTA,Utah,1610612762.0,Jazz,201178,Kyrylo Fesenko,UTA,Utah,1610612762.0,Jazz,0,,,,,,67 - 93,26,Watson 21' Step Back Jump Shot (4 PTS) (Fesenko 1 AST),10:14 PM
387,1,1,484,0021000387,Thornton 24' 3PT Jump Shot (17 PTS) (Belinelli 2 AST),,3:14,4,4,4,0,201977,Marcus Thornton,NOH,New Orleans,1610612740.0,Hornets,201158,Marco Belinelli,NOH,New Orleans,1610612740.0,Hornets,0,,,,,,67 - 96,29,,10:14 PM
388,28,6,485,0021000387,West Personal Take Foul (P2.PN),,3:09,4,4,5,1,2561,David West,NOH,New Orleans,1610612740.0,Hornets,2248,Earl Watson,UTA,Utah,1610612762.0,Jazz,0,,,,,,,,,10:14 PM
389,0,8,486,0021000387,SUB: Andersen FOR West,,3:09,4,4,4,0,2561,David West,NOH,New Orleans,1610612740.0,Hornets,2431,David Andersen,NOH,New Orleans,1610612740.0,Hornets,0,,,,,,,,,10:15 PM
390,11,3,487,0021000387,,,3:09,4,5,0,0,2248,Earl Watson,UTA,Utah,1610612762.0,Jazz,0,,,,,,0,,,,,,,,MISS Watson Free Throw 1 of 2,10:15 PM
391,1,4,488,0021000387,,,3:09,4,3,0,0,1610612762,,,,,,0,,,,,,0,,,,,,,,Jazz Rebound,10:15 PM
392,12,3,489,0021000387,,,3:09,4,5,0,0,2248,Earl Watson,UTA,Utah,1610612762.0,Jazz,0,,,,,,0,,,,,,,,MISS Watson Free Throw 2 of 2,10:15 PM
393,0,4,491,0021000387,Smith REBOUND (Off:3 Def:4),,3:08,4,4,0,0,201160,Jason Smith,NOH,New Orleans,1610612740.0,Hornets,0,,,,,,0,,,,,,,,,10:15 PM
394,1,6,493,0021000387,,,2:54,4,5,4,1,101179,Ronnie Price,UTA,Utah,1610612762.0,Jazz,201977,Marcus Thornton,NOH,New Orleans,1610612740.0,Hornets,0,,,,,,,,Price P.FOUL (P1.T4),10:15 PM
395,1,9,495,0021000387,,,2:54,4,3,0,0,1610612762,,,,,,0,,,,,,0,,,,,,,,Jazz Timeout: Regular (Reg.4 Short 0),10:16 PM
396,1,2,497,0021000387,MISS Belinelli 8' Jump Shot,,2:48,4,4,0,0,201158,Marco Belinelli,NOH,New Orleans,1610612740.0,Hornets,0,,,,,,0,,,,,,,,,10:18 PM
397,0,4,498,0021000387,,,2:47,4,5,0,0,202330,Gordon Hayward,UTA,Utah,1610612762.0,Jazz,0,,,,,,0,,,,,,,,Hayward REBOUND (Off:0 Def:1),10:18 PM
398,1,5,499,0021000387,Thornton STEAL (2 STL),,2:44,4,5,4,0,202330,Gordon Hayward,UTA,Utah,1610612762.0,Jazz,201977,Marcus Thornton,NOH,New Orleans,1610612740.0,Hornets,0,,,,,,,,Hayward Bad Pass Turnover (P2.T11),10:18 PM
399,1,2,500,0021000387,MISS Jack 25' 3PT Jump Shot,,2:24,4,4,0,0,101127,Jarrett Jack,NOH,New Orleans,1610612740.0,Hornets,0,,,,,,0,,,,,,,,,10:18 PM
400,0,4,501,0021000387,,,2:22,4,5,0,0,202330,Gordon Hayward,UTA,Utah,1610612762.0,Jazz,0,,,,,,0,,,,,,,,Hayward REBOUND (Off:0 Def:2),10:18 PM
401,2,7,503,0021000387,Thornton Violation:Defensive Goaltending,,2:19,4,4,0,1,201977,Marcus Thornton,NOH,New Orleans,1610612740.0,Hornets,0,,,,,,0,,,,,,,,,10:19 PM
402,5,1,502,0021000387,,,2:19,4,5,0,0,202330,Gordon Hayward,UTA,Utah,1610612762.0,Jazz,0,,,,,,0,,,,,,69 - 96,27,Hayward 2' Layup (7 PTS),10:19 PM
403,1,2,504,0021000387,MISS Andersen 15' Jump Shot,,2:03,4,4,0,0,2431,David Andersen,NOH,New Orleans,1610612740.0,Hornets,0,,,,,,0,,,,,,,,,10:19 PM
404,0,4,505,0021000387,,,2:03,4,5,0,0,202330,Gordon Hayward,UTA,Utah,1610612762.0,Jazz,0,,,,,,0,,,,,,,,Hayward REBOUND (Off:0 Def:3),10:19 PM
405,1,2,507,0021000387,,,1:43,4,5,0,0,2248,Earl Watson,UTA,Utah,1610612762.0,Jazz,0,,,,,,0,,,,,,,,MISS Watson 11' Jump Shot,10:19 PM
406,0,4,508,0021000387,,,1:42,4,5,0,0,1922,Francisco Elson,UTA,Utah,1610612762.0,Jazz,0,,,,,,0,,,,,,,,Elson REBOUND (Off:1 Def:0),10:19 PM
407,5,2,509,0021000387,,,1:41,4,5,0,0,1922,Francisco Elson,UTA,Utah,1610612762.0,Jazz,0,,,,,,0,,,,,,,,MISS Elson 1' Layup,10:20 PM
408,0,4,510,0021000387,Jack REBOUND (Off:0 Def:1),,1:40,4,4,0,0,101127,Jarrett Jack,NOH,New Orleans,1610612740.0,Hornets,0,,,,,,0,,,,,,,,,10:20 PM
409,2,6,511,0021000387,,,1:23,4,5,4,1,101179,Ronnie Price,UTA,Utah,1610612762.0,Jazz,101127,Jarrett Jack,NOH,New Orleans,1610612740.0,Hornets,0,,,,,,,,Price S.FOUL (P2.PN),10:20 PM
410,11,3,512,0021000387,Jack Free Throw 1 of 2 (9 PTS),,1:23,4,4,0,0,101127,Jarrett Jack,NOH,New Orleans,1610612740.0,Hornets,0,,,,,,0,,,,,,69 - 97,28,,10:20 PM
411,12,3,514,0021000387,Jack Free Throw 2 of 2 (10 PTS),,1:23,4,4,0,0,101127,Jarrett Jack,NOH,New Orleans,1610612740.0,Hornets,0,,,,,,0,,,,,,69 - 98,29,,10:20 PM
412,1,2,517,0021000387,,,1:05,4,5,0,0,2248,Earl Watson,UTA,Utah,1610612762.0,Jazz,0,,,,,,0,,,,,,,,MISS Watson 8' Jump Shot,10:21 PM
413,0,4,518,0021000387,,,1:05,4,5,0,0,1922,Francisco Elson,UTA,Utah,1610612762.0,Jazz,0,,,,,,0,,,,,,,,Elson REBOUND (Off:2 Def:0),10:21 PM
414,72,1,519,0021000387,,,1:05,4,5,0,0,1922,Francisco Elson,UTA,Utah,1610612762.0,Jazz,0,,,,,,0,,,,,,71 - 98,27,Elson 3' Putback Layup (2 PTS),10:21 PM
415,73,1,520,0021000387,Thornton 4' Driving Reverse Layup (19 PTS) (Belinelli 3 AST),,0:45,4,4,4,0,201977,Marcus Thornton,NOH,New Orleans,1610612740.0,Hornets,201158,Marco Belinelli,NOH,New Orleans,1610612740.0,Hornets,0,,,,,,71 - 100,29,,10:21 PM
416,1,2,522,0021000387,,,0:28,4,5,0,0,2248,Earl Watson,UTA,Utah,1610612762.0,Jazz,0,,,,,,0,,,,,,,,MISS Watson 8' Jump Shot,10:22 PM
417,0,4,523,0021000387,,,0:28,4,3,0,0,1610612762,,,,,,0,,,,,,0,,,,,,,,Jazz Rebound,10:22 PM
418,3,6,524,0021000387,Andersen L.B.FOUL (P1.PN),,0:28,4,4,5,1,2431,David Andersen,NOH,New Orleans,1610612740.0,Hornets,201178,Kyrylo Fesenko,UTA,Utah,1610612762.0,Jazz,0,,,,,,,,,10:22 PM
419,11,3,526,0021000387,,,0:28,4,5,0,0,201178,Kyrylo Fesenko,UTA,Utah,1610612762.0,Jazz,0,,,,,,0,,,,,,,,MISS Fesenko Free Throw 1 of 2,10:22 PM
420,1,4,527,0021000387,,,0:28,4,3,0,0,1610612762,,,,,,0,,,,,,0,,,,,,,,Jazz Rebound,10:22 PM
421,12,3,528,0021000387,,,0:28,4,5,0,0,201178,Kyrylo Fesenko,UTA,Utah,1610612762.0,Jazz,0,,,,,,0,,,,,,,,MISS Fesenko Free Throw 2 of 2,10:22 PM
422,0,4,530,0021000387,Smith REBOUND (Off:3 Def:5),,0:27,4,4,0,0,201160,Jason Smith,NOH,New Orleans,1610612740.0,Hornets,0,,,,,,0,,,,,,,,,10:23 PM
423,10,5,531,0021000387,HORNETS Turnover: 8 Second Violation (T#19),,0:19,4,2,0,1,1610612740,,,,,,0,,,,,,0,,,,,,,,,10:23 PM
424,1,2,533,0021000387,,,0:08,4,5,0,0,201178,Kyrylo Fesenko,UTA,Utah,1610612762.0,Jazz,0,,,,,,0,,,,,,,,MISS Fesenko 6' Jump Shot,10:23 PM
425,0,4,534,0021000387,Belinelli REBOUND (Off:0 Def:4),,0:07,4,4,0,0,201158,Marco Belinelli,NOH,New Orleans,1610612740.0,Hornets,0,,,,,,0,,,,,,,,,10:23 PM
426,0,13,536,0021000387,,,0:00,4,0,0,0,0,,,,,,0,,,,,,0,,,,,,71 - 100,29,,10:23 PM
