,EVENTMSGACTIONTYPE,EVENTMSGTYPE,EVENTNUM,GAME_ID,HOMEDESCRIPTION,NEUTRALDESCRIPTION,PCTIMESTRING,PERIOD,PERSON1TYPE,PERSON2TYPE,PERSON3TYPE,PLAYER1_ID,PLAYER1_NAME,PLAYER1_TEAM_ABBREVIATION,PLAYER1_TEAM_CITY,PLAYER1_TEAM_ID,PLAYER1_TEAM_NICKNAME,PLAYER2_ID,PLAYER2_NAME,PLAYER2_TEAM_ABBREVIATION,PLAYER2_TEAM_CITY,PLAYER2_TEAM_ID,PLAYER2_TEAM_NICKNAME,PLAYER3_ID,PLAYER3_NAME,PLAYER3_TEAM_ABBREVIATION,PLAYER3_TEAM_CITY,PLAYER3_TEAM_ID,PLAYER3_TEAM_NICKNAME,SCORE,SCOREMARGIN,VISITORDESCRIPTION,WCTIMESTRING
0,0,12,0,0021500391,,,12:00,1,0.0,0,0,0,,,,,,0,,,,,,0,,,,,,,,,8:11 PM
1,0,10,1,0021500391,Jump Ball Gasol vs. Drummond: Tip to Rose,,12:00,1,4.0,5,4,2200,Pau Gasol,CHI,Chicago,1610612741.0,Bulls,203083,Andre Drummond,DET,Detroit,1610612765.0,Pistons,201565,Derrick Rose,CHI,Chicago,1610612741.0,Bulls,,,,8:11 PM
2,1,5,2,0021500391,Rose Bad Pass Turnover (P1.T1),,11:46,1,4.0,5,0,201565,Derrick Rose,CHI,Chicago,1610612741.0,Bulls,203484,Kentavious Caldwell-Pope,DET,Detroit,1610612765.0,Pistons,0,,,,,,,,Caldwell-Pope STEAL (1 STL),8:11 PM
3,1,6,3,0021500391,Snell P.FOUL (P1.T1) (J.Capers),,11:29,1,4.0,5,1,203503,Tony Snell,CHI,Chicago,1610612741.0,Bulls,202694,Marcus Morris,DET,Detroit,1610612765.0,Pistons,0,,,,,,,,,8:12 PM
4,1,2,4,0021500391,,,11:19,1,5.0,0,0,202694,Marcus Morris,DET,Detroit,1610612765.0,Pistons,0,,,,,,0,,,,,,,,MISS Marc Morris 19' Jump Shot,8:12 PM
5,0,4,5,0021500391,Butler REBOUND (Off:0 Def:1),,11:17,1,4.0,0,0,202710,Jimmy Butler,CHI,Chicago,1610612741.0,Bulls,0,,,,,,0,,,,,,,,,8:12 PM
6,41,2,6,0021500391,MISS Rose 1' Running Layup,,11:11,1,4.0,0,0,201565,Derrick Rose,CHI,Chicago,1610612741.0,Bulls,0,,,,,,0,,,,,,,,,8:12 PM
7,0,4,7,0021500391,,,11:08,1,5.0,0,0,203083,Andre Drummond,DET,Detroit,1610612765.0,Pistons,0,,,,,,0,,,,,,,,Drummond REBOUND (Off:0 Def:1),8:12 PM
8,1,1,8,0021500391,,,10:57,1,5.0,0,0,203083,Andre Drummond,DET,Detroit,1610612765.0,Pistons,0,,,,,,0,,,,,,2 - 0,-2,Drummond 4' Jump Shot (2 PTS),8:12 PM
9,5,2,9,0021500391,MISS Rose 2' Layup,,10:38,1,4.0,0,0,201565,Derrick Rose,CHI,Chicago,1610612741.0,Bulls,0,,,,,,0,,,,,,,,,8:13 PM
10,0,4,10,0021500391,,,10:37,1,5.0,0,0,203083,Andre Drummond,DET,Detroit,1610612765.0,Pistons,0,,,,,,0,,,,,,,,Drummond REBOUND (Off:0 Def:2),8:13 PM
11,5,1,11,0021500391,,,10:29,1,5.0,5,0,203484,Kentavious Caldwell-Pope,DET,Detroit,1610612765.0,Pistons,202704,Reggie Jackson,DET,Detroit,1610612765.0,Pistons,0,,,,,,4 - 0,-4,Caldwell-Pope 1' Layup (2 PTS) (Jackson 1 AST),8:13 PM
12,1,1,12,0021500391,Gibson 14' Jump Shot (2 PTS) (Butler 1 AST),,10:17,1,4.0,4,0,201959,Taj Gibson,CHI,Chicago,1610612741.0,Bulls,202710,Jimmy Butler,CHI,Chicago,1610612741.0,Bulls,0,,,,,,4 - 2,-2,,8:13 PM
13,108,1,13,0021500391,,,10:06,1,5.0,5,0,203484,Kentavious Caldwell-Pope,DET,Detroit,1610612765.0,Pistons,202704,Reggie Jackson,DET,Detroit,1610612765.0,Pistons,0,,,,,,6 - 2,-4,Caldwell-Pope  Cutting Dunk Shot (4 PTS) (Jackson 2 AST),8:13 PM
14,3,1,14,0021500391,Gasol 10' Hook Shot (2 PTS),,9:51,1,4.0,0,0,2200,Pau Gasol,CHI,Chicago,1610612741.0,Bulls,0,,,,,,0,,,,,,6 - 4,-2,,8:13 PM
15,2,6,15,0021500391,Snell S.FOUL (P2.T2) (J.Capers),,9:32,1,4.0,5,1,203503,Tony Snell,CHI,Chicago,1610612741.0,Bulls,203484,Kentavious Caldwell-Pope,DET,Detroit,1610612765.0,Pistons,0,,,,,,,,,8:14 PM
16,11,3,16,0021500391,,,9:32,1,5.0,0,0,203484,Kentavious Caldwell-Pope,DET,Detroit,1610612765.0,Pistons,0,,,,,,0,,,,,,,,MISS Caldwell-Pope Free Throw 1 of 2,8:14 PM
17,1,4,17,0021500391,,,9:32,1,3.0,0,0,1610612765,,,,,,0,,,,,,0,,,,,,,,Pistons Rebound,8:14 PM
18,0,8,18,0021500391,SUB: McDermott FOR Snell,,9:32,1,4.0,4,0,203503,Tony Snell,CHI,Chicago,1610612741.0,Bulls,203926,Doug McDermott,CHI,Chicago,1610612741.0,Bulls,0,,,,,,,,,8:14 PM
19,12,3,19,0021500391,,,9:32,1,5.0,0,0,203484,Kentavious Caldwell-Pope,DET,Detroit,1610612765.0,Pistons,0,,,,,,0,,,,,,7 - 4,-3,Caldwell-Pope Free Throw 2 of 2 (5 PTS),8:14 PM
20,1,2,21,0021500391,MISS Gasol 19' Jump Shot,,9:15,1,4.0,0,0,2200,Pau Gasol,CHI,Chicago,1610612741.0,Bulls,0,,,,,,0,,,,,,,,,8:15 PM
21,0,4,22,0021500391,,,9:14,1,5.0,0,0,203484,Kentavious Caldwell-Pope,DET,Detroit,1610612765.0,Pistons,0,,,,,,0,,,,,,,,Caldwell-Pope REBOUND (Off:0 Def:1),8:15 PM
22,3,1,23,0021500391,,,9:05,1,5.0,5,0,203083,Andre Drummond,DET,Detroit,1610612765.0,Pistons,203484,Kentavious Caldwell-Pope,DET,Detroit,1610612765.0,Pistons,0,,,,,,9 - 4,-5,Drummond 4' Hook Shot (4 PTS) (Caldwell-Pope 1 AST),8:15 PM
23,1,6,24,0021500391,,,8:56,1,5.0,4,1,101141,Ersan Ilyasova,DET,Detroit,1610612765.0,Pistons,201959,Taj Gibson,CHI,Chicago,1610612741.0,Bulls,0,,,,,,,,Ilyasova P.FOUL (P1.T1) (J.Capers),8:15 PM
24,42,2,25,0021500391,MISS Gasol 2' Driving Layup,,8:41,1,4.0,0,0,2200,Pau Gasol,CHI,Chicago,1610612741.0,Bulls,0,,,,,,0,,,,,,,,,8:16 PM
25,0,4,26,0021500391,,,8:40,1,5.0,0,0,101141,Ersan Ilyasova,DET,Detroit,1610612765.0,Pistons,0,,,,,,0,,,,,,,,Ilyasova REBOUND (Off:0 Def:1),8:16 PM
26,5,2,27,0021500391,Gasol BLOCK (1 BLK),,8:29,1,5.0,0,4,203083,Andre Drummond,DET,Detroit,1610612765.0,Pistons,0,,,,,,2200,Pau Gasol,CHI,Chicago,1610612741.0,Bulls,,,MISS Drummond 2' Layup,8:16 PM
27,0,4,28,0021500391,McDermott REBOUND (Off:0 Def:1),,8:27,1,4.0,0,0,203926,Doug McDermott,CHI,Chicago,1610612741.0,Bulls,0,,,,,,0,,,,,,,,,8:16 PM
28,1,6,29,0021500391,,,8:24,1,5.0,4,1,202704,Reggie Jackson,DET,Detroit,1610612765.0,Pistons,2200,Pau Gasol,CHI,Chicago,1610612741.0,Bulls,0,,,,,,,,Jackson P.FOUL (P1.T2) (G.Zielinski),8:16 PM
29,1,1,30,0021500391,Gasol 14' Jump Shot (4 PTS) (Rose 1 AST),,8:17,1,4.0,4,0,2200,Pau Gasol,CHI,Chicago,1610612741.0,Bulls,201565,Derrick Rose,CHI,Chicago,1610612741.0,Bulls,0,,,,,,9 - 6,-3,,8:16 PM
30,1,1,31,0021500391,,,7:54,1,5.0,5,0,101141,Ersan Ilyasova,DET,Detroit,1610612765.0,Pistons,202704,Reggie Jackson,DET,Detroit,1610612765.0,Pistons,0,,,,,,11 - 6,-5,Ilyasova 19' Jump Shot (2 PTS) (Jackson 3 AST),8:17 PM
31,1,5,32,0021500391,Gibson Bad Pass Turnover (P1.T2),,7:40,1,4.0,5,0,201959,Taj Gibson,CHI,Chicago,1610612741.0,Bulls,203083,Andre Drummond,DET,Detroit,1610612765.0,Pistons,0,,,,,,,,Drummond STEAL (1 STL),8:17 PM
32,1,2,33,0021500391,,,7:35,1,5.0,0,0,202704,Reggie Jackson,DET,Detroit,1610612765.0,Pistons,0,,,,,,0,,,,,,,,MISS Jackson 20' Jump Shot,8:17 PM
33,0,4,34,0021500391,,,7:34,1,5.0,0,0,202694,Marcus Morris,DET,Detroit,1610612765.0,Pistons,0,,,,,,0,,,,,,,,Marc Morris REBOUND (Off:1 Def:0),8:17 PM
34,1,2,35,0021500391,,,7:29,1,5.0,0,0,101141,Ersan Ilyasova,DET,Detroit,1610612765.0,Pistons,0,,,,,,0,,,,,,,,MISS Ilyasova 25' 3PT Jump Shot,8:17 PM
35,0,4,36,0021500391,,,7:28,1,5.0,0,0,203083,Andre Drummond,DET,Detroit,1610612765.0,Pistons,0,,,,,,0,,,,,,,,Drummond REBOUND (Off:1 Def:2),8:17 PM
36,1,2,37,0021500391,,,7:14,1,5.0,0,0,203083,Andre Drummond,DET,Detroit,1610612765.0,Pistons,0,,,,,,0,,,,,,,,MISS Drummond 13' Jump Shot,8:17 PM
37,0,4,38,0021500391,Gibson REBOUND (Off:0 Def:1),,7:13,1,4.0,0,0,201959,Taj Gibson,CHI,Chicago,1610612741.0,Bulls,0,,,,,,0,,,,,,,,,8:17 PM
38,2,6,39,0021500391,,,7:09,1,5.0,4,1,202704,Reggie Jackson,DET,Detroit,1610612765.0,Pistons,201565,Derrick Rose,CHI,Chicago,1610612741.0,Bulls,0,,,,,,,,Jackson S.FOUL (P2.T3) (S.Anderson),8:18 PM
39,11,3,40,0021500391,Rose Free Throw 1 of 2 (1 PTS),,7:09,1,4.0,0,0,201565,Derrick Rose,CHI,Chicago,1610612741.0,Bulls,0,,,,,,0,,,,,,11 - 7,-4,,8:18 PM
40,0,8,42,0021500391,,,7:09,1,5.0,5,0,202704,Reggie Jackson,DET,Detroit,1610612765.0,Pistons,2581,Steve Blake,DET,Detroit,1610612765.0,Pistons,0,,,,,,,,SUB: Blake FOR Jackson,8:18 PM
41,0,8,43,0021500391,SUB: Noah FOR Gibson,,7:09,1,4.0,4,0,201959,Taj Gibson,CHI,Chicago,1610612741.0,Bulls,201149,Joakim Noah,CHI,Chicago,1610612741.0,Bulls,0,,,,,,,,,8:18 PM
42,12,3,44,0021500391,Rose Free Throw 2 of 2 (2 PTS),,7:09,1,4.0,0,0,201565,Derrick Rose,CHI,Chicago,1610612741.0,Bulls,0,,,,,,0,,,,,,11 - 8,-3,,8:18 PM
43,79,1,47,0021500391,,,6:56,1,5.0,0,0,203484,Kentavious Caldwell-Pope,DET,Detroit,1610612765.0,Pistons,0,,,,,,0,,,,,,13 - 8,-5,Caldwell-Pope 14' Pullup Jump Shot (7 PTS),8:18 PM
44,2,6,48,0021500391,,,6:51,1,5.0,4,1,203484,Kentavious Caldwell-Pope,DET,Detroit,1610612765.0,Pistons,202710,Jimmy Butler,CHI,Chicago,1610612741.0,Bulls,0,,,,,,,,Caldwell-Pope S.FOUL (P1.T4) (G.Zielinski),8:19 PM
45,0,18,49,0021500391,,,6:51,1,,0,1,48,,,,,,0,,,,,,0,,,,,,,,,8:19 PM
46,11,3,50,0021500391,Butler Free Throw 1 of 2 (1 PTS),,6:51,1,4.0,0,0,202710,Jimmy Butler,CHI,Chicago,1610612741.0,Bulls,0,,,,,,0,,,,,,13 - 9,-4,,8:19 PM
47,12,3,52,0021500391,Butler Free Throw 2 of 2 (2 PTS),,6:51,1,4.0,0,0,202710,Jimmy Butler,CHI,Chicago,1610612741.0,Bulls,0,,,,,,0,,,,,,13 - 10,-3,,8:19 PM
48,1,6,54,0021500391,McDermott P.FOUL (P1.T3) (G.Zielinski),,6:44,1,4.0,5,1,203926,Doug McDermott,CHI,Chicago,1610612741.0,Bulls,203484,Kentavious Caldwell-Pope,DET,Detroit,1610612765.0,Pistons,0,,,,,,,,,8:20 PM
49,1,2,55,0021500391,,,6:26,1,5.0,0,0,203484,Kentavious Caldwell-Pope,DET,Detroit,1610612765.0,Pistons,0,,,,,,0,,,,,,,,MISS Caldwell-Pope 28' 3PT Jump Shot,8:20 PM
50,0,4,56,0021500391,Noah REBOUND (Off:0 Def:1),,6:25,1,4.0,0,0,201149,Joakim Noah,CHI,Chicago,1610612741.0,Bulls,0,,,,,,0,,,,,,,,,8:20 PM
51,74,2,57,0021500391,MISS Rose 1' Running Reverse Layup,,6:18,1,4.0,0,0,201565,Derrick Rose,CHI,Chicago,1610612741.0,Bulls,0,,,,,,0,,,,,,,,,8:20 PM
52,0,4,59,0021500391,Gasol REBOUND (Off:1 Def:0),,6:17,1,4.0,0,0,2200,Pau Gasol,CHI,Chicago,1610612741.0,Bulls,0,,,,,,0,,,,,,,,,8:20 PM
53,72,2,58,0021500391,MISS Gasol 2' Putback Layup,,6:17,1,4.0,0,0,2200,Pau Gasol,CHI,Chicago,1610612741.0,Bulls,0,,,,,,0,,,,,,,,,8:20 PM
54,0,4,61,0021500391,Noah REBOUND (Off:1 Def:1),,6:16,1,4.0,0,0,201149,Joakim Noah,CHI,Chicago,1610612741.0,Bulls,0,,,,,,0,,,,,,,,,8:20 PM
55,72,1,63,0021500391,Rose 1' Putback Layup (4 PTS),,6:12,1,4.0,0,0,201565,Derrick Rose,CHI,Chicago,1610612741.0,Bulls,0,,,,,,0,,,,,,13 - 12,-1,,8:20 PM
56,1,2,64,0021500391,,,5:55,1,5.0,0,0,203484,Kentavious Caldwell-Pope,DET,Detroit,1610612765.0,Pistons,0,,,,,,0,,,,,,,,MISS Caldwell-Pope 18' Jump Shot,8:21 PM
57,0,4,65,0021500391,Butler REBOUND (Off:0 Def:2),,5:53,1,4.0,0,0,202710,Jimmy Butler,CHI,Chicago,1610612741.0,Bulls,0,,,,,,0,,,,,,,,,8:21 PM
58,1,1,66,0021500391,Butler 17' Jump Shot (4 PTS),,5:44,1,4.0,0,0,202710,Jimmy Butler,CHI,Chicago,1610612741.0,Bulls,0,,,,,,0,,,,,,13 - 14,1,,8:21 PM
59,1,1,67,0021500391,,,5:21,1,5.0,5,0,202694,Marcus Morris,DET,Detroit,1610612765.0,Pistons,203083,Andre Drummond,DET,Detroit,1610612765.0,Pistons,0,,,,,,16 - 14,-2,Marc Morris 26' 3PT Jump Shot (3 PTS) (Drummond 1 AST),8:21 PM
60,1,1,68,0021500391,Gasol 16' Jump Shot (6 PTS) (Rose 2 AST),,5:00,1,4.0,4,0,2200,Pau Gasol,CHI,Chicago,1610612741.0,Bulls,201565,Derrick Rose,CHI,Chicago,1610612741.0,Bulls,0,,,,,,16 - 16,TIE,,8:22 PM
61,1,6,70,0021500391,Butler P.FOUL (P1.T4) (G.Zielinski),,4:38,1,4.0,5,1,202710,Jimmy Butler,CHI,Chicago,1610612741.0,Bulls,202694,Marcus Morris,DET,Detroit,1610612765.0,Pistons,0,,,,,,,,,8:22 PM
62,1,9,71,0021500391,BULLS Timeout: Regular (Full 1 Short 0),,4:38,1,2.0,0,0,1610612741,,,,,,0,,,,,,0,,,,,,,,,8:22 PM
63,1,2,73,0021500391,,,4:30,1,5.0,0,0,202694,Marcus Morris,DET,Detroit,1610612765.0,Pistons,0,,,,,,0,,,,,,,,MISS Marc Morris 15' Jump Shot,8:25 PM
64,0,4,74,0021500391,Gasol REBOUND (Off:1 Def:1),,4:29,1,4.0,0,0,2200,Pau Gasol,CHI,Chicago,1610612741.0,Bulls,0,,,,,,0,,,,,,,,,8:25 PM
65,47,1,76,0021500391,Gasol 4' Turnaround Jump Shot (8 PTS),,4:12,1,4.0,0,0,2200,Pau Gasol,CHI,Chicago,1610612741.0,Bulls,0,,,,,,0,,,,,,16 - 18,2,,8:25 PM
66,1,2,77,0021500391,,,3:46,1,5.0,0,0,203484,Kentavious Caldwell-Pope,DET,Detroit,1610612765.0,Pistons,0,,,,,,0,,,,,,,,MISS Caldwell-Pope 17' Jump Shot,8:26 PM
67,0,4,78,0021500391,Noah REBOUND (Off:1 Def:2),,3:45,1,4.0,0,0,201149,Joakim Noah,CHI,Chicago,1610612741.0,Bulls,0,,,,,,0,,,,,,,,,8:26 PM
68,1,2,79,0021500391,MISS Gasol 17' Jump Shot,,3:37,1,4.0,0,0,2200,Pau Gasol,CHI,Chicago,1610612741.0,Bulls,0,,,,,,0,,,,,,,,,8:26 PM
69,0,4,80,0021500391,,,3:36,1,5.0,0,0,203484,Kentavious Caldwell-Pope,DET,Detroit,1610612765.0,Pistons,0,,,,,,0,,,,,,,,Caldwell-Pope REBOUND (Off:0 Def:2),8:26 PM
70,1,1,81,0021500391,,,3:29,1,5.0,5,0,101141,Ersan Ilyasova,DET,Detroit,1610612765.0,Pistons,203484,Kentavious Caldwell-Pope,DET,Detroit,1610612765.0,Pistons,0,,,,,,19 - 18,-1,Ilyasova 25' 3PT Jump Shot (5 PTS) (Caldwell-Pope 2 AST),8:26 PM
71,47,2,83,0021500391,MISS Gasol 10' Turnaround Jump Shot,,3:17,1,4.0,0,0,2200,Pau Gasol,CHI,Chicago,1610612741.0,Bulls,0,,,,,,0,,,,,,,,,8:26 PM
72,0,4,84,0021500391,,,3:16,1,5.0,0,0,203083,Andre Drummond,DET,Detroit,1610612765.0,Pistons,0,,,,,,0,,,,,,,,Drummond REBOUND (Off:1 Def:3),8:26 PM
73,1,2,85,0021500391,,,3:11,1,5.0,0,0,203484,Kentavious Caldwell-Pope,DET,Detroit,1610612765.0,Pistons,0,,,,,,0,,,,,,,,MISS Caldwell-Pope 25' 3PT Jump Shot,8:26 PM
74,0,4,86,0021500391,,,3:10,1,5.0,0,0,101141,Ersan Ilyasova,DET,Detroit,1610612765.0,Pistons,0,,,,,,0,,,,,,,,Ilyasova REBOUND (Off:1 Def:1),8:26 PM
75,1,1,87,0021500391,,,3:07,1,5.0,0,0,101141,Ersan Ilyasova,DET,Detroit,1610612765.0,Pistons,0,,,,,,0,,,,,,21 - 18,-3,Ilyasova 14' Jump Shot (7 PTS),8:26 PM
76,52,1,88,0021500391,Butler  Alley Oop Dunk (6 PTS) (Gasol 1 AST),,2:50,1,4.0,4,0,202710,Jimmy Butler,CHI,Chicago,1610612741.0,Bulls,2200,Pau Gasol,CHI,Chicago,1610612741.0,Bulls,0,,,,,,21 - 20,-1,,8:26 PM
77,1,9,89,0021500391,,,2:40,1,3.0,0,0,1610612765,,,,,,0,,,,,,0,,,,,,,,Pistons Timeout: Regular (Reg.1 Short 0),8:27 PM
78,0,8,90,0021500391,SUB: Mirotic FOR Gasol,,2:40,1,4.0,4,0,2200,Pau Gasol,CHI,Chicago,1610612741.0,Bulls,202703,Nikola Mirotic,CHI,Chicago,1610612741.0,Bulls,0,,,,,,,,,8:29 PM
79,0,8,91,0021500391,,,2:40,1,5.0,5,0,202694,Marcus Morris,DET,Detroit,1610612765.0,Pistons,1626169,Stanley Johnson,DET,Detroit,1610612765.0,Pistons,0,,,,,,,,SUB: Johnson FOR Marc Morris,8:29 PM
80,0,8,92,0021500391,SUB: Brooks FOR Rose,,2:40,1,4.0,4,0,201565,Derrick Rose,CHI,Chicago,1610612741.0,Bulls,201166,Aaron Brooks,CHI,Chicago,1610612741.0,Bulls,0,,,,,,,,,8:29 PM
81,1,1,93,0021500391,,,2:33,1,5.0,5,0,2581,Steve Blake,DET,Detroit,1610612765.0,Pistons,101141,Ersan Ilyasova,DET,Detroit,1610612765.0,Pistons,0,,,,,,24 - 20,-4,Blake 25' 3PT Jump Shot (3 PTS) (Ilyasova 1 AST),8:29 PM
82,73,1,94,0021500391,Butler 3' Driving Reverse Layup (8 PTS),,2:17,1,4.0,0,0,202710,Jimmy Butler,CHI,Chicago,1610612741.0,Bulls,0,,,,,,0,,,,,,24 - 22,-2,,8:30 PM
83,2,6,95,0021500391,,,2:17,1,5.0,4,1,203484,Kentavious Caldwell-Pope,DET,Detroit,1610612765.0,Pistons,202710,Jimmy Butler,CHI,Chicago,1610612741.0,Bulls,0,,,,,,,,Caldwell-Pope S.FOUL (P2.PN) (G.Zielinski),8:30 PM
84,0,8,96,0021500391,,,2:17,1,5.0,5,0,203484,Kentavious Caldwell-Pope,DET,Detroit,1610612765.0,Pistons,202694,Marcus Morris,DET,Detroit,1610612765.0,Pistons,0,,,,,,,,SUB: Marc Morris FOR Caldwell-Pope,8:30 PM
85,10,3,97,0021500391,Butler Free Throw 1 of 1 (9 PTS),,2:17,1,4.0,0,0,202710,Jimmy Butler,CHI,Chicago,1610612741.0,Bulls,0,,,,,,0,,,,,,24 - 23,-1,,8:30 PM
86,1,5,99,0021500391,Noah STEAL (1 STL),,2:04,1,5.0,4,0,202694,Marcus Morris,DET,Detroit,1610612765.0,Pistons,201149,Joakim Noah,CHI,Chicago,1610612741.0,Bulls,0,,,,,,,,Marc Morris Bad Pass Turnover (P1.T1),8:30 PM
87,1,2,100,0021500391,MISS Butler 18' Jump Shot,,1:54,1,4.0,0,0,202710,Jimmy Butler,CHI,Chicago,1610612741.0,Bulls,0,,,,,,0,,,,,,,,,8:30 PM
88,0,4,101,0021500391,,,1:53,1,5.0,0,0,2581,Steve Blake,DET,Detroit,1610612765.0,Pistons,0,,,,,,0,,,,,,,,Blake REBOUND (Off:0 Def:1),8:31 PM
89,1,2,103,0021500391,,,1:33,1,5.0,0,0,1626169,Stanley Johnson,DET,Detroit,1610612765.0,Pistons,0,,,,,,0,,,,,,,,MISS Johnson 11' Jump Shot,8:31 PM
90,0,4,105,0021500391,,,1:31,1,5.0,0,0,101141,Ersan Ilyasova,DET,Detroit,1610612765.0,Pistons,0,,,,,,0,,,,,,,,Ilyasova REBOUND (Off:2 Def:1),8:31 PM
91,72,2,104,0021500391,Butler BLOCK (1 BLK),,1:31,1,5.0,0,4,101141,Ersan Ilyasova,DET,Detroit,1610612765.0,Pistons,0,,,,,,202710,Jimmy Butler,CHI,Chicago,1610612741.0,Bulls,,,MISS Ilyasova 2' Putback Layup,8:31 PM
92,0,4,106,0021500391,,,1:29,1,5.0,0,0,203083,Andre Drummond,DET,Detroit,1610612765.0,Pistons,0,,,,,,0,,,,,,,,Drummond REBOUND (Off:2 Def:3),8:31 PM
93,72,1,107,0021500391,,,1:28,1,5.0,0,0,203083,Andre Drummond,DET,Detroit,1610612765.0,Pistons,0,,,,,,0,,,,,,26 - 23,-3,Drummond 2' Putback Layup (6 PTS),8:31 PM
94,1,2,108,0021500391,MISS McDermott 24' 3PT Jump Shot,,1:18,1,4.0,0,0,203926,Doug McDermott,CHI,Chicago,1610612741.0,Bulls,0,,,,,,0,,,,,,,,,8:31 PM
95,0,4,109,0021500391,,,1:17,1,5.0,0,0,101141,Ersan Ilyasova,DET,Detroit,1610612765.0,Pistons,0,,,,,,0,,,,,,,,Ilyasova REBOUND (Off:2 Def:2),8:31 PM
96,1,5,110,0021500391,Butler STEAL (1 STL),,1:13,1,5.0,4,0,101141,Ersan Ilyasova,DET,Detroit,1610612765.0,Pistons,202710,Jimmy Butler,CHI,Chicago,1610612741.0,Bulls,0,,,,,,,,Ilyasova Bad Pass Turnover (P1.T2),8:31 PM
97,26,6,111,0021500391,Butler Offensive Charge Foul (P2.PN) (S.Anderson),,1:12,1,4.0,5,1,202710,Jimmy Butler,CHI,Chicago,1610612741.0,Bulls,101141,Ersan Ilyasova,DET,Detroit,1610612765.0,Pistons,0,,,,,,,,,8:31 PM
98,5,5,112,0021500391,Butler Foul Turnover (P1.T3),,1:12,1,4.0,0,1,202710,Jimmy Butler,CHI,Chicago,1610612741.0,Bulls,0,,,,,,0,,,,,,,,,8:31 PM
99,0,8,113,0021500391,SUB: Moore FOR Butler,,1:12,1,4.0,4,0,202710,Jimmy Butler,CHI,Chicago,1610612741.0,Bulls,202734,E'Twaun Moore,CHI,Chicago,1610612741.0,Bulls,0,,,,,,,,,8:32 PM
100,1,1,114,0021500391,,,0:56,1,5.0,0,0,2581,Steve Blake,DET,Detroit,1610612765.0,Pistons,0,,,,,,0,,,,,,28 - 23,-5,Blake 18' Jump Shot (5 PTS),8:32 PM
101,98,1,115,0021500391,Noah 2' Cutting Layup Shot (2 PTS) (Brooks 1 AST),,0:50,1,4.0,4,0,201149,Joakim Noah,CHI,Chicago,1610612741.0,Bulls,201166,Aaron Brooks,CHI,Chicago,1610612741.0,Bulls,0,,,,,,28 - 25,-3,,8:32 PM
102,1,2,116,0021500391,,,0:38,1,5.0,0,0,1626169,Stanley Johnson,DET,Detroit,1610612765.0,Pistons,0,,,,,,0,,,,,,,,MISS Johnson  3PT Jump Shot,8:32 PM
103,0,4,117,0021500391,BULLS Rebound,,0:38,1,2.0,0,0,1610612741,,,,,,0,,,,,,0,,,,,,,,,8:32 PM
104,3,6,118,0021500391,,,0:38,1,5.0,4,1,202694,Marcus Morris,DET,Detroit,1610612765.0,Pistons,202734,E'Twaun Moore,CHI,Chicago,1610612741.0,Bulls,0,,,,,,,,Marc Morris L.B.FOUL (P1.PN) (J.Capers),8:33 PM
105,11,3,119,0021500391,Moore Free Throw 1 of 2 (1 PTS),,0:38,1,4.0,0,0,202734,E'Twaun Moore,CHI,Chicago,1610612741.0,Bulls,0,,,,,,0,,,,,,28 - 26,-2,,8:33 PM
106,12,3,121,0021500391,Moore Free Throw 2 of 2 (2 PTS),,0:38,1,4.0,0,0,202734,E'Twaun Moore,CHI,Chicago,1610612741.0,Bulls,0,,,,,,0,,,,,,28 - 27,-1,,8:33 PM
107,1,6,124,0021500391,McDermott P.FOUL (P2.PN) (J.Capers),,0:29,1,4.0,5,1,203926,Doug McDermott,CHI,Chicago,1610612741.0,Bulls,202694,Marcus Morris,DET,Detroit,1610612765.0,Pistons,0,,,,,,,,,8:33 PM
108,11,3,125,0021500391,,,0:29,1,5.0,0,0,202694,Marcus Morris,DET,Detroit,1610612765.0,Pistons,0,,,,,,0,,,,,,,,MISS Marc Morris Free Throw 1 of 2,8:34 PM
109,1,4,126,0021500391,,,0:29,1,3.0,0,0,1610612765,,,,,,0,,,,,,0,,,,,,,,Pistons Rebound,8:34 PM
110,12,3,127,0021500391,,,0:29,1,5.0,0,0,202694,Marcus Morris,DET,Detroit,1610612765.0,Pistons,0,,,,,,0,,,,,,,,MISS Marc Morris Free Throw 2 of 2,8:34 PM
111,0,4,129,0021500391,Brooks REBOUND (Off:0 Def:1),,0:27,1,4.0,0,0,201166,Aaron Brooks,CHI,Chicago,1610612741.0,Bulls,0,,,,,,0,,,,,,,,,8:34 PM
112,26,6,130,0021500391,Brooks Offensive Charge Foul (P1.PN) (S.Anderson),,0:05,1,4.0,5,1,201166,Aaron Brooks,CHI,Chicago,1610612741.0,Bulls,2581,Steve Blake,DET,Detroit,1610612765.0,Pistons,0,,,,,,,,,8:35 PM
113,5,5,131,0021500391,Brooks Foul Turnover (P1.T4),,0:05,1,4.0,0,1,201166,Aaron Brooks,CHI,Chicago,1610612741.0,Bulls,0,,,,,,0,,,,,,,,,8:35 PM
114,1,1,132,0021500391,,,0:00,1,5.0,0,0,2581,Steve Blake,DET,Detroit,1610612765.0,Pistons,0,,,,,,0,,,,,,30 - 27,-3,Blake 21' Jump Shot (7 PTS),8:35 PM
115,0,13,133,0021500391,,,0:00,1,0.0,0,0,0,,,,,,0,,,,,,0,,,,,,30 - 27,-3,,8:35 PM
116,0,12,135,0021500391,,,12:00,2,0.0,0,0,0,,,,,,0,,,,,,0,,,,,,30 - 27,-3,,8:38 PM
117,1,2,136,0021500391,,,11:43,2,5.0,0,0,1626169,Stanley Johnson,DET,Detroit,1610612765.0,Pistons,0,,,,,,0,,,,,,,,MISS Johnson 12' Jump Shot,8:38 PM
118,0,4,137,0021500391,Noah REBOUND (Off:1 Def:3),,11:42,2,4.0,0,0,201149,Joakim Noah,CHI,Chicago,1610612741.0,Bulls,0,,,,,,0,,,,,,,,,8:38 PM
119,1,2,138,0021500391,MISS Brooks 16' Jump Shot,,11:33,2,4.0,0,0,201166,Aaron Brooks,CHI,Chicago,1610612741.0,Bulls,0,,,,,,0,,,,,,,,,8:38 PM
120,0,4,139,0021500391,,,11:33,2,5.0,0,0,201202,Joel Anthony,DET,Detroit,1610612765.0,Pistons,0,,,,,,0,,,,,,,,Anthony REBOUND (Off:0 Def:1),8:38 PM
121,1,6,140,0021500391,Noah P.FOUL (P1.T1) (G.Zielinski),,11:33,2,4.0,5,1,201149,Joakim Noah,CHI,Chicago,1610612741.0,Bulls,201202,Joel Anthony,DET,Detroit,1610612765.0,Pistons,0,,,,,,,,,8:38 PM
122,1,6,141,0021500391,Mirotic P.FOUL (P1.T2) (S.Anderson),,11:19,2,4.0,5,1,202703,Nikola Mirotic,CHI,Chicago,1610612741.0,Bulls,202694,Marcus Morris,DET,Detroit,1610612765.0,Pistons,0,,,,,,,,,8:39 PM
123,1,1,142,0021500391,,,11:06,2,5.0,0,0,1626169,Stanley Johnson,DET,Detroit,1610612765.0,Pistons,0,,,,,,0,,,,,,32 - 27,-5,Johnson 20' Jump Shot (2 PTS),8:39 PM
124,1,2,143,0021500391,MISS McDermott 24' 3PT Jump Shot,,10:47,2,4.0,0,0,203926,Doug McDermott,CHI,Chicago,1610612741.0,Bulls,0,,,,,,0,,,,,,,,,8:39 PM
125,0,4,144,0021500391,Brooks REBOUND (Off:1 Def:1),,10:46,2,4.0,0,0,201166,Aaron Brooks,CHI,Chicago,1610612741.0,Bulls,0,,,,,,0,,,,,,,,,8:39 PM
126,1,1,145,0021500391,Moore  3PT Jump Shot (5 PTS) (Noah 1 AST),,10:39,2,4.0,4,0,202734,E'Twaun Moore,CHI,Chicago,1610612741.0,Bulls,201149,Joakim Noah,CHI,Chicago,1610612741.0,Bulls,0,,,,,,32 - 30,-2,,8:40 PM
127,1,2,146,0021500391,,,10:17,2,5.0,0,0,1626169,Stanley Johnson,DET,Detroit,1610612765.0,Pistons,0,,,,,,0,,,,,,,,MISS Johnson 17' Jump Shot,8:40 PM
128,0,4,147,0021500391,Mirotic REBOUND (Off:0 Def:1),,10:16,2,4.0,0,0,202703,Nikola Mirotic,CHI,Chicago,1610612741.0,Bulls,0,,,,,,0,,,,,,,,,8:40 PM
129,1,2,148,0021500391,MISS Moore 19' Jump Shot,,10:01,2,4.0,0,0,202734,E'Twaun Moore,CHI,Chicago,1610612741.0,Bulls,0,,,,,,0,,,,,,,,,8:40 PM
130,0,4,149,0021500391,,,10:00,2,5.0,0,0,1626169,Stanley Johnson,DET,Detroit,1610612765.0,Pistons,0,,,,,,0,,,,,,,,Johnson REBOUND (Off:0 Def:1),8:40 PM
131,2,6,150,0021500391,Moore S.FOUL (P1.T3) (J.Capers),,9:51,2,4.0,5,1,202734,E'Twaun Moore,CHI,Chicago,1610612741.0,Bulls,202694,Marcus Morris,DET,Detroit,1610612765.0,Pistons,0,,,,,,,,,8:41 PM
132,11,3,151,0021500391,,,9:51,2,5.0,0,0,202694,Marcus Morris,DET,Detroit,1610612765.0,Pistons,0,,,,,,0,,,,,,33 - 30,-3,Marc Morris Free Throw 1 of 2 (4 PTS),8:41 PM
133,0,8,153,0021500391,,,9:51,2,5.0,5,0,2581,Steve Blake,DET,Detroit,1610612765.0,Pistons,202704,Reggie Jackson,DET,Detroit,1610612765.0,Pistons,0,,,,,,,,SUB: Jackson FOR Blake,8:41 PM
134,0,8,155,0021500391,SUB: Gibson FOR Moore,,9:51,2,4.0,4,0,202734,E'Twaun Moore,CHI,Chicago,1610612741.0,Bulls,201959,Taj Gibson,CHI,Chicago,1610612741.0,Bulls,0,,,,,,,,,8:41 PM
135,12,3,156,0021500391,,,9:51,2,5.0,0,0,202694,Marcus Morris,DET,Detroit,1610612765.0,Pistons,0,,,,,,0,,,,,,,,MISS Marc Morris Free Throw 2 of 2,8:41 PM
136,0,4,158,0021500391,Mirotic REBOUND (Off:0 Def:2),,9:49,2,4.0,0,0,202703,Nikola Mirotic,CHI,Chicago,1610612741.0,Bulls,0,,,,,,0,,,,,,,,,8:41 PM
137,45,5,159,0021500391,Noah Out of Bounds - Bad Pass Turnover Turnover (P1.T5),,9:32,2,4.0,0,0,201149,Joakim Noah,CHI,Chicago,1610612741.0,Bulls,0,,,,,,0,,,,,,,,,8:42 PM
138,1,2,160,0021500391,,,9:11,2,5.0,0,0,202694,Marcus Morris,DET,Detroit,1610612765.0,Pistons,0,,,,,,0,,,,,,,,MISS Marc Morris 17' Jump Shot,8:42 PM
139,0,4,161,0021500391,Noah REBOUND (Off:1 Def:4),,9:10,2,4.0,0,0,201149,Joakim Noah,CHI,Chicago,1610612741.0,Bulls,0,,,,,,0,,,,,,,,,8:42 PM
140,42,2,162,0021500391,MISS Gibson 2' Driving Layup,,8:56,2,4.0,0,0,201959,Taj Gibson,CHI,Chicago,1610612741.0,Bulls,0,,,,,,0,,,,,,,,,8:42 PM
141,0,4,164,0021500391,Noah REBOUND (Off:2 Def:4),,8:55,2,4.0,0,0,201149,Joakim Noah,CHI,Chicago,1610612741.0,Bulls,0,,,,,,0,,,,,,,,,8:43 PM
142,97,2,163,0021500391,MISS Noah  Tip Layup Shot,,8:55,2,4.0,0,0,201149,Joakim Noah,CHI,Chicago,1610612741.0,Bulls,0,,,,,,0,,,,,,,,,8:43 PM
143,0,4,165,0021500391,,,8:53,2,5.0,0,0,1626169,Stanley Johnson,DET,Detroit,1610612765.0,Pistons,0,,,,,,0,,,,,,,,Johnson REBOUND (Off:0 Def:2),8:43 PM
144,2,6,166,0021500391,Brooks S.FOUL (P2.T4) (G.Zielinski),,8:49,2,4.0,5,1,201166,Aaron Brooks,CHI,Chicago,1610612741.0,Bulls,202694,Marcus Morris,DET,Detroit,1610612765.0,Pistons,0,,,,,,,,,8:43 PM
145,1,9,167,0021500391,,,8:49,2,1.0,0,0,0,,,,,,0,,,,,,0,,,,,,,,,8:43 PM
146,11,3,168,0021500391,,,8:49,2,5.0,0,0,202694,Marcus Morris,DET,Detroit,1610612765.0,Pistons,0,,,,,,0,,,,,,34 - 30,-4,Marc Morris Free Throw 1 of 2 (5 PTS),8:45 PM
147,12,3,170,0021500391,,,8:49,2,5.0,0,0,202694,Marcus Morris,DET,Detroit,1610612765.0,Pistons,0,,,,,,0,,,,,,35 - 30,-5,Marc Morris Free Throw 2 of 2 (6 PTS),8:46 PM
148,5,1,173,0021500391,McDermott 3' Layup (2 PTS) (Noah 2 AST),,8:40,2,4.0,4,0,203926,Doug McDermott,CHI,Chicago,1610612741.0,Bulls,201149,Joakim Noah,CHI,Chicago,1610612741.0,Bulls,0,,,,,,35 - 32,-3,,8:46 PM
149,1,1,174,0021500391,,,8:18,2,5.0,0,0,202704,Reggie Jackson,DET,Detroit,1610612765.0,Pistons,0,,,,,,0,,,,,,37 - 32,-5,Jackson 13' Jump Shot (2 PTS),8:46 PM
150,1,1,175,0021500391,Mirotic 25' 3PT Jump Shot (3 PTS) (Noah 3 AST),,8:07,2,4.0,4,0,202703,Nikola Mirotic,CHI,Chicago,1610612741.0,Bulls,201149,Joakim Noah,CHI,Chicago,1610612741.0,Bulls,0,,,,,,37 - 35,-2,,8:47 PM
151,1,1,176,0021500391,,,7:52,2,5.0,0,0,202704,Reggie Jackson,DET,Detroit,1610612765.0,Pistons,0,,,,,,0,,,,,,39 - 35,-4,Jackson 21' Jump Shot (4 PTS),8:47 PM
152,1,2,177,0021500391,MISS Gibson 17' Jump Shot,,7:33,2,4.0,0,0,201959,Taj Gibson,CHI,Chicago,1610612741.0,Bulls,0,,,,,,0,,,,,,,,,8:47 PM
153,0,4,178,0021500391,,,7:32,2,5.0,0,0,201202,Joel Anthony,DET,Detroit,1610612765.0,Pistons,0,,,,,,0,,,,,,,,Anthony REBOUND (Off:0 Def:2),8:47 PM
154,1,6,179,0021500391,McDermott P.FOUL (P3.PN) (J.Capers),,7:23,2,4.0,5,1,203926,Doug McDermott,CHI,Chicago,1610612741.0,Bulls,1626169,Stanley Johnson,DET,Detroit,1610612765.0,Pistons,0,,,,,,,,,8:47 PM
155,11,3,180,0021500391,,,7:23,2,5.0,0,0,1626169,Stanley Johnson,DET,Detroit,1610612765.0,Pistons,0,,,,,,0,,,,,,40 - 35,-5,Johnson Free Throw 1 of 2 (3 PTS),8:48 PM
156,0,8,181,0021500391,,,7:23,2,5.0,5,0,202694,Marcus Morris,DET,Detroit,1610612765.0,Pistons,203484,Kentavious Caldwell-Pope,DET,Detroit,1610612765.0,Pistons,0,,,,,,,,SUB: Caldwell-Pope FOR Marc Morris,8:48 PM
157,0,8,182,0021500391,SUB: Rose FOR Brooks,,7:23,2,4.0,4,0,201166,Aaron Brooks,CHI,Chicago,1610612741.0,Bulls,201565,Derrick Rose,CHI,Chicago,1610612741.0,Bulls,0,,,,,,,,,8:48 PM
158,0,8,183,0021500391,SUB: Butler FOR McDermott,,7:23,2,4.0,4,0,203926,Doug McDermott,CHI,Chicago,1610612741.0,Bulls,202710,Jimmy Butler,CHI,Chicago,1610612741.0,Bulls,0,,,,,,,,,8:48 PM
159,12,3,184,0021500391,,,7:23,2,5.0,0,0,1626169,Stanley Johnson,DET,Detroit,1610612765.0,Pistons,0,,,,,,0,,,,,,41 - 35,-6,Johnson Free Throw 2 of 2 (4 PTS),8:48 PM
160,1,6,186,0021500391,,,7:16,2,5.0,4,1,1626169,Stanley Johnson,DET,Detroit,1610612765.0,Pistons,202703,Nikola Mirotic,CHI,Chicago,1610612741.0,Bulls,0,,,,,,,,Johnson P.FOUL (P1.T1) (G.Zielinski),8:48 PM
161,1,2,187,0021500391,MISS Rose 10' Jump Shot,,7:09,2,4.0,0,0,201565,Derrick Rose,CHI,Chicago,1610612741.0,Bulls,0,,,,,,0,,,,,,,,,8:49 PM
162,0,4,188,0021500391,,,7:08,2,5.0,0,0,202704,Reggie Jackson,DET,Detroit,1610612765.0,Pistons,0,,,,,,0,,,,,,,,Jackson REBOUND (Off:0 Def:1),8:49 PM
163,2,6,189,0021500391,Butler S.FOUL (P3.PN) (G.Zielinski),,7:00,2,4.0,5,1,202710,Jimmy Butler,CHI,Chicago,1610612741.0,Bulls,201202,Joel Anthony,DET,Detroit,1610612765.0,Pistons,0,,,,,,,,,8:49 PM
164,11,3,190,0021500391,,,7:00,2,5.0,0,0,201202,Joel Anthony,DET,Detroit,1610612765.0,Pistons,0,,,,,,0,,,,,,42 - 35,-7,Anthony Free Throw 1 of 2 (1 PTS),8:49 PM
165,0,8,192,0021500391,SUB: Hinrich FOR Butler,,7:00,2,4.0,4,0,202710,Jimmy Butler,CHI,Chicago,1610612741.0,Bulls,2550,Kirk Hinrich,CHI,Chicago,1610612741.0,Bulls,0,,,,,,,,,8:49 PM
166,12,3,193,0021500391,,,7:00,2,5.0,0,0,201202,Joel Anthony,DET,Detroit,1610612765.0,Pistons,0,,,,,,0,,,,,,43 - 35,-8,Anthony Free Throw 2 of 2 (2 PTS),8:49 PM
167,2,6,195,0021500391,,,6:47,2,5.0,4,1,201229,Anthony Tolliver,DET,Detroit,1610612765.0,Pistons,201565,Derrick Rose,CHI,Chicago,1610612741.0,Bulls,0,,,,,,,,Tolliver S.FOUL (P1.T2) (G.Zielinski),8:50 PM
168,11,3,196,0021500391,Rose Free Throw 1 of 2 (5 PTS),,6:47,2,4.0,0,0,201565,Derrick Rose,CHI,Chicago,1610612741.0,Bulls,0,,,,,,0,,,,,,43 - 36,-7,,8:50 PM
169,0,8,198,0021500391,,,6:47,2,5.0,5,0,201202,Joel Anthony,DET,Detroit,1610612765.0,Pistons,203083,Andre Drummond,DET,Detroit,1610612765.0,Pistons,0,,,,,,,,SUB: Drummond FOR Anthony,8:50 PM
170,12,3,199,0021500391,Rose Free Throw 2 of 2 (6 PTS),,6:47,2,4.0,0,0,201565,Derrick Rose,CHI,Chicago,1610612741.0,Bulls,0,,,,,,0,,,,,,43 - 37,-6,,8:50 PM
171,1,2,201,0021500391,,,6:39,2,5.0,0,0,201229,Anthony Tolliver,DET,Detroit,1610612765.0,Pistons,0,,,,,,0,,,,,,,,MISS Tolliver 24' 3PT Jump Shot,8:51 PM
172,0,4,202,0021500391,,,6:36,2,5.0,0,0,203083,Andre Drummond,DET,Detroit,1610612765.0,Pistons,0,,,,,,0,,,,,,,,Drummond REBOUND (Off:3 Def:3),8:51 PM
173,1,2,203,0021500391,,,6:30,2,5.0,0,0,203484,Kentavious Caldwell-Pope,DET,Detroit,1610612765.0,Pistons,0,,,,,,0,,,,,,,,MISS Caldwell-Pope 21' Jump Shot,8:51 PM
174,0,4,204,0021500391,Noah REBOUND (Off:2 Def:5),,6:28,2,4.0,0,0,201149,Joakim Noah,CHI,Chicago,1610612741.0,Bulls,0,,,,,,0,,,,,,,,,8:51 PM
175,108,1,205,0021500391,Noah  Cutting Dunk Shot (4 PTS) (Rose 3 AST),,6:22,2,4.0,4,0,201149,Joakim Noah,CHI,Chicago,1610612741.0,Bulls,201565,Derrick Rose,CHI,Chicago,1610612741.0,Bulls,0,,,,,,43 - 39,-4,,8:51 PM
176,42,1,207,0021500391,,,5:56,2,5.0,5,0,201229,Anthony Tolliver,DET,Detroit,1610612765.0,Pistons,203484,Kentavious Caldwell-Pope,DET,Detroit,1610612765.0,Pistons,0,,,,,,45 - 39,-6,Tolliver 2' Driving Layup (2 PTS) (Caldwell-Pope 3 AST),8:51 PM
177,15,5,208,0021500391,Noah Offensive Goaltending Turnover (P2.T6),,5:45,2,4.0,0,1,201149,Joakim Noah,CHI,Chicago,1610612741.0,Bulls,0,,,,,,0,,,,,,,,,8:52 PM
178,1,9,209,0021500391,BULLS Timeout: Regular (Full 2 Short 0),,5:45,2,2.0,0,0,1610612741,,,,,,0,,,,,,0,,,,,,,,,8:52 PM
179,0,8,210,0021500391,SUB: Gasol FOR Noah,,5:45,2,4.0,4,0,201149,Joakim Noah,CHI,Chicago,1610612741.0,Bulls,2200,Pau Gasol,CHI,Chicago,1610612741.0,Bulls,0,,,,,,,,,8:54 PM
180,0,8,211,0021500391,,,5:45,2,5.0,5,0,201229,Anthony Tolliver,DET,Detroit,1610612765.0,Pistons,101141,Ersan Ilyasova,DET,Detroit,1610612765.0,Pistons,0,,,,,,,,SUB: Ilyasova FOR Tolliver,8:54 PM
181,58,1,212,0021500391,,,5:27,2,5.0,0,0,203083,Andre Drummond,DET,Detroit,1610612765.0,Pistons,0,,,,,,0,,,,,,47 - 39,-8,Drummond 6' Turnaround Hook Shot (8 PTS),8:54 PM
182,1,1,213,0021500391,Gasol 16' Jump Shot (10 PTS) (Rose 4 AST),,5:14,2,4.0,4,0,2200,Pau Gasol,CHI,Chicago,1610612741.0,Bulls,201565,Derrick Rose,CHI,Chicago,1610612741.0,Bulls,0,,,,,,47 - 41,-6,,8:55 PM
183,1,2,214,0021500391,,,4:57,2,5.0,0,0,101141,Ersan Ilyasova,DET,Detroit,1610612765.0,Pistons,0,,,,,,0,,,,,,,,MISS Ilyasova 24' 3PT Jump Shot,8:55 PM
184,0,4,215,0021500391,Mirotic REBOUND (Off:0 Def:3),,4:55,2,4.0,0,0,202703,Nikola Mirotic,CHI,Chicago,1610612741.0,Bulls,0,,,,,,0,,,,,,,,,8:55 PM
185,42,2,216,0021500391,MISS Rose 2' Driving Layup,,4:44,2,4.0,0,0,201565,Derrick Rose,CHI,Chicago,1610612741.0,Bulls,0,,,,,,0,,,,,,,,,8:55 PM
186,0,4,218,0021500391,Gibson REBOUND (Off:1 Def:1),,4:43,2,4.0,0,0,201959,Taj Gibson,CHI,Chicago,1610612741.0,Bulls,0,,,,,,0,,,,,,,,,8:55 PM
187,97,2,217,0021500391,MISS Gibson 2' Tip Layup Shot,,4:43,2,4.0,0,0,201959,Taj Gibson,CHI,Chicago,1610612741.0,Bulls,0,,,,,,0,,,,,,,,,8:55 PM
188,0,4,219,0021500391,,,4:42,2,5.0,0,0,101141,Ersan Ilyasova,DET,Detroit,1610612765.0,Pistons,0,,,,,,0,,,,,,,,Ilyasova REBOUND (Off:2 Def:3),8:55 PM
189,45,5,220,0021500391,,,4:35,2,5.0,0,0,1626169,Stanley Johnson,DET,Detroit,1610612765.0,Pistons,0,,,,,,0,,,,,,,,Johnson Out of Bounds - Bad Pass Turnover Turnover (P1.T3),8:55 PM
190,1,2,222,0021500391,MISS Mirotic 25' 3PT Jump Shot,,4:21,2,4.0,0,0,202703,Nikola Mirotic,CHI,Chicago,1610612741.0,Bulls,0,,,,,,0,,,,,,,,,8:56 PM
191,0,4,223,0021500391,,,4:21,2,5.0,0,0,202704,Reggie Jackson,DET,Detroit,1610612765.0,Pistons,0,,,,,,0,,,,,,,,Jackson REBOUND (Off:0 Def:2),8:56 PM
192,2,6,224,0021500391,Mirotic S.FOUL (P2.PN) (G.Zielinski),,4:06,2,4.0,5,1,202703,Nikola Mirotic,CHI,Chicago,1610612741.0,Bulls,1626169,Stanley Johnson,DET,Detroit,1610612765.0,Pistons,0,,,,,,,,,8:56 PM
193,11,3,225,0021500391,,,4:06,2,5.0,0,0,1626169,Stanley Johnson,DET,Detroit,1610612765.0,Pistons,0,,,,,,0,,,,,,,,MISS Johnson Free Throw 1 of 2,8:56 PM
194,1,4,226,0021500391,,,4:06,2,3.0,0,0,1610612765,,,,,,0,,,,,,0,,,,,,,,Pistons Rebound,8:56 PM
195,0,8,227,0021500391,SUB: Snell FOR Mirotic,,4:06,2,4.0,4,0,202703,Nikola Mirotic,CHI,Chicago,1610612741.0,Bulls,203503,Tony Snell,CHI,Chicago,1610612741.0,Bulls,0,,,,,,,,,8:56 PM
196,12,3,228,0021500391,,,4:06,2,5.0,0,0,1626169,Stanley Johnson,DET,Detroit,1610612765.0,Pistons,0,,,,,,0,,,,,,48 - 41,-7,Johnson Free Throw 2 of 2 (5 PTS),8:56 PM
197,1,1,230,0021500391,Rose 11' Jump Shot (8 PTS),,3:57,2,4.0,0,0,201565,Derrick Rose,CHI,Chicago,1610612741.0,Bulls,0,,,,,,0,,,,,,48 - 43,-5,,8:57 PM
198,1,2,231,0021500391,,,3:37,2,5.0,0,0,203484,Kentavious Caldwell-Pope,DET,Detroit,1610612765.0,Pistons,0,,,,,,0,,,,,,,,MISS Caldwell-Pope 23' Jump Shot,8:57 PM
199,0,4,232,0021500391,,,3:37,2,5.0,0,0,101141,Ersan Ilyasova,DET,Detroit,1610612765.0,Pistons,0,,,,,,0,,,,,,,,Ilyasova REBOUND (Off:3 Def:3),8:57 PM
200,1,6,233,0021500391,Gibson P.FOUL (P1.PN) (S.Anderson),,3:37,2,4.0,5,1,201959,Taj Gibson,CHI,Chicago,1610612741.0,Bulls,101141,Ersan Ilyasova,DET,Detroit,1610612765.0,Pistons,0,,,,,,,,,8:57 PM
201,11,3,234,0021500391,,,3:37,2,5.0,0,0,101141,Ersan Ilyasova,DET,Detroit,1610612765.0,Pistons,0,,,,,,0,,,,,,,,MISS Ilyasova Free Throw 1 of 2,8:57 PM
202,1,4,235,0021500391,,,3:37,2,3.0,0,0,1610612765,,,,,,0,,,,,,0,,,,,,,,Pistons Rebound,8:57 PM
203,12,3,236,0021500391,,,3:37,2,5.0,0,0,101141,Ersan Ilyasova,DET,Detroit,1610612765.0,Pistons,0,,,,,,0,,,,,,49 - 43,-6,Ilyasova Free Throw 2 of 2 (8 PTS),8:58 PM
204,1,2,238,0021500391,MISS Rose 14' Jump Shot,,3:28,2,4.0,0,0,201565,Derrick Rose,CHI,Chicago,1610612741.0,Bulls,0,,,,,,0,,,,,,,,,8:58 PM
205,0,4,240,0021500391,Gibson REBOUND (Off:2 Def:1),,3:27,2,4.0,0,0,201959,Taj Gibson,CHI,Chicago,1610612741.0,Bulls,0,,,,,,0,,,,,,,,,8:58 PM
206,7,1,239,0021500391,Gibson  Dunk (4 PTS) (Gasol 2 AST),,3:27,2,4.0,4,0,201959,Taj Gibson,CHI,Chicago,1610612741.0,Bulls,2200,Pau Gasol,CHI,Chicago,1610612741.0,Bulls,0,,,,,,49 - 45,-4,,8:58 PM
207,1,2,241,0021500391,,,3:01,2,5.0,0,0,203083,Andre Drummond,DET,Detroit,1610612765.0,Pistons,0,,,,,,0,,,,,,,,MISS Drummond 12' Jump Shot,8:58 PM
208,0,4,242,0021500391,Gibson REBOUND (Off:2 Def:2),,3:00,2,4.0,0,0,201959,Taj Gibson,CHI,Chicago,1610612741.0,Bulls,0,,,,,,0,,,,,,,,,8:58 PM
209,41,1,243,0021500391,Rose  Running Layup (10 PTS),,2:56,2,4.0,0,0,201565,Derrick Rose,CHI,Chicago,1610612741.0,Bulls,0,,,,,,0,,,,,,49 - 47,-2,,8:58 PM
210,1,9,245,0021500391,,,2:44,2,3.0,0,0,1610612765,,,,,,0,,,,,,0,,,,,,,,Pistons Timeout: Regular (Reg.2 Short 0),8:59 PM
211,0,8,246,0021500391,,,2:44,2,5.0,5,0,202704,Reggie Jackson,DET,Detroit,1610612765.0,Pistons,2581,Steve Blake,DET,Detroit,1610612765.0,Pistons,0,,,,,,,,SUB: Blake FOR Jackson,9:01 PM
212,0,8,247,0021500391,,,2:44,2,5.0,5,0,203484,Kentavious Caldwell-Pope,DET,Detroit,1610612765.0,Pistons,202694,Marcus Morris,DET,Detroit,1610612765.0,Pistons,0,,,,,,,,SUB: Marc Morris FOR Caldwell-Pope,9:01 PM
213,4,6,248,0021500391,,,2:34,2,5.0,4,1,203083,Andre Drummond,DET,Detroit,1610612765.0,Pistons,2550,Kirk Hinrich,CHI,Chicago,1610612741.0,Bulls,0,,,,,,,,Drummond OFF.Foul (P1) (G.Zielinski),9:01 PM
214,5,5,249,0021500391,,,2:34,2,5.0,0,1,203083,Andre Drummond,DET,Detroit,1610612765.0,Pistons,0,,,,,,0,,,,,,,,Drummond Foul Turnover (P1.T4),9:01 PM
215,1,2,250,0021500391,MISS Rose 24' 3PT Jump Shot,,2:20,2,4.0,0,0,201565,Derrick Rose,CHI,Chicago,1610612741.0,Bulls,0,,,,,,0,,,,,,,,,9:02 PM
216,0,4,251,0021500391,,,2:19,2,5.0,0,0,1626169,Stanley Johnson,DET,Detroit,1610612765.0,Pistons,0,,,,,,0,,,,,,,,Johnson REBOUND (Off:0 Def:3),9:02 PM
217,0,10,252,0021500391,Jump Ball Gibson vs. Johnson: Tip to Blake,,2:09,2,4.0,5,5,201959,Taj Gibson,CHI,Chicago,1610612741.0,Bulls,1626169,Stanley Johnson,DET,Detroit,1610612765.0,Pistons,2581,Steve Blake,DET,Detroit,1610612765.0,Pistons,,,,9:03 PM
218,2,6,253,0021500391,Hinrich S.FOUL (P1.PN) (J.Capers),,2:02,2,4.0,5,1,2550,Kirk Hinrich,CHI,Chicago,1610612741.0,Bulls,101141,Ersan Ilyasova,DET,Detroit,1610612765.0,Pistons,0,,,,,,,,,9:03 PM
219,11,3,254,0021500391,,,2:02,2,5.0,0,0,101141,Ersan Ilyasova,DET,Detroit,1610612765.0,Pistons,0,,,,,,0,,,,,,,,MISS Ilyasova Free Throw 1 of 2,9:03 PM
220,1,4,255,0021500391,,,2:02,2,3.0,0,0,1610612765,,,,,,0,,,,,,0,,,,,,,,Pistons Rebound,9:03 PM
221,12,3,256,0021500391,,,2:02,2,5.0,0,0,101141,Ersan Ilyasova,DET,Detroit,1610612765.0,Pistons,0,,,,,,0,,,,,,50 - 47,-3,Ilyasova Free Throw 2 of 2 (9 PTS),9:03 PM
222,1,2,258,0021500391,MISS Rose 6' Jump Shot,,1:50,2,4.0,0,0,201565,Derrick Rose,CHI,Chicago,1610612741.0,Bulls,0,,,,,,0,,,,,,,,,9:04 PM
223,0,4,260,0021500391,Gibson REBOUND (Off:3 Def:2),,1:47,2,4.0,0,0,201959,Taj Gibson,CHI,Chicago,1610612741.0,Bulls,0,,,,,,0,,,,,,,,,9:04 PM
224,72,1,259,0021500391,Gibson 2' Putback Layup (6 PTS),,1:47,2,4.0,0,0,201959,Taj Gibson,CHI,Chicago,1610612741.0,Bulls,0,,,,,,0,,,,,,50 - 49,-1,,9:04 PM
225,58,2,262,0021500391,Gasol BLOCK (2 BLK),,1:20,2,5.0,0,4,203083,Andre Drummond,DET,Detroit,1610612765.0,Pistons,0,,,,,,2200,Pau Gasol,CHI,Chicago,1610612741.0,Bulls,,,MISS Drummond 13' Turnaround Hook Shot,9:04 PM
226,0,4,263,0021500391,Gibson REBOUND (Off:3 Def:3),,1:19,2,4.0,0,0,201959,Taj Gibson,CHI,Chicago,1610612741.0,Bulls,0,,,,,,0,,,,,,,,,9:04 PM
227,1,2,264,0021500391,MISS Rose 20' Jump Shot,,1:04,2,4.0,0,0,201565,Derrick Rose,CHI,Chicago,1610612741.0,Bulls,0,,,,,,0,,,,,,,,,9:04 PM
228,0,4,265,0021500391,,,1:02,2,5.0,0,0,1626169,Stanley Johnson,DET,Detroit,1610612765.0,Pistons,0,,,,,,0,,,,,,,,Johnson REBOUND (Off:0 Def:4),9:04 PM
229,1,1,266,0021500391,,,0:52,2,5.0,5,0,203083,Andre Drummond,DET,Detroit,1610612765.0,Pistons,2581,Steve Blake,DET,Detroit,1610612765.0,Pistons,0,,,,,,52 - 49,-3,Drummond 4' Jump Shot (10 PTS) (Blake 1 AST),9:05 PM
230,17,6,267,0021500391,,,0:39,2,5.0,0,1,203083,Andre Drummond,DET,Detroit,1610612765.0,Pistons,0,,,,,,0,,,,,,,,Pistons T.Foul (Def. 3 Sec Drummond ) (S.Anderson),9:05 PM
231,16,3,268,0021500391,Rose Free Throw Technical (11 PTS),,0:39,2,4.0,0,0,201565,Derrick Rose,CHI,Chicago,1610612741.0,Bulls,0,,,,,,0,,,,,,52 - 50,-2,,9:05 PM
232,2,5,270,0021500391,Gasol Lost Ball Turnover (P1.T7),,0:34,2,4.0,5,0,2200,Pau Gasol,CHI,Chicago,1610612741.0,Bulls,2581,Steve Blake,DET,Detroit,1610612765.0,Pistons,0,,,,,,,,Blake STEAL (1 STL),9:06 PM
233,1,6,271,0021500391,Gasol P.FOUL (P1.PN) (G.Zielinski),,0:34,2,4.0,5,1,2200,Pau Gasol,CHI,Chicago,1610612741.0,Bulls,2581,Steve Blake,DET,Detroit,1610612765.0,Pistons,0,,,,,,,,,9:06 PM
234,11,3,272,0021500391,,,0:34,2,5.0,0,0,2581,Steve Blake,DET,Detroit,1610612765.0,Pistons,0,,,,,,0,,,,,,,,MISS Blake Free Throw 1 of 2,9:06 PM
235,1,4,273,0021500391,,,0:34,2,3.0,0,0,1610612765,,,,,,0,,,,,,0,,,,,,,,Pistons Rebound,9:06 PM
236,0,8,274,0021500391,SUB: Mirotic FOR Gibson,,0:34,2,4.0,4,0,201959,Taj Gibson,CHI,Chicago,1610612741.0,Bulls,202703,Nikola Mirotic,CHI,Chicago,1610612741.0,Bulls,0,,,,,,,,,9:06 PM
237,12,3,275,0021500391,,,0:34,2,5.0,0,0,2581,Steve Blake,DET,Detroit,1610612765.0,Pistons,0,,,,,,0,,,,,,53 - 50,-3,Blake Free Throw 2 of 2 (8 PTS),9:06 PM
238,2,6,277,0021500391,,,0:28,2,5.0,4,1,1626169,Stanley Johnson,DET,Detroit,1610612765.0,Pistons,2200,Pau Gasol,CHI,Chicago,1610612741.0,Bulls,0,,,,,,,,Johnson S.FOUL (P2.T3) (J.Capers),9:07 PM
239,11,3,278,0021500391,Gasol Free Throw 1 of 2 (11 PTS),,0:28,2,4.0,0,0,2200,Pau Gasol,CHI,Chicago,1610612741.0,Bulls,0,,,,,,0,,,,,,53 - 51,-2,,9:07 PM
240,12,3,280,0021500391,Gasol Free Throw 2 of 2 (12 PTS),,0:28,2,4.0,0,0,2200,Pau Gasol,CHI,Chicago,1610612741.0,Bulls,0,,,,,,0,,,,,,53 - 52,-1,,9:07 PM
241,28,6,282,0021500391,Hinrich Personal Take Foul (P2.PN) (J.Capers),,0:21,2,4.0,5,1,2550,Kirk Hinrich,CHI,Chicago,1610612741.0,Bulls,203083,Andre Drummond,DET,Detroit,1610612765.0,Pistons,0,,,,,,,,,9:08 PM
242,11,3,283,0021500391,,,0:21,2,5.0,0,0,203083,Andre Drummond,DET,Detroit,1610612765.0,Pistons,0,,,,,,0,,,,,,54 - 52,-2,Drummond Free Throw 1 of 2 (11 PTS),9:08 PM
243,0,8,286,0021500391,SUB: Butler FOR Hinrich,,0:21,2,4.0,4,0,2550,Kirk Hinrich,CHI,Chicago,1610612741.0,Bulls,202710,Jimmy Butler,CHI,Chicago,1610612741.0,Bulls,0,,,,,,,,,9:08 PM
244,12,3,287,0021500391,,,0:21,2,5.0,0,0,203083,Andre Drummond,DET,Detroit,1610612765.0,Pistons,0,,,,,,0,,,,,,55 - 52,-3,Drummond Free Throw 2 of 2 (12 PTS),9:08 PM
245,1,2,289,0021500391,MISS Rose 8' Jump Shot,,0:01,2,4.0,0,5,201565,Derrick Rose,CHI,Chicago,1610612741.0,Bulls,0,,,,,,203083,Andre Drummond,DET,Detroit,1610612765.0,Pistons,,,Drummond BLOCK (1 BLK),9:09 PM
246,0,4,290,0021500391,,,0:00,2,5.0,0,0,1626169,Stanley Johnson,DET,Detroit,1610612765.0,Pistons,0,,,,,,0,,,,,,,,Johnson REBOUND (Off:0 Def:5),9:09 PM
247,0,13,291,0021500391,,,0:00,2,0.0,0,0,0,,,,,,0,,,,,,0,,,,,,55 - 52,-3,,9:09 PM
248,0,12,293,0021500391,,,12:00,3,0.0,0,0,0,,,,,,0,,,,,,0,,,,,,55 - 52,-3,,9:25 PM
249,1,2,294,0021500391,,,11:44,3,5.0,0,0,202704,Reggie Jackson,DET,Detroit,1610612765.0,Pistons,0,,,,,,0,,,,,,,,MISS Jackson 18' Jump Shot,9:25 PM
250,0,4,295,0021500391,BULLS Rebound,,11:44,3,2.0,0,0,1610612741,,,,,,0,,,,,,0,,,,,,,,,9:25 PM
251,2,6,297,0021500391,,,11:32,3,5.0,4,1,203484,Kentavious Caldwell-Pope,DET,Detroit,1610612765.0,Pistons,202710,Jimmy Butler,CHI,Chicago,1610612741.0,Bulls,0,,,,,,,,Caldwell-Pope S.FOUL (P3.T1) (J.Capers),9:26 PM
252,11,3,298,0021500391,Butler Free Throw 1 of 2 (10 PTS),,11:32,3,4.0,0,0,202710,Jimmy Butler,CHI,Chicago,1610612741.0,Bulls,0,,,,,,0,,,,,,55 - 53,-2,,9:26 PM
253,12,3,300,0021500391,Butler Free Throw 2 of 2 (11 PTS),,11:32,3,4.0,0,0,202710,Jimmy Butler,CHI,Chicago,1610612741.0,Bulls,0,,,,,,0,,,,,,55 - 54,-1,,9:26 PM
254,1,2,302,0021500391,,,11:15,3,5.0,0,0,101141,Ersan Ilyasova,DET,Detroit,1610612765.0,Pistons,0,,,,,,0,,,,,,,,MISS Ilyasova 15' Jump Shot,9:26 PM
255,0,4,303,0021500391,Gasol REBOUND (Off:1 Def:2),,11:14,3,4.0,0,0,2200,Pau Gasol,CHI,Chicago,1610612741.0,Bulls,0,,,,,,0,,,,,,,,,9:26 PM
256,1,1,304,0021500391,Rose 15' Jump Shot (13 PTS),,11:01,3,4.0,0,0,201565,Derrick Rose,CHI,Chicago,1610612741.0,Bulls,0,,,,,,0,,,,,,55 - 56,1,,9:27 PM
257,42,1,305,0021500391,,,10:34,3,5.0,0,0,203484,Kentavious Caldwell-Pope,DET,Detroit,1610612765.0,Pistons,0,,,,,,0,,,,,,57 - 56,-1,Caldwell-Pope 2' Driving Layup (9 PTS),9:27 PM
258,5,2,306,0021500391,MISS Butler 2' Layup,,10:21,3,4.0,0,0,202710,Jimmy Butler,CHI,Chicago,1610612741.0,Bulls,0,,,,,,0,,,,,,,,,9:27 PM
259,0,4,307,0021500391,,,10:19,3,5.0,0,0,203083,Andre Drummond,DET,Detroit,1610612765.0,Pistons,0,,,,,,0,,,,,,,,Drummond REBOUND (Off:3 Def:4),9:27 PM
260,41,1,308,0021500391,,,10:14,3,5.0,0,0,202704,Reggie Jackson,DET,Detroit,1610612765.0,Pistons,0,,,,,,0,,,,,,59 - 56,-3,Jackson 2' Running Layup (6 PTS),9:27 PM
261,1,2,309,0021500391,MISS Gasol 18' Jump Shot,,9:59,3,4.0,0,0,2200,Pau Gasol,CHI,Chicago,1610612741.0,Bulls,0,,,,,,0,,,,,,,,,9:28 PM
262,0,4,310,0021500391,,,9:58,3,5.0,0,0,203484,Kentavious Caldwell-Pope,DET,Detroit,1610612765.0,Pistons,0,,,,,,0,,,,,,,,Caldwell-Pope REBOUND (Off:0 Def:3),9:28 PM
263,1,2,311,0021500391,,,9:36,3,5.0,0,0,202694,Marcus Morris,DET,Detroit,1610612765.0,Pistons,0,,,,,,0,,,,,,,,MISS Marc Morris 26' 3PT Jump Shot,9:28 PM
264,0,4,312,0021500391,Butler REBOUND (Off:0 Def:3),,9:35,3,4.0,0,0,202710,Jimmy Butler,CHI,Chicago,1610612741.0,Bulls,0,,,,,,0,,,,,,,,,9:28 PM
265,1,2,313,0021500391,MISS Rose 25' 3PT Jump Shot,,9:26,3,4.0,0,0,201565,Derrick Rose,CHI,Chicago,1610612741.0,Bulls,0,,,,,,0,,,,,,,,,9:28 PM
266,0,4,314,0021500391,,,9:25,3,5.0,0,0,202694,Marcus Morris,DET,Detroit,1610612765.0,Pistons,0,,,,,,0,,,,,,,,Marc Morris REBOUND (Off:1 Def:1),9:28 PM
267,1,2,315,0021500391,,,9:10,3,5.0,0,0,203083,Andre Drummond,DET,Detroit,1610612765.0,Pistons,0,,,,,,0,,,,,,,,MISS Drummond 9' Jump Shot,9:28 PM
268,0,4,316,0021500391,Snell REBOUND (Off:0 Def:1),,9:09,3,4.0,0,0,203503,Tony Snell,CHI,Chicago,1610612741.0,Bulls,0,,,,,,0,,,,,,,,,9:28 PM
269,1,5,317,0021500391,Snell Bad Pass Turnover (P1.T8),,8:59,3,4.0,5,0,203503,Tony Snell,CHI,Chicago,1610612741.0,Bulls,202704,Reggie Jackson,DET,Detroit,1610612765.0,Pistons,0,,,,,,,,Jackson STEAL (1 STL),9:29 PM
270,2,5,318,0021500391,Snell STEAL (1 STL),,8:54,3,5.0,4,0,202704,Reggie Jackson,DET,Detroit,1610612765.0,Pistons,203503,Tony Snell,CHI,Chicago,1610612741.0,Bulls,0,,,,,,,,Jackson Lost Ball Turnover (P1.T5),9:29 PM
271,2,6,319,0021500391,,,8:47,3,5.0,4,1,203083,Andre Drummond,DET,Detroit,1610612765.0,Pistons,201959,Taj Gibson,CHI,Chicago,1610612741.0,Bulls,0,,,,,,,,Drummond S.FOUL (P2.T2) (S.Anderson),9:29 PM
272,11,3,320,0021500391,Gibson Free Throw 1 of 2 (7 PTS),,8:47,3,4.0,0,0,201959,Taj Gibson,CHI,Chicago,1610612741.0,Bulls,0,,,,,,0,,,,,,59 - 57,-2,,9:29 PM
273,12,3,322,0021500391,Gibson Free Throw 2 of 2 (8 PTS),,8:47,3,4.0,0,0,201959,Taj Gibson,CHI,Chicago,1610612741.0,Bulls,0,,,,,,0,,,,,,59 - 58,-1,,9:29 PM
274,1,2,324,0021500391,,,8:22,3,5.0,0,0,203484,Kentavious Caldwell-Pope,DET,Detroit,1610612765.0,Pistons,0,,,,,,0,,,,,,,,MISS Caldwell-Pope 18' Jump Shot,9:30 PM
275,0,4,325,0021500391,Rose REBOUND (Off:0 Def:1),,8:22,3,4.0,0,0,201565,Derrick Rose,CHI,Chicago,1610612741.0,Bulls,0,,,,,,0,,,,,,,,,9:30 PM
276,43,1,326,0021500391,Gibson 2' Alley Oop Layup (10 PTS) (Gasol 3 AST),,8:13,3,4.0,4,0,201959,Taj Gibson,CHI,Chicago,1610612741.0,Bulls,2200,Pau Gasol,CHI,Chicago,1610612741.0,Bulls,0,,,,,,59 - 60,1,,9:30 PM
277,2,6,327,0021500391,,,8:13,3,5.0,4,1,202694,Marcus Morris,DET,Detroit,1610612765.0,Pistons,201959,Taj Gibson,CHI,Chicago,1610612741.0,Bulls,0,,,,,,,,Marc Morris S.FOUL (P2.T3) (G.Zielinski),9:30 PM
278,10,3,328,0021500391,Gibson Free Throw 1 of 1 (11 PTS),,8:13,3,4.0,0,0,201959,Taj Gibson,CHI,Chicago,1610612741.0,Bulls,0,,,,,,0,,,,,,59 - 61,2,,9:30 PM
279,1,2,330,0021500391,,,8:03,3,5.0,0,0,202704,Reggie Jackson,DET,Detroit,1610612765.0,Pistons,0,,,,,,0,,,,,,,,MISS Jackson 7' Jump Shot,9:31 PM
280,0,4,331,0021500391,Gasol REBOUND (Off:1 Def:3),,8:02,3,4.0,0,0,2200,Pau Gasol,CHI,Chicago,1610612741.0,Bulls,0,,,,,,0,,,,,,,,,9:31 PM
281,1,5,332,0021500391,Rose Bad Pass Turnover (P2.T9),,7:53,3,4.0,5,0,201565,Derrick Rose,CHI,Chicago,1610612741.0,Bulls,203083,Andre Drummond,DET,Detroit,1610612765.0,Pistons,0,,,,,,,,Drummond STEAL (2 STL),9:31 PM
282,2,6,333,0021500391,Gasol S.FOUL (P2.T1) (G.Zielinski),,7:50,3,4.0,5,1,2200,Pau Gasol,CHI,Chicago,1610612741.0,Bulls,203083,Andre Drummond,DET,Detroit,1610612765.0,Pistons,0,,,,,,,,,9:31 PM
283,11,3,334,0021500391,,,7:50,3,5.0,0,0,203083,Andre Drummond,DET,Detroit,1610612765.0,Pistons,0,,,,,,0,,,,,,60 - 61,1,Drummond Free Throw 1 of 2 (13 PTS),9:31 PM
284,12,3,336,0021500391,,,7:50,3,5.0,0,0,203083,Andre Drummond,DET,Detroit,1610612765.0,Pistons,0,,,,,,0,,,,,,,,MISS Drummond Free Throw 2 of 2,9:32 PM
285,0,4,338,0021500391,Gasol REBOUND (Off:1 Def:4),,7:49,3,4.0,0,0,2200,Pau Gasol,CHI,Chicago,1610612741.0,Bulls,0,,,,,,0,,,,,,,,,9:32 PM
286,1,2,339,0021500391,MISS Butler 5' Jump Shot,,7:29,3,4.0,0,5,202710,Jimmy Butler,CHI,Chicago,1610612741.0,Bulls,0,,,,,,203484,Kentavious Caldwell-Pope,DET,Detroit,1610612765.0,Pistons,,,Caldwell-Pope BLOCK (1 BLK),9:32 PM
287,0,4,340,0021500391,,,7:28,3,5.0,0,0,203083,Andre Drummond,DET,Detroit,1610612765.0,Pistons,0,,,,,,0,,,,,,,,Drummond REBOUND (Off:3 Def:5),9:32 PM
288,5,1,341,0021500391,,,7:24,3,5.0,5,0,101141,Ersan Ilyasova,DET,Detroit,1610612765.0,Pistons,202704,Reggie Jackson,DET,Detroit,1610612765.0,Pistons,0,,,,,,62 - 61,-1,Ilyasova 2' Layup (11 PTS) (Jackson 4 AST),9:32 PM
289,43,2,342,0021500391,MISS Butler 2' Alley Oop Layup,,7:10,3,4.0,0,0,202710,Jimmy Butler,CHI,Chicago,1610612741.0,Bulls,0,,,,,,0,,,,,,,,,9:33 PM
290,0,4,343,0021500391,,,7:09,3,5.0,0,0,203484,Kentavious Caldwell-Pope,DET,Detroit,1610612765.0,Pistons,0,,,,,,0,,,,,,,,Caldwell-Pope REBOUND (Off:0 Def:4),9:33 PM
291,2,5,344,0021500391,Butler STEAL (2 STL),,7:04,3,5.0,4,0,203484,Kentavious Caldwell-Pope,DET,Detroit,1610612765.0,Pistons,202710,Jimmy Butler,CHI,Chicago,1610612741.0,Bulls,0,,,,,,,,Caldwell-Pope Lost Ball Turnover (P1.T6),9:33 PM
292,43,1,345,0021500391,Gasol 1' Alley Oop Layup (14 PTS) (Rose 5 AST),,7:00,3,4.0,4,0,2200,Pau Gasol,CHI,Chicago,1610612741.0,Bulls,201565,Derrick Rose,CHI,Chicago,1610612741.0,Bulls,0,,,,,,62 - 63,1,,9:33 PM
293,2,6,346,0021500391,,,7:00,3,5.0,4,1,202694,Marcus Morris,DET,Detroit,1610612765.0,Pistons,2200,Pau Gasol,CHI,Chicago,1610612741.0,Bulls,0,,,,,,,,Marc Morris S.FOUL (P3.T4) (G.Zielinski),9:33 PM
294,10,3,347,0021500391,Gasol Free Throw 1 of 1 (15 PTS),,7:00,3,4.0,0,0,2200,Pau Gasol,CHI,Chicago,1610612741.0,Bulls,0,,,,,,0,,,,,,62 - 64,2,,9:33 PM
295,1,2,349,0021500391,,,6:51,3,5.0,0,0,101141,Ersan Ilyasova,DET,Detroit,1610612765.0,Pistons,0,,,,,,0,,,,,,,,MISS Ilyasova 26' 3PT Jump Shot,9:33 PM
296,0,4,350,0021500391,Gibson REBOUND (Off:3 Def:4),,6:50,3,4.0,0,0,201959,Taj Gibson,CHI,Chicago,1610612741.0,Bulls,0,,,,,,0,,,,,,,,,9:33 PM
297,1,2,351,0021500391,MISS Butler 24' 3PT Jump Shot,,6:38,3,4.0,0,0,202710,Jimmy Butler,CHI,Chicago,1610612741.0,Bulls,0,,,,,,0,,,,,,,,,9:34 PM
298,0,4,352,0021500391,,,6:37,3,5.0,0,0,203083,Andre Drummond,DET,Detroit,1610612765.0,Pistons,0,,,,,,0,,,,,,,,Drummond REBOUND (Off:3 Def:6),9:34 PM
299,5,2,353,0021500391,,,6:28,3,5.0,0,0,202704,Reggie Jackson,DET,Detroit,1610612765.0,Pistons,0,,,,,,0,,,,,,,,MISS Jackson 1' Layup,9:34 PM
300,0,4,354,0021500391,Rose REBOUND (Off:0 Def:2),,6:27,3,4.0,0,0,201565,Derrick Rose,CHI,Chicago,1610612741.0,Bulls,0,,,,,,0,,,,,,,,,9:34 PM
301,2,6,355,0021500391,,,6:23,3,5.0,4,1,203083,Andre Drummond,DET,Detroit,1610612765.0,Pistons,202710,Jimmy Butler,CHI,Chicago,1610612741.0,Bulls,0,,,,,,,,Drummond S.FOUL (P3.PN) (S.Anderson),9:34 PM
302,11,3,356,0021500391,Butler Free Throw 1 of 2 (12 PTS),,6:23,3,4.0,0,0,202710,Jimmy Butler,CHI,Chicago,1610612741.0,Bulls,0,,,,,,0,,,,,,62 - 65,3,,9:34 PM
303,12,3,358,0021500391,Butler Free Throw 2 of 2 (13 PTS),,6:23,3,4.0,0,0,202710,Jimmy Butler,CHI,Chicago,1610612741.0,Bulls,0,,,,,,0,,,,,,62 - 66,4,,9:34 PM
304,1,9,360,0021500391,,,6:20,3,3.0,0,0,1610612765,,,,,,0,,,,,,0,,,,,,,,Pistons Timeout: Regular (Reg.3 Short 0),9:35 PM
305,1,2,362,0021500391,,,6:09,3,5.0,0,0,101141,Ersan Ilyasova,DET,Detroit,1610612765.0,Pistons,0,,,,,,0,,,,,,,,MISS Ilyasova 26' 3PT Jump Shot,9:37 PM
306,0,4,363,0021500391,Gasol REBOUND (Off:1 Def:5),,6:08,3,4.0,0,0,2200,Pau Gasol,CHI,Chicago,1610612741.0,Bulls,0,,,,,,0,,,,,,,,,9:37 PM
307,1,1,365,0021500391,Rose 26' 3PT Jump Shot (16 PTS) (Gasol 4 AST),,5:49,3,4.0,4,0,201565,Derrick Rose,CHI,Chicago,1610612741.0,Bulls,2200,Pau Gasol,CHI,Chicago,1610612741.0,Bulls,0,,,,,,62 - 69,7,,9:38 PM
308,5,2,366,0021500391,Gibson BLOCK (1 BLK),,5:36,3,5.0,0,4,202694,Marcus Morris,DET,Detroit,1610612765.0,Pistons,0,,,,,,201959,Taj Gibson,CHI,Chicago,1610612741.0,Bulls,,,MISS Marc Morris 2' Layup,9:38 PM
309,0,4,367,0021500391,Gibson REBOUND (Off:3 Def:5),,5:33,3,4.0,0,0,201959,Taj Gibson,CHI,Chicago,1610612741.0,Bulls,0,,,,,,0,,,,,,,,,9:38 PM
310,4,6,368,0021500391,Gibson OFF.Foul (P2) (J.Capers),,5:24,3,4.0,5,1,201959,Taj Gibson,CHI,Chicago,1610612741.0,Bulls,203484,Kentavious Caldwell-Pope,DET,Detroit,1610612765.0,Pistons,0,,,,,,,,,9:38 PM
311,5,5,369,0021500391,Gibson Foul Turnover (P2.T10),,5:24,3,4.0,0,1,201959,Taj Gibson,CHI,Chicago,1610612741.0,Bulls,0,,,,,,0,,,,,,,,,9:38 PM
312,1,2,370,0021500391,,,5:07,3,5.0,0,0,202694,Marcus Morris,DET,Detroit,1610612765.0,Pistons,0,,,,,,0,,,,,,,,MISS Marc Morris 24' 3PT Jump Shot,9:39 PM
313,0,4,371,0021500391,,,5:06,3,5.0,0,0,203083,Andre Drummond,DET,Detroit,1610612765.0,Pistons,0,,,,,,0,,,,,,,,Drummond REBOUND (Off:4 Def:6),9:39 PM
314,2,6,372,0021500391,Gasol S.FOUL (P3.T2) (S.Anderson),,5:06,3,4.0,5,1,2200,Pau Gasol,CHI,Chicago,1610612741.0,Bulls,203083,Andre Drummond,DET,Detroit,1610612765.0,Pistons,0,,,,,,,,,9:39 PM
315,11,3,373,0021500391,,,5:06,3,5.0,0,0,203083,Andre Drummond,DET,Detroit,1610612765.0,Pistons,0,,,,,,0,,,,,,,,MISS Drummond Free Throw 1 of 2,9:39 PM
316,1,4,374,0021500391,,,5:06,3,3.0,0,0,1610612765,,,,,,0,,,,,,0,,,,,,,,Pistons Rebound,9:39 PM
317,12,3,375,0021500391,,,5:06,3,5.0,0,0,203083,Andre Drummond,DET,Detroit,1610612765.0,Pistons,0,,,,,,0,,,,,,63 - 69,6,Drummond Free Throw 2 of 2 (14 PTS),9:39 PM
318,1,2,377,0021500391,MISS Butler 10' Jump Shot,,4:47,3,4.0,0,0,202710,Jimmy Butler,CHI,Chicago,1610612741.0,Bulls,0,,,,,,0,,,,,,,,,9:40 PM
319,0,4,378,0021500391,,,4:45,3,5.0,0,0,203083,Andre Drummond,DET,Detroit,1610612765.0,Pistons,0,,,,,,0,,,,,,,,Drummond REBOUND (Off:4 Def:7),9:40 PM
320,2,6,379,0021500391,Gasol S.FOUL (P4.T3) (J.Capers),,4:31,3,4.0,5,1,2200,Pau Gasol,CHI,Chicago,1610612741.0,Bulls,203083,Andre Drummond,DET,Detroit,1610612765.0,Pistons,0,,,,,,,,,9:40 PM
321,11,3,380,0021500391,,,4:31,3,5.0,0,0,203083,Andre Drummond,DET,Detroit,1610612765.0,Pistons,0,,,,,,0,,,,,,,,MISS Drummond Free Throw 1 of 2,9:40 PM
322,1,4,381,0021500391,,,4:31,3,3.0,0,0,1610612765,,,,,,0,,,,,,0,,,,,,,,Pistons Rebound,9:40 PM
323,0,8,382,0021500391,SUB: McDermott FOR Snell,,4:31,3,4.0,4,0,203503,Tony Snell,CHI,Chicago,1610612741.0,Bulls,203926,Doug McDermott,CHI,Chicago,1610612741.0,Bulls,0,,,,,,,,,9:41 PM
324,0,8,383,0021500391,SUB: Noah FOR Gasol,,4:31,3,4.0,4,0,2200,Pau Gasol,CHI,Chicago,1610612741.0,Bulls,201149,Joakim Noah,CHI,Chicago,1610612741.0,Bulls,0,,,,,,,,,9:41 PM
325,0,8,384,0021500391,,,4:31,3,5.0,5,0,202694,Marcus Morris,DET,Detroit,1610612765.0,Pistons,1626169,Stanley Johnson,DET,Detroit,1610612765.0,Pistons,0,,,,,,,,SUB: Johnson FOR Marc Morris,9:41 PM
326,12,3,385,0021500391,,,4:31,3,5.0,0,0,203083,Andre Drummond,DET,Detroit,1610612765.0,Pistons,0,,,,,,0,,,,,,,,MISS Drummond Free Throw 2 of 2,9:41 PM
327,0,4,387,0021500391,Noah REBOUND (Off:2 Def:6),,4:30,3,4.0,0,0,201149,Joakim Noah,CHI,Chicago,1610612741.0,Bulls,0,,,,,,0,,,,,,,,,9:41 PM
328,2,6,388,0021500391,,,4:17,3,5.0,4,1,202704,Reggie Jackson,DET,Detroit,1610612765.0,Pistons,201959,Taj Gibson,CHI,Chicago,1610612741.0,Bulls,0,,,,,,,,Jackson S.FOUL (P3.PN) (J.Capers),9:41 PM
329,11,3,390,0021500391,MISS Gibson Free Throw 1 of 2,,4:17,3,4.0,0,0,201959,Taj Gibson,CHI,Chicago,1610612741.0,Bulls,0,,,,,,0,,,,,,,,,9:42 PM
330,1,4,391,0021500391,BULLS Rebound,,4:17,3,2.0,0,0,1610612741,,,,,,0,,,,,,0,,,,,,,,,9:42 PM
331,12,3,392,0021500391,Gibson Free Throw 2 of 2 (12 PTS),,4:17,3,4.0,0,0,201959,Taj Gibson,CHI,Chicago,1610612741.0,Bulls,0,,,,,,0,,,,,,63 - 70,7,,9:43 PM
332,17,6,394,0021500391,BULLS T.Foul (Def. 3 Sec Gibson ) (G.Zielinski),,4:07,3,4.0,0,1,201959,Taj Gibson,CHI,Chicago,1610612741.0,Bulls,0,,,,,,0,,,,,,,,,9:43 PM
333,0,8,395,0021500391,SUB: Mirotic FOR Gibson,,4:07,3,4.0,4,0,201959,Taj Gibson,CHI,Chicago,1610612741.0,Bulls,202703,Nikola Mirotic,CHI,Chicago,1610612741.0,Bulls,0,,,,,,,,,9:43 PM
334,16,3,396,0021500391,,,4:07,3,5.0,0,0,202704,Reggie Jackson,DET,Detroit,1610612765.0,Pistons,0,,,,,,0,,,,,,64 - 70,6,Jackson Free Throw Technical (7 PTS),9:43 PM
335,52,1,398,0021500391,,,4:00,3,5.0,5,0,203083,Andre Drummond,DET,Detroit,1610612765.0,Pistons,202704,Reggie Jackson,DET,Detroit,1610612765.0,Pistons,0,,,,,,66 - 70,4,Drummond  Alley Oop Dunk (16 PTS) (Jackson 5 AST),9:44 PM
336,78,1,400,0021500391,Rose 13' Floating Jump Shot (18 PTS),,3:37,3,4.0,0,0,201565,Derrick Rose,CHI,Chicago,1610612741.0,Bulls,0,,,,,,0,,,,,,66 - 72,6,,9:44 PM
337,1,1,401,0021500391,,,3:21,3,5.0,5,0,1626169,Stanley Johnson,DET,Detroit,1610612765.0,Pistons,202704,Reggie Jackson,DET,Detroit,1610612765.0,Pistons,0,,,,,,68 - 72,4,Johnson 13' Jump Shot (7 PTS) (Jackson 6 AST),9:44 PM
338,45,5,402,0021500391,Noah Out of Bounds - Bad Pass Turnover Turnover (P3.T11),,3:12,3,4.0,0,0,201149,Joakim Noah,CHI,Chicago,1610612741.0,Bulls,0,,,,,,0,,,,,,,,,9:45 PM
339,4,6,403,0021500391,,,3:01,3,5.0,4,1,203083,Andre Drummond,DET,Detroit,1610612765.0,Pistons,202710,Jimmy Butler,CHI,Chicago,1610612741.0,Bulls,0,,,,,,,,Drummond OFF.Foul (P4) (J.Capers),9:45 PM
340,5,5,404,0021500391,,,3:01,3,5.0,0,1,203083,Andre Drummond,DET,Detroit,1610612765.0,Pistons,0,,,,,,0,,,,,,,,Drummond Foul Turnover (P2.T7),9:45 PM
341,0,8,405,0021500391,,,3:01,3,5.0,5,0,203083,Andre Drummond,DET,Detroit,1610612765.0,Pistons,201202,Joel Anthony,DET,Detroit,1610612765.0,Pistons,0,,,,,,,,SUB: Anthony FOR Drummond,9:45 PM
342,1,1,406,0021500391,Rose 8' Jump Shot (20 PTS),,2:50,3,4.0,0,0,201565,Derrick Rose,CHI,Chicago,1610612741.0,Bulls,0,,,,,,0,,,,,,68 - 74,6,,9:45 PM
343,5,1,407,0021500391,,,2:26,3,5.0,0,0,202704,Reggie Jackson,DET,Detroit,1610612765.0,Pistons,0,,,,,,0,,,,,,70 - 74,4,Jackson 2' Layup (9 PTS),9:46 PM
344,47,1,408,0021500391,Rose 10' Turnaround Jump Shot (22 PTS),,2:11,3,4.0,0,0,201565,Derrick Rose,CHI,Chicago,1610612741.0,Bulls,0,,,,,,0,,,,,,70 - 76,6,,9:46 PM
345,5,1,409,0021500391,,,1:53,3,5.0,5,0,101141,Ersan Ilyasova,DET,Detroit,1610612765.0,Pistons,202704,Reggie Jackson,DET,Detroit,1610612765.0,Pistons,0,,,,,,72 - 76,4,Ilyasova 1' Layup (13 PTS) (Jackson 7 AST),9:46 PM
346,1,9,411,0021500391,BULLS Timeout: Regular (Full 3 Short 0),,1:41,3,2.0,0,0,1610612741,,,,,,0,,,,,,0,,,,,,,,,9:47 PM
347,38,5,415,0021500391,BULLS Turnover: 5 Second Inbound (T#12),,1:41,3,2.0,0,1,1610612741,,,,,,0,,,,,,0,,,,,,,,,9:49 PM
348,7,2,416,0021500391,,,1:23,3,5.0,0,0,202704,Reggie Jackson,DET,Detroit,1610612765.0,Pistons,0,,,,,,0,,,,,,,,MISS Jackson  Dunk,9:50 PM
349,0,4,417,0021500391,,,1:22,3,5.0,0,0,203484,Kentavious Caldwell-Pope,DET,Detroit,1610612765.0,Pistons,0,,,,,,0,,,,,,,,Caldwell-Pope REBOUND (Off:1 Def:4),9:50 PM
350,1,1,418,0021500391,,,1:13,3,5.0,0,0,203484,Kentavious Caldwell-Pope,DET,Detroit,1610612765.0,Pistons,0,,,,,,0,,,,,,74 - 76,2,Caldwell-Pope 20' Jump Shot (11 PTS),9:50 PM
351,1,2,419,0021500391,MISS Mirotic 24' 3PT Jump Shot,,0:54,3,4.0,0,0,202703,Nikola Mirotic,CHI,Chicago,1610612741.0,Bulls,0,,,,,,0,,,,,,,,,9:50 PM
352,0,4,420,0021500391,Noah REBOUND (Off:3 Def:6),,0:52,3,4.0,0,0,201149,Joakim Noah,CHI,Chicago,1610612741.0,Bulls,0,,,,,,0,,,,,,,,,9:50 PM
353,45,5,421,0021500391,Butler Out of Bounds - Bad Pass Turnover Turnover (P2.T13),,0:45,3,4.0,0,0,202710,Jimmy Butler,CHI,Chicago,1610612741.0,Bulls,0,,,,,,0,,,,,,,,,9:50 PM
354,1,2,422,0021500391,,,0:29,3,5.0,0,0,203484,Kentavious Caldwell-Pope,DET,Detroit,1610612765.0,Pistons,0,,,,,,0,,,,,,,,MISS Caldwell-Pope 18' Jump Shot,9:51 PM
355,0,4,423,0021500391,Mirotic REBOUND (Off:0 Def:4),,0:28,3,4.0,0,0,202703,Nikola Mirotic,CHI,Chicago,1610612741.0,Bulls,0,,,,,,0,,,,,,,,,9:51 PM
356,1,2,424,0021500391,MISS Rose 21' Jump Shot,,0:09,3,4.0,0,0,201565,Derrick Rose,CHI,Chicago,1610612741.0,Bulls,0,,,,,,0,,,,,,,,,9:51 PM
357,0,4,425,0021500391,Noah REBOUND (Off:4 Def:6),,0:08,3,4.0,0,0,201149,Joakim Noah,CHI,Chicago,1610612741.0,Bulls,0,,,,,,0,,,,,,,,,9:51 PM
358,2,6,428,0021500391,,,0:02,3,5.0,4,1,201202,Joel Anthony,DET,Detroit,1610612765.0,Pistons,202710,Jimmy Butler,CHI,Chicago,1610612741.0,Bulls,0,,,,,,,,Anthony S.FOUL (P1.PN) (J.Capers),9:52 PM
359,11,6,429,0021500391,Noah T.FOUL (P1.T3) (J.Capers),,0:02,3,4.0,0,1,201149,Joakim Noah,CHI,Chicago,1610612741.0,Bulls,0,,,,,,0,,,,,,,,,9:52 PM
360,16,3,430,0021500391,,,0:02,3,5.0,0,0,202704,Reggie Jackson,DET,Detroit,1610612765.0,Pistons,0,,,,,,0,,,,,,,,MISS Jackson Free Throw Technical,9:52 PM
361,1,4,431,0021500391,BULLS Rebound,,0:02,3,2.0,0,0,1610612741,,,,,,0,,,,,,0,,,,,,,,,9:52 PM
362,0,8,433,0021500391,SUB: Hinrich FOR Rose,,0:02,3,4.0,4,0,201565,Derrick Rose,CHI,Chicago,1610612741.0,Bulls,2550,Kirk Hinrich,CHI,Chicago,1610612741.0,Bulls,0,,,,,,,,,9:53 PM
363,11,3,434,0021500391,Butler Free Throw 1 of 2 (14 PTS),,0:02,3,4.0,0,0,202710,Jimmy Butler,CHI,Chicago,1610612741.0,Bulls,0,,,,,,0,,,,,,74 - 77,3,,9:53 PM
364,0,8,436,0021500391,,,0:02,3,5.0,5,0,101141,Ersan Ilyasova,DET,Detroit,1610612765.0,Pistons,203083,Andre Drummond,DET,Detroit,1610612765.0,Pistons,0,,,,,,,,SUB: Drummond FOR Ilyasova,9:53 PM
365,12,3,437,0021500391,MISS Butler Free Throw 2 of 2,,0:02,3,4.0,0,0,202710,Jimmy Butler,CHI,Chicago,1610612741.0,Bulls,0,,,,,,0,,,,,,,,,9:53 PM
366,0,4,439,0021500391,,,0:01,3,5.0,0,0,203484,Kentavious Caldwell-Pope,DET,Detroit,1610612765.0,Pistons,0,,,,,,0,,,,,,,,Caldwell-Pope REBOUND (Off:1 Def:5),9:53 PM
367,1,2,440,0021500391,,,0:00,3,5.0,0,0,203484,Kentavious Caldwell-Pope,DET,Detroit,1610612765.0,Pistons,0,,,,,,0,,,,,,,,MISS Caldwell-Pope 54' 3PT Jump Shot,9:54 PM
368,0,4,442,0021500391,,,0:00,3,3.0,0,0,1610612765,,,,,,0,,,,,,0,,,,,,,,Pistons Rebound,9:54 PM
369,0,13,441,0021500391,,,0:00,3,0.0,0,0,0,,,,,,0,,,,,,0,,,,,,74 - 77,3,,9:54 PM
370,0,12,444,0021500391,,,12:00,4,0.0,0,0,0,,,,,,0,,,,,,0,,,,,,74 - 77,3,,9:56 PM
371,1,5,445,0021500391,Butler Bad Pass Turnover (P3.T14),,11:46,4,4.0,5,0,202710,Jimmy Butler,CHI,Chicago,1610612741.0,Bulls,1626169,Stanley Johnson,DET,Detroit,1610612765.0,Pistons,0,,,,,,,,Johnson STEAL (1 STL),9:56 PM
372,1,2,447,0021500391,,,11:26,4,5.0,0,0,202694,Marcus Morris,DET,Detroit,1610612765.0,Pistons,0,,,,,,0,,,,,,,,MISS Marc Morris 11' Jump Shot,9:57 PM
373,0,4,448,0021500391,,,11:25,4,5.0,0,0,202694,Marcus Morris,DET,Detroit,1610612765.0,Pistons,0,,,,,,0,,,,,,,,Marc Morris REBOUND (Off:2 Def:1),9:57 PM
374,45,5,449,0021500391,,,11:17,4,5.0,0,0,202694,Marcus Morris,DET,Detroit,1610612765.0,Pistons,0,,,,,,0,,,,,,,,Marc Morris Out of Bounds - Bad Pass Turnover Turnover (P2.T8),9:57 PM
375,42,1,450,0021500391,Butler 2' Driving Layup (16 PTS) (Noah 4 AST),,11:05,4,4.0,4,0,202710,Jimmy Butler,CHI,Chicago,1610612741.0,Bulls,201149,Joakim Noah,CHI,Chicago,1610612741.0,Bulls,0,,,,,,74 - 79,5,,9:57 PM
376,1,6,451,0021500391,Hinrich P.FOUL (P3.T1) (S.Anderson),,10:45,4,4.0,5,1,2550,Kirk Hinrich,CHI,Chicago,1610612741.0,Bulls,2581,Steve Blake,DET,Detroit,1610612765.0,Pistons,0,,,,,,,,,9:58 PM
377,1,1,452,0021500391,,,10:37,4,5.0,5,0,1626169,Stanley Johnson,DET,Detroit,1610612765.0,Pistons,203083,Andre Drummond,DET,Detroit,1610612765.0,Pistons,0,,,,,,77 - 79,2,Johnson 25' 3PT Jump Shot (10 PTS) (Drummond 2 AST),9:58 PM
378,1,2,453,0021500391,MISS Mirotic 13' Jump Shot,,10:22,4,4.0,0,0,202703,Nikola Mirotic,CHI,Chicago,1610612741.0,Bulls,0,,,,,,0,,,,,,,,,9:58 PM
379,0,4,454,0021500391,,,10:20,4,5.0,0,0,203083,Andre Drummond,DET,Detroit,1610612765.0,Pistons,0,,,,,,0,,,,,,,,Drummond REBOUND (Off:4 Def:8),9:58 PM
380,1,2,455,0021500391,,,10:13,4,5.0,0,0,2581,Steve Blake,DET,Detroit,1610612765.0,Pistons,0,,,,,,0,,,,,,,,MISS Blake 25' 3PT Jump Shot,9:58 PM
381,0,4,456,0021500391,,,10:12,4,5.0,0,0,203083,Andre Drummond,DET,Detroit,1610612765.0,Pistons,0,,,,,,0,,,,,,,,Drummond REBOUND (Off:5 Def:8),9:58 PM
382,5,2,458,0021500391,,,10:01,4,5.0,0,0,201229,Anthony Tolliver,DET,Detroit,1610612765.0,Pistons,0,,,,,,0,,,,,,,,MISS Tolliver 1' Layup,9:59 PM
383,0,4,459,0021500391,BULLS Rebound,,10:01,4,2.0,0,0,1610612741,,,,,,0,,,,,,0,,,,,,,,,9:59 PM
384,3,6,460,0021500391,,,10:01,4,5.0,4,1,203083,Andre Drummond,DET,Detroit,1610612765.0,Pistons,201149,Joakim Noah,CHI,Chicago,1610612741.0,Bulls,0,,,,,,,,Drummond L.B.FOUL (P5.T1) (J.Capers),9:59 PM
385,11,6,461,0021500391,,,10:01,4,5.0,0,1,203083,Andre Drummond,DET,Detroit,1610612765.0,Pistons,0,,,,,,0,,,,,,,,Drummond T.FOUL (P5.T1) (J.Capers),9:59 PM
386,16,3,462,0021500391,Butler Free Throw Technical (17 PTS),,10:01,4,4.0,0,0,202710,Jimmy Butler,CHI,Chicago,1610612741.0,Bulls,0,,,,,,0,,,,,,77 - 80,3,,9:59 PM
387,0,8,464,0021500391,,,10:01,4,5.0,5,0,203083,Andre Drummond,DET,Detroit,1610612765.0,Pistons,201202,Joel Anthony,DET,Detroit,1610612765.0,Pistons,0,,,,,,,,SUB: Anthony FOR Drummond,9:59 PM
388,1,6,465,0021500391,,,9:54,4,5.0,4,1,202694,Marcus Morris,DET,Detroit,1610612765.0,Pistons,202710,Jimmy Butler,CHI,Chicago,1610612741.0,Bulls,0,,,,,,,,Marc Morris P.FOUL (P4.T2) (G.Zielinski),10:00 PM
389,44,2,466,0021500391,MISS Mirotic 1' Reverse Layup,,9:37,4,4.0,0,0,202703,Nikola Mirotic,CHI,Chicago,1610612741.0,Bulls,0,,,,,,0,,,,,,,,,10:00 PM
390,0,4,467,0021500391,,,9:36,4,5.0,0,0,201202,Joel Anthony,DET,Detroit,1610612765.0,Pistons,0,,,,,,0,,,,,,,,Anthony REBOUND (Off:0 Def:3),10:00 PM
391,1,2,468,0021500391,,,9:30,4,5.0,0,0,1626169,Stanley Johnson,DET,Detroit,1610612765.0,Pistons,0,,,,,,0,,,,,,,,MISS Johnson 12' Jump Shot,10:00 PM
392,0,4,469,0021500391,,,9:28,4,5.0,0,0,1626169,Stanley Johnson,DET,Detroit,1610612765.0,Pistons,0,,,,,,0,,,,,,,,Johnson REBOUND (Off:1 Def:5),10:00 PM
393,5,1,470,0021500391,,,9:27,4,5.0,0,0,1626169,Stanley Johnson,DET,Detroit,1610612765.0,Pistons,0,,,,,,0,,,,,,79 - 80,1,Johnson 1' Layup (12 PTS),10:00 PM
394,1,2,471,0021500391,MISS Hinrich 24' 3PT Jump Shot,,9:11,4,4.0,0,0,2550,Kirk Hinrich,CHI,Chicago,1610612741.0,Bulls,0,,,,,,0,,,,,,,,,10:00 PM
395,0,4,472,0021500391,,,9:10,4,5.0,0,0,202694,Marcus Morris,DET,Detroit,1610612765.0,Pistons,0,,,,,,0,,,,,,,,Marc Morris REBOUND (Off:2 Def:2),10:00 PM
396,1,2,473,0021500391,,,9:01,4,5.0,0,0,2581,Steve Blake,DET,Detroit,1610612765.0,Pistons,0,,,,,,0,,,,,,,,MISS Blake 19' Jump Shot,10:01 PM
397,0,4,474,0021500391,,,9:00,4,5.0,0,0,2581,Steve Blake,DET,Detroit,1610612765.0,Pistons,0,,,,,,0,,,,,,,,Blake REBOUND (Off:1 Def:1),10:01 PM
398,1,1,475,0021500391,,,8:49,4,5.0,0,0,1626169,Stanley Johnson,DET,Detroit,1610612765.0,Pistons,0,,,,,,0,,,,,,81 - 80,-1,Johnson 15' Jump Shot (14 PTS),10:01 PM
399,1,9,477,0021500391,BULLS Timeout: Regular (Full 4 Short 0),,8:49,4,2.0,0,0,1610612741,,,,,,0,,,,,,0,,,,,,,,,10:01 PM
400,0,8,478,0021500391,SUB: Brooks FOR McDermott,,8:49,4,4.0,4,0,203926,Doug McDermott,CHI,Chicago,1610612741.0,Bulls,201166,Aaron Brooks,CHI,Chicago,1610612741.0,Bulls,0,,,,,,,,,10:03 PM
401,42,1,479,0021500391,Butler 3' Driving Layup (19 PTS),,8:35,4,4.0,0,0,202710,Jimmy Butler,CHI,Chicago,1610612741.0,Bulls,0,,,,,,0,,,,,,81 - 82,1,,10:03 PM
402,4,6,480,0021500391,,,8:20,4,5.0,4,1,1626169,Stanley Johnson,DET,Detroit,1610612765.0,Pistons,2550,Kirk Hinrich,CHI,Chicago,1610612741.0,Bulls,0,,,,,,,,Johnson OFF.Foul (P3) (J.Capers),10:04 PM
403,5,5,481,0021500391,,,8:20,4,5.0,0,0,1626169,Stanley Johnson,DET,Detroit,1610612765.0,Pistons,0,,,,,,0,,,,,,,,Johnson Foul Turnover (P2.T9),10:04 PM
404,2,6,482,0021500391,,,8:06,4,5.0,4,1,201202,Joel Anthony,DET,Detroit,1610612765.0,Pistons,202710,Jimmy Butler,CHI,Chicago,1610612741.0,Bulls,0,,,,,,,,Anthony S.FOUL (P2.T3) (G.Zielinski),10:04 PM
405,11,3,483,0021500391,MISS Butler Free Throw 1 of 2,,8:06,4,4.0,0,0,202710,Jimmy Butler,CHI,Chicago,1610612741.0,Bulls,0,,,,,,0,,,,,,,,,10:04 PM
406,1,4,484,0021500391,BULLS Rebound,,8:06,4,2.0,0,0,1610612741,,,,,,0,,,,,,0,,,,,,,,,10:04 PM
407,12,3,485,0021500391,Butler Free Throw 2 of 2 (20 PTS),,8:06,4,4.0,0,0,202710,Jimmy Butler,CHI,Chicago,1610612741.0,Bulls,0,,,,,,0,,,,,,81 - 83,2,,10:05 PM
408,1,1,488,0021500391,,,7:55,4,5.0,5,0,202694,Marcus Morris,DET,Detroit,1610612765.0,Pistons,2581,Steve Blake,DET,Detroit,1610612765.0,Pistons,0,,,,,,83 - 83,TIE,Marc Morris 13' Jump Shot (8 PTS) (Blake 2 AST),10:05 PM
409,1,1,489,0021500391,Brooks 16' Jump Shot (2 PTS),,7:39,4,4.0,0,0,201166,Aaron Brooks,CHI,Chicago,1610612741.0,Bulls,0,,,,,,0,,,,,,83 - 85,2,,10:05 PM
410,5,1,490,0021500391,,,7:25,4,5.0,0,0,202694,Marcus Morris,DET,Detroit,1610612765.0,Pistons,0,,,,,,0,,,,,,85 - 85,TIE,Marc Morris 2' Layup (10 PTS),10:06 PM
411,5,2,492,0021500391,MISS Mirotic 2' Layup,,7:00,4,4.0,0,0,202703,Nikola Mirotic,CHI,Chicago,1610612741.0,Bulls,0,,,,,,0,,,,,,,,,10:06 PM
412,0,4,493,0021500391,,,6:59,4,5.0,0,0,1626169,Stanley Johnson,DET,Detroit,1610612765.0,Pistons,0,,,,,,0,,,,,,,,Johnson REBOUND (Off:1 Def:6),10:06 PM
413,1,1,494,0021500391,,,6:49,4,5.0,0,0,1626169,Stanley Johnson,DET,Detroit,1610612765.0,Pistons,0,,,,,,0,,,,,,87 - 85,-2,Johnson 14' Jump Shot (16 PTS),10:06 PM
414,5,2,495,0021500391,MISS Brooks 1' Layup,,6:20,4,4.0,0,0,201166,Aaron Brooks,CHI,Chicago,1610612741.0,Bulls,0,,,,,,0,,,,,,,,,10:07 PM
415,0,4,496,0021500391,,,6:19,4,5.0,0,0,201229,Anthony Tolliver,DET,Detroit,1610612765.0,Pistons,0,,,,,,0,,,,,,,,Tolliver REBOUND (Off:0 Def:1),10:07 PM
416,1,2,497,0021500391,,,5:59,4,5.0,0,0,201229,Anthony Tolliver,DET,Detroit,1610612765.0,Pistons,0,,,,,,0,,,,,,,,MISS Tolliver 24' 3PT Jump Shot,10:07 PM
417,0,4,498,0021500391,Butler REBOUND (Off:0 Def:4),,5:58,4,4.0,0,0,202710,Jimmy Butler,CHI,Chicago,1610612741.0,Bulls,0,,,,,,0,,,,,,,,,10:07 PM
418,5,1,499,0021500391,Noah 2' Layup (6 PTS) (Brooks 2 AST),,5:42,4,4.0,4,0,201149,Joakim Noah,CHI,Chicago,1610612741.0,Bulls,201166,Aaron Brooks,CHI,Chicago,1610612741.0,Bulls,0,,,,,,87 - 87,TIE,,10:07 PM
419,1,9,500,0021500391,,,5:32,4,3.0,0,0,1610612765,,,,,,0,,,,,,0,,,,,,,,Pistons Timeout: Regular (Reg.4 Short 0),10:07 PM
420,0,8,502,0021500391,SUB: Rose FOR Mirotic,,5:32,4,4.0,4,0,202703,Nikola Mirotic,CHI,Chicago,1610612741.0,Bulls,201565,Derrick Rose,CHI,Chicago,1610612741.0,Bulls,0,,,,,,,,,10:10 PM
421,0,8,503,0021500391,SUB: Gasol FOR Hinrich,,5:32,4,4.0,4,0,2550,Kirk Hinrich,CHI,Chicago,1610612741.0,Bulls,2200,Pau Gasol,CHI,Chicago,1610612741.0,Bulls,0,,,,,,,,,10:10 PM
422,0,8,504,0021500391,,,5:32,4,5.0,5,0,2581,Steve Blake,DET,Detroit,1610612765.0,Pistons,101141,Ersan Ilyasova,DET,Detroit,1610612765.0,Pistons,0,,,,,,,,SUB: Ilyasova FOR Blake,10:10 PM
423,0,8,505,0021500391,,,5:32,4,5.0,5,0,201229,Anthony Tolliver,DET,Detroit,1610612765.0,Pistons,203083,Andre Drummond,DET,Detroit,1610612765.0,Pistons,0,,,,,,,,SUB: Drummond FOR Tolliver,10:10 PM
424,0,8,506,0021500391,,,5:32,4,5.0,5,0,201202,Joel Anthony,DET,Detroit,1610612765.0,Pistons,202704,Reggie Jackson,DET,Detroit,1610612765.0,Pistons,0,,,,,,,,SUB: Jackson FOR Anthony,10:10 PM
425,7,1,507,0021500391,,,5:19,4,5.0,5,0,203083,Andre Drummond,DET,Detroit,1610612765.0,Pistons,1626169,Stanley Johnson,DET,Detroit,1610612765.0,Pistons,0,,,,,,89 - 87,-2,Drummond  Dunk (18 PTS) (Johnson 1 AST),10:10 PM
426,42,2,508,0021500391,MISS Rose 2' Driving Layup,,5:01,4,4.0,0,0,201565,Derrick Rose,CHI,Chicago,1610612741.0,Bulls,0,,,,,,0,,,,,,,,,10:11 PM
427,0,4,510,0021500391,Noah REBOUND (Off:5 Def:6),,5:00,4,4.0,0,0,201149,Joakim Noah,CHI,Chicago,1610612741.0,Bulls,0,,,,,,0,,,,,,,,,10:11 PM
428,97,2,509,0021500391,MISS Noah  Tip Layup Shot,,5:00,4,4.0,0,0,201149,Joakim Noah,CHI,Chicago,1610612741.0,Bulls,0,,,,,,0,,,,,,,,,10:11 PM
429,0,4,511,0021500391,,,4:59,4,5.0,0,0,101141,Ersan Ilyasova,DET,Detroit,1610612765.0,Pistons,0,,,,,,0,,,,,,,,Ilyasova REBOUND (Off:3 Def:4),10:11 PM
430,1,1,512,0021500391,,,4:52,4,5.0,5,0,202694,Marcus Morris,DET,Detroit,1610612765.0,Pistons,202704,Reggie Jackson,DET,Detroit,1610612765.0,Pistons,0,,,,,,92 - 87,-5,Marc Morris 26' 3PT Jump Shot (13 PTS) (Jackson 8 AST),10:11 PM
431,1,1,513,0021500391,Gasol 4' Jump Shot (17 PTS),,4:36,4,4.0,0,0,2200,Pau Gasol,CHI,Chicago,1610612741.0,Bulls,0,,,,,,0,,,,,,92 - 89,-3,,10:11 PM
432,2,6,514,0021500391,,,4:36,4,5.0,4,1,101141,Ersan Ilyasova,DET,Detroit,1610612765.0,Pistons,2200,Pau Gasol,CHI,Chicago,1610612741.0,Bulls,0,,,,,,,,Ilyasova S.FOUL (P2.T4) (S.Anderson),10:11 PM
433,0,8,515,0021500391,SUB: Snell FOR Brooks,,4:36,4,4.0,4,0,201166,Aaron Brooks,CHI,Chicago,1610612741.0,Bulls,203503,Tony Snell,CHI,Chicago,1610612741.0,Bulls,0,,,,,,,,,10:11 PM
434,10,3,516,0021500391,Gasol Free Throw 1 of 1 (18 PTS),,4:36,4,4.0,0,0,2200,Pau Gasol,CHI,Chicago,1610612741.0,Bulls,0,,,,,,0,,,,,,92 - 90,-2,,10:12 PM
435,1,2,518,0021500391,,,4:22,4,5.0,0,0,101141,Ersan Ilyasova,DET,Detroit,1610612765.0,Pistons,0,,,,,,0,,,,,,,,MISS Ilyasova 25' 3PT Jump Shot,10:12 PM
436,0,4,519,0021500391,BULLS Rebound,,4:22,4,2.0,0,0,1610612741,,,,,,0,,,,,,0,,,,,,,,,10:12 PM
437,3,6,520,0021500391,,,4:22,4,5.0,4,1,1626169,Stanley Johnson,DET,Detroit,1610612765.0,Pistons,2200,Pau Gasol,CHI,Chicago,1610612741.0,Bulls,0,,,,,,,,Johnson L.B.FOUL (P4.PN) (S.Anderson),10:12 PM
438,11,3,521,0021500391,Gasol Free Throw 1 of 2 (19 PTS),,4:22,4,4.0,0,0,2200,Pau Gasol,CHI,Chicago,1610612741.0,Bulls,0,,,,,,0,,,,,,92 - 91,-1,,10:12 PM
439,0,8,523,0021500391,SUB: Gibson FOR Noah,,4:22,4,4.0,4,0,201149,Joakim Noah,CHI,Chicago,1610612741.0,Bulls,201959,Taj Gibson,CHI,Chicago,1610612741.0,Bulls,0,,,,,,,,,10:12 PM
440,12,3,524,0021500391,Gasol Free Throw 2 of 2 (20 PTS),,4:22,4,4.0,0,0,2200,Pau Gasol,CHI,Chicago,1610612741.0,Bulls,0,,,,,,0,,,,,,92 - 92,TIE,,10:13 PM
441,42,1,526,0021500391,,,4:10,4,5.0,0,0,202704,Reggie Jackson,DET,Detroit,1610612765.0,Pistons,0,,,,,,0,,,,,,94 - 92,-2,Jackson 3' Driving Layup (11 PTS),10:13 PM
442,1,2,527,0021500391,MISS Snell 25' 3PT Jump Shot,,3:53,4,4.0,0,0,203503,Tony Snell,CHI,Chicago,1610612741.0,Bulls,0,,,,,,0,,,,,,,,,10:13 PM
443,0,4,528,0021500391,,,3:52,4,5.0,0,0,203083,Andre Drummond,DET,Detroit,1610612765.0,Pistons,0,,,,,,0,,,,,,,,Drummond REBOUND (Off:5 Def:9),10:13 PM
444,5,2,529,0021500391,Gasol BLOCK (3 BLK),,3:38,4,5.0,0,4,202704,Reggie Jackson,DET,Detroit,1610612765.0,Pistons,0,,,,,,2200,Pau Gasol,CHI,Chicago,1610612741.0,Bulls,,,MISS Jackson 1' Layup,10:13 PM
445,0,4,530,0021500391,,,3:37,4,5.0,0,0,203083,Andre Drummond,DET,Detroit,1610612765.0,Pistons,0,,,,,,0,,,,,,,,Drummond REBOUND (Off:6 Def:9),10:14 PM
446,72,2,531,0021500391,Gibson BLOCK (2 BLK),,3:37,4,5.0,0,4,203083,Andre Drummond,DET,Detroit,1610612765.0,Pistons,0,,,,,,201959,Taj Gibson,CHI,Chicago,1610612741.0,Bulls,,,MISS Drummond 2' Putback Layup,10:14 PM
447,0,4,532,0021500391,,,3:37,4,3.0,0,0,1610612765,,,,,,0,,,,,,0,,,,,,,,Pistons Rebound,10:14 PM
448,78,1,533,0021500391,,,3:33,4,5.0,5,0,202704,Reggie Jackson,DET,Detroit,1610612765.0,Pistons,202694,Marcus Morris,DET,Detroit,1610612765.0,Pistons,0,,,,,,96 - 92,-4,Jackson 14' Floating Jump Shot (13 PTS) (Marc Morris 1 AST),10:14 PM
449,1,2,535,0021500391,MISS Butler 19' Jump Shot,,3:17,4,4.0,0,0,202710,Jimmy Butler,CHI,Chicago,1610612741.0,Bulls,0,,,,,,0,,,,,,,,,10:14 PM
450,0,4,536,0021500391,BULLS Rebound,,3:17,4,2.0,0,0,1610612741,,,,,,0,,,,,,0,,,,,,,,,10:14 PM
451,3,6,537,0021500391,,,3:17,4,5.0,4,1,1626169,Stanley Johnson,DET,Detroit,1610612765.0,Pistons,201959,Taj Gibson,CHI,Chicago,1610612741.0,Bulls,0,,,,,,,,Johnson L.B.FOUL (P5.PN) (J.Capers),10:14 PM
452,11,3,538,0021500391,Gibson Free Throw 1 of 2 (13 PTS),,3:17,4,4.0,0,0,201959,Taj Gibson,CHI,Chicago,1610612741.0,Bulls,0,,,,,,0,,,,,,96 - 93,-3,,10:15 PM
453,12,3,540,0021500391,Gibson Free Throw 2 of 2 (14 PTS),,3:17,4,4.0,0,0,201959,Taj Gibson,CHI,Chicago,1610612741.0,Bulls,0,,,,,,0,,,,,,96 - 94,-2,,10:15 PM
454,1,1,543,0021500391,,,3:00,4,5.0,0,0,202704,Reggie Jackson,DET,Detroit,1610612765.0,Pistons,0,,,,,,0,,,,,,98 - 94,-4,Jackson 10' Jump Shot (15 PTS),10:15 PM
455,78,1,544,0021500391,Rose 15' Floating Jump Shot (24 PTS),,2:51,4,4.0,0,0,201565,Derrick Rose,CHI,Chicago,1610612741.0,Bulls,0,,,,,,0,,,,,,98 - 96,-2,,10:15 PM
456,1,2,545,0021500391,,,2:30,4,5.0,0,0,101141,Ersan Ilyasova,DET,Detroit,1610612765.0,Pistons,0,,,,,,0,,,,,,,,MISS Ilyasova 26' 3PT Jump Shot,10:16 PM
457,0,4,546,0021500391,BULLS Rebound,,2:30,4,2.0,0,0,1610612741,,,,,,0,,,,,,0,,,,,,,,,10:16 PM
458,1,9,547,0021500391,,,2:30,4,1.0,0,0,0,,,,,,0,,,,,,0,,,,,,,,,10:16 PM
459,0,8,549,0021500391,,,2:30,4,5.0,5,0,1626169,Stanley Johnson,DET,Detroit,1610612765.0,Pistons,203484,Kentavious Caldwell-Pope,DET,Detroit,1610612765.0,Pistons,0,,,,,,,,SUB: Caldwell-Pope FOR Johnson,10:18 PM
460,1,6,550,0021500391,,,2:20,4,5.0,4,1,202694,Marcus Morris,DET,Detroit,1610612765.0,Pistons,202710,Jimmy Butler,CHI,Chicago,1610612741.0,Bulls,0,,,,,,,,Marc Morris P.FOUL (P5.PN) (J.Capers),10:18 PM
461,11,3,551,0021500391,Butler Free Throw 1 of 2 (21 PTS),,2:20,4,4.0,0,0,202710,Jimmy Butler,CHI,Chicago,1610612741.0,Bulls,0,,,,,,0,,,,,,98 - 97,-1,,10:19 PM
462,12,3,553,0021500391,Butler Free Throw 2 of 2 (22 PTS),,2:20,4,4.0,0,0,202710,Jimmy Butler,CHI,Chicago,1610612741.0,Bulls,0,,,,,,0,,,,,,98 - 98,TIE,,10:19 PM
463,66,1,555,0021500391,,,2:08,4,5.0,0,0,203083,Andre Drummond,DET,Detroit,1610612765.0,Pistons,0,,,,,,0,,,,,,100 - 98,-2,Drummond 6' Jump Bank Shot (20 PTS),10:19 PM
464,71,1,556,0021500391,Gasol 3' Finger Roll Layup (22 PTS),,1:49,4,4.0,0,0,2200,Pau Gasol,CHI,Chicago,1610612741.0,Bulls,0,,,,,,0,,,,,,100 - 100,TIE,,10:20 PM
465,2,6,557,0021500391,Snell S.FOUL (P3.T2) (J.Capers),,1:35,4,4.0,5,1,203503,Tony Snell,CHI,Chicago,1610612741.0,Bulls,101141,Ersan Ilyasova,DET,Detroit,1610612765.0,Pistons,0,,,,,,,,,10:20 PM
466,11,3,558,0021500391,,,1:35,4,5.0,0,0,101141,Ersan Ilyasova,DET,Detroit,1610612765.0,Pistons,0,,,,,,0,,,,,,101 - 100,-1,Ilyasova Free Throw 1 of 2 (14 PTS),10:20 PM
467,12,3,560,0021500391,,,1:35,4,5.0,0,0,101141,Ersan Ilyasova,DET,Detroit,1610612765.0,Pistons,0,,,,,,0,,,,,,102 - 100,-2,Ilyasova Free Throw 2 of 2 (15 PTS),10:20 PM
468,1,18,562,0021500391,,,1:17,4,0.0,0,1,0,,,,,,0,,,,,,0,,,,,,102 - 100,-2,,10:21 PM
469,40,5,564,0021500391,Snell Out of Bounds Lost Ball Turnover (P2.T15),,1:17,4,4.0,0,0,203503,Tony Snell,CHI,Chicago,1610612741.0,Bulls,0,,,,,,0,,,,,,,,,10:22 PM
470,5,2,565,0021500391,,,1:00,4,5.0,0,0,202704,Reggie Jackson,DET,Detroit,1610612765.0,Pistons,0,,,,,,0,,,,,,,,MISS Jackson 2' Layup,10:23 PM
471,0,4,566,0021500391,Rose REBOUND (Off:0 Def:3),,0:59,4,4.0,0,0,201565,Derrick Rose,CHI,Chicago,1610612741.0,Bulls,0,,,,,,0,,,,,,,,,10:23 PM
472,1,1,567,0021500391,Snell 25' 3PT Jump Shot (3 PTS) (Rose 6 AST),,0:51,4,4.0,4,0,203503,Tony Snell,CHI,Chicago,1610612741.0,Bulls,201565,Derrick Rose,CHI,Chicago,1610612741.0,Bulls,0,,,,,,102 - 103,1,,10:23 PM
473,1,9,569,0021500391,,,0:51,4,3.0,0,0,1610612765,,,,,,0,,,,,,0,,,,,,,,Pistons Timeout: Regular (Reg.5 Short 0),10:23 PM
474,1,6,571,0021500391,Rose P.FOUL (P1.PN) (G.Zielinski),,0:49,4,4.0,5,1,201565,Derrick Rose,CHI,Chicago,1610612741.0,Bulls,101141,Ersan Ilyasova,DET,Detroit,1610612765.0,Pistons,0,,,,,,,,,10:25 PM
475,11,3,572,0021500391,,,0:49,4,5.0,0,0,101141,Ersan Ilyasova,DET,Detroit,1610612765.0,Pistons,0,,,,,,0,,,,,,,,MISS Ilyasova Free Throw 1 of 2,10:25 PM
476,1,4,573,0021500391,,,0:49,4,3.0,0,0,1610612765,,,,,,0,,,,,,0,,,,,,,,Pistons Rebound,10:25 PM
477,12,3,574,0021500391,,,0:49,4,5.0,0,0,101141,Ersan Ilyasova,DET,Detroit,1610612765.0,Pistons,0,,,,,,0,,,,,,103 - 103,TIE,Ilyasova Free Throw 2 of 2 (16 PTS),10:25 PM
478,2,6,576,0021500391,,,0:32,4,5.0,4,1,101141,Ersan Ilyasova,DET,Detroit,1610612765.0,Pistons,2200,Pau Gasol,CHI,Chicago,1610612741.0,Bulls,0,,,,,,,,Ilyasova S.FOUL (P3.PN) (J.Capers),10:26 PM
479,11,3,577,0021500391,Gasol Free Throw 1 of 2 (23 PTS),,0:32,4,4.0,0,0,2200,Pau Gasol,CHI,Chicago,1610612741.0,Bulls,0,,,,,,0,,,,,,103 - 104,1,,10:26 PM
480,12,3,579,0021500391,Gasol Free Throw 2 of 2 (24 PTS),,0:32,4,4.0,0,0,2200,Pau Gasol,CHI,Chicago,1610612741.0,Bulls,0,,,,,,0,,,,,,103 - 105,2,,10:26 PM
481,2,9,581,0021500391,,,0:32,4,3.0,0,0,1610612765,,,,,,0,,,,,,0,,,,,,,,Pistons Timeout: Short (Reg.5 Short 1),10:27 PM
482,5,1,583,0021500391,,,0:18,4,5.0,5,0,203083,Andre Drummond,DET,Detroit,1610612765.0,Pistons,202704,Reggie Jackson,DET,Detroit,1610612765.0,Pistons,0,,,,,,105 - 105,TIE,Drummond 1' Layup (22 PTS) (Jackson 9 AST),10:28 PM
483,1,9,584,0021500391,BULLS Timeout: Regular (Full 5 Short 0),,0:18,4,2.0,0,0,1610612741,,,,,,0,,,,,,0,,,,,,,,,10:28 PM
484,0,8,585,0021500391,SUB: Mirotic FOR Gibson,,0:18,4,4.0,4,0,201959,Taj Gibson,CHI,Chicago,1610612741.0,Bulls,202703,Nikola Mirotic,CHI,Chicago,1610612741.0,Bulls,0,,,,,,,,,10:30 PM
485,0,8,586,0021500391,,,0:18,4,5.0,5,0,101141,Ersan Ilyasova,DET,Detroit,1610612765.0,Pistons,1626169,Stanley Johnson,DET,Detroit,1610612765.0,Pistons,0,,,,,,,,SUB: Johnson FOR Ilyasova,10:30 PM
486,1,2,587,0021500391,MISS Rose 19' Jump Shot,,0:00,4,4.0,0,0,201565,Derrick Rose,CHI,Chicago,1610612741.0,Bulls,0,,,,,,0,,,,,,,,,10:30 PM
487,0,4,589,0021500391,BULLS Rebound,,0:00,4,2.0,0,0,1610612741,,,,,,0,,,,,,0,,,,,,,,,10:31 PM
488,0,13,588,0021500391,,,0:00,4,0.0,0,0,0,,,,,,0,,,,,,0,,,,,,105 - 105,TIE,,10:31 PM
489,0,12,591,0021500391,,,5:00,5,0.0,0,0,0,,,,,,0,,,,,,0,,,,,,105 - 105,TIE,,10:33 PM
490,0,10,592,0021500391,Jump Ball Gasol vs. Drummond: Tip to Jackson,,5:00,5,4.0,5,5,2200,Pau Gasol,CHI,Chicago,1610612741.0,Bulls,203083,Andre Drummond,DET,Detroit,1610612765.0,Pistons,202704,Reggie Jackson,DET,Detroit,1610612765.0,Pistons,,,,10:33 PM
491,47,1,593,0021500391,,,4:39,5,5.0,5,0,203083,Andre Drummond,DET,Detroit,1610612765.0,Pistons,101141,Ersan Ilyasova,DET,Detroit,1610612765.0,Pistons,0,,,,,,107 - 105,-2,Drummond 9' Turnaround Jump Shot (24 PTS) (Ilyasova 2 AST),10:34 PM
492,42,2,594,0021500391,MISS Butler 2' Driving Layup,,4:18,5,4.0,0,0,202710,Jimmy Butler,CHI,Chicago,1610612741.0,Bulls,0,,,,,,0,,,,,,,,,10:34 PM
493,0,4,596,0021500391,Gasol REBOUND (Off:2 Def:5),,4:15,5,4.0,0,0,2200,Pau Gasol,CHI,Chicago,1610612741.0,Bulls,0,,,,,,0,,,,,,,,,10:34 PM
494,97,1,595,0021500391,Gasol 2' Tip Layup Shot (26 PTS),,4:15,5,4.0,0,0,2200,Pau Gasol,CHI,Chicago,1610612741.0,Bulls,0,,,,,,0,,,,,,107 - 107,TIE,,10:34 PM
495,42,1,597,0021500391,,,4:02,5,5.0,0,0,202704,Reggie Jackson,DET,Detroit,1610612765.0,Pistons,0,,,,,,0,,,,,,109 - 107,-2,Jackson 1' Driving Layup (17 PTS),10:34 PM
496,78,1,598,0021500391,Rose 7' Floating Jump Shot (26 PTS),,3:43,5,4.0,0,0,201565,Derrick Rose,CHI,Chicago,1610612741.0,Bulls,0,,,,,,0,,,,,,109 - 109,TIE,,10:35 PM
497,78,1,599,0021500391,,,3:28,5,5.0,5,0,202694,Marcus Morris,DET,Detroit,1610612765.0,Pistons,101141,Ersan Ilyasova,DET,Detroit,1610612765.0,Pistons,0,,,,,,111 - 109,-2,Marc Morris 7' Floating Jump Shot (15 PTS) (Ilyasova 3 AST),10:35 PM
498,42,1,600,0021500391,Rose 3' Driving Layup (28 PTS),,3:17,5,4.0,0,0,201565,Derrick Rose,CHI,Chicago,1610612741.0,Bulls,0,,,,,,0,,,,,,111 - 111,TIE,,10:35 PM
499,5,1,601,0021500391,,,3:02,5,5.0,5,0,101141,Ersan Ilyasova,DET,Detroit,1610612765.0,Pistons,203083,Andre Drummond,DET,Detroit,1610612765.0,Pistons,0,,,,,,113 - 111,-2,Ilyasova 2' Layup (18 PTS) (Drummond 3 AST),10:35 PM
500,1,2,602,0021500391,MISS Rose 18' Jump Shot,,2:43,5,4.0,0,0,201565,Derrick Rose,CHI,Chicago,1610612741.0,Bulls,0,,,,,,0,,,,,,,,,10:36 PM
501,0,4,603,0021500391,Gibson REBOUND (Off:4 Def:5),,2:42,5,4.0,0,0,201959,Taj Gibson,CHI,Chicago,1610612741.0,Bulls,0,,,,,,0,,,,,,,,,10:36 PM
502,1,2,604,0021500391,MISS Gasol 12' Jump Shot,,2:24,5,4.0,0,0,2200,Pau Gasol,CHI,Chicago,1610612741.0,Bulls,0,,,,,,0,,,,,,,,,10:36 PM
503,0,4,605,0021500391,,,2:23,5,5.0,0,0,202694,Marcus Morris,DET,Detroit,1610612765.0,Pistons,0,,,,,,0,,,,,,,,Marc Morris REBOUND (Off:2 Def:3),10:36 PM
504,1,2,606,0021500391,,,2:02,5,5.0,0,0,202704,Reggie Jackson,DET,Detroit,1610612765.0,Pistons,0,,,,,,0,,,,,,,,MISS Jackson 26' 3PT Jump Shot,10:36 PM
505,0,4,607,0021500391,BULLS Rebound,,2:02,5,2.0,0,0,1610612741,,,,,,0,,,,,,0,,,,,,,,,10:36 PM
506,47,1,608,0021500391,Rose 7' Turnaround Jump Shot (30 PTS),,1:55,5,4.0,0,0,201565,Derrick Rose,CHI,Chicago,1610612741.0,Bulls,0,,,,,,0,,,,,,113 - 113,TIE,,10:37 PM
507,52,1,610,0021500391,,,1:40,5,5.0,5,0,203083,Andre Drummond,DET,Detroit,1610612765.0,Pistons,202704,Reggie Jackson,DET,Detroit,1610612765.0,Pistons,0,,,,,,115 - 113,-2,Drummond 1' Alley Oop Dunk (26 PTS) (Jackson 10 AST),10:37 PM
508,1,18,612,0021500391,,,1:40,5,,0,1,610,,,,,,0,,,,,,0,,,,,,,,,10:38 PM
509,45,2,627,0021500391,MISS Rose 18' Jump Shot,,1:08,5,4.0,0,0,201565,Derrick Rose,CHI,Chicago,1610612741.0,Bulls,0,,,,,,0,,,,,,,,,10:40 PM
510,0,4,615,0021500391,,,1:08,5,5.0,0,0,203083,Andre Drummond,DET,Detroit,1610612765.0,Pistons,0,,,,,,0,,,,,,,,Drummond REBOUND (Off:6 Def:10),10:40 PM
511,45,2,616,0021500391,,,1:04,5,5.0,0,0,202694,Marcus Morris,DET,Detroit,1610612765.0,Pistons,0,,,,,,0,,,,,,,,MISS Marc Morris 6' Jump Shot,10:40 PM
512,0,4,618,0021500391,Snell REBOUND (Off:0 Def:2),,1:02,5,4.0,0,0,203503,Tony Snell,CHI,Chicago,1610612741.0,Bulls,0,,,,,,0,,,,,,,,,10:40 PM
513,1,2,619,0021500391,MISS Snell 26' 3PT Jump Shot,,0:51,5,4.0,0,0,203503,Tony Snell,CHI,Chicago,1610612741.0,Bulls,0,,,,,,0,,,,,,,,,10:40 PM
514,0,4,620,0021500391,,,0:50,5,5.0,0,0,202694,Marcus Morris,DET,Detroit,1610612765.0,Pistons,0,,,,,,0,,,,,,,,Marc Morris REBOUND (Off:2 Def:4),10:40 PM
515,5,2,621,0021500391,,,0:31,5,5.0,0,0,202704,Reggie Jackson,DET,Detroit,1610612765.0,Pistons,0,,,,,,0,,,,,,,,MISS Jackson 2' Layup,10:40 PM
516,0,4,622,0021500391,Gasol REBOUND (Off:2 Def:6),,0:27,5,4.0,0,0,2200,Pau Gasol,CHI,Chicago,1610612741.0,Bulls,0,,,,,,0,,,,,,,,,10:40 PM
517,2,6,623,0021500391,,,0:21,5,5.0,4,1,203484,Kentavious Caldwell-Pope,DET,Detroit,1610612765.0,Pistons,2200,Pau Gasol,CHI,Chicago,1610612741.0,Bulls,0,,,,,,,,Caldwell-Pope S.FOUL (P4.T1) (J.Capers),10:41 PM
518,11,3,624,0021500391,MISS Gasol Free Throw 1 of 2,,0:21,5,4.0,0,0,2200,Pau Gasol,CHI,Chicago,1610612741.0,Bulls,0,,,,,,0,,,,,,,,,10:41 PM
519,1,4,625,0021500391,BULLS Rebound,,0:21,5,2.0,0,0,1610612741,,,,,,0,,,,,,0,,,,,,,,,10:41 PM
520,12,3,626,0021500391,Gasol Free Throw 2 of 2 (27 PTS),,0:21,5,4.0,0,0,2200,Pau Gasol,CHI,Chicago,1610612741.0,Bulls,0,,,,,,0,,,,,,115 - 114,-1,,10:41 PM
521,1,6,629,0021500391,Snell P.FOUL (P4.T1) (S.Anderson),,0:13,5,4.0,5,1,203503,Tony Snell,CHI,Chicago,1610612741.0,Bulls,202694,Marcus Morris,DET,Detroit,1610612765.0,Pistons,0,,,,,,,,,10:42 PM
522,0,8,630,0021500391,SUB: Noah FOR Gasol,,0:13,5,4.0,4,0,2200,Pau Gasol,CHI,Chicago,1610612741.0,Bulls,201149,Joakim Noah,CHI,Chicago,1610612741.0,Bulls,0,,,,,,,,,10:42 PM
523,28,6,632,0021500391,Rose Personal Take Foul (P2.PN) (J.Capers),,0:11,5,4.0,5,1,201565,Derrick Rose,CHI,Chicago,1610612741.0,Bulls,202704,Reggie Jackson,DET,Detroit,1610612765.0,Pistons,0,,,,,,,,,10:43 PM
524,11,3,633,0021500391,,,0:11,5,5.0,0,0,202704,Reggie Jackson,DET,Detroit,1610612765.0,Pistons,0,,,,,,0,,,,,,116 - 114,-2,Jackson Free Throw 1 of 2 (18 PTS),10:43 PM
525,12,3,644,0021500391,,,0:11,5,5.0,0,0,202704,Reggie Jackson,DET,Detroit,1610612765.0,Pistons,0,,,,,,0,,,,,,,,Free Throw 2 of 2,10:43 PM
526,0,4,646,0021500391,BULLS Rebound,,0:11,5,2.0,0,0,1610612741,,,,,,0,,,,,,0,,,,,,,,,10:45 PM
527,1,9,648,0021500391,BULLS Timeout: Regular (Full 6 Short 0),,0:11,5,2.0,0,0,1610612741,,,,,,0,,,,,,0,,,,,,,,,10:45 PM
528,0,8,649,0021500391,,,0:11,5,5.0,5,0,203484,Kentavious Caldwell-Pope,DET,Detroit,1610612765.0,Pistons,1626169,Stanley Johnson,DET,Detroit,1610612765.0,Pistons,0,,,,,,,,SUB: Johnson FOR Caldwell-Pope,10:45 PM
529,0,8,650,0021500391,SUB: Gasol FOR Noah,,0:11,5,4.0,4,0,201149,Joakim Noah,CHI,Chicago,1610612741.0,Bulls,2200,Pau Gasol,CHI,Chicago,1610612741.0,Bulls,0,,,,,,,,,10:45 PM
530,5,1,647,0021500391,Gasol 1' Layup (29 PTS) (Butler 2 AST),,0:03,5,4.0,4,0,2200,Pau Gasol,CHI,Chicago,1610612741.0,Bulls,202710,Jimmy Butler,CHI,Chicago,1610612741.0,Bulls,0,,,,,,116 - 116,TIE,,10:46 PM
531,1,9,654,0021500391,,,0:03,5,3.0,0,0,1610612765,,,,,,0,,,,,,0,,,,,,,,Pistons Timeout: Regular (Reg.6 Short 1),10:47 PM
532,0,8,652,0021500391,SUB: Noah FOR Gibson,,0:03,5,4.0,4,0,201959,Taj Gibson,CHI,Chicago,1610612741.0,Bulls,201149,Joakim Noah,CHI,Chicago,1610612741.0,Bulls,0,,,,,,,,,10:47 PM
533,0,8,653,0021500391,,,0:03,5,5.0,5,0,101141,Ersan Ilyasova,DET,Detroit,1610612765.0,Pistons,203484,Kentavious Caldwell-Pope,DET,Detroit,1610612765.0,Pistons,0,,,,,,,,SUB: Caldwell-Pope FOR Ilyasova,10:47 PM
534,2,9,655,0021500391,,,0:03,5,3.0,0,0,1610612765,,,,,,0,,,,,,0,,,,,,,,Pistons Timeout: Short (Reg.6 Short 2),10:48 PM
535,1,2,657,0021500391,,,0:00,5,5.0,0,0,202704,Reggie Jackson,DET,Detroit,1610612765.0,Pistons,0,,,,,,0,,,,,,,,MISS Jackson 20' Jump Shot,10:49 PM
536,0,4,659,0021500391,,,0:00,5,3.0,0,0,1610612765,,,,,,0,,,,,,0,,,,,,,,Pistons Rebound,10:49 PM
537,0,13,658,0021500391,,,0:00,5,0.0,0,0,0,,,,,,0,,,,,,0,,,,,,116 - 116,TIE,,10:49 PM
538,0,12,660,0021500391,,,5:00,6,0.0,0,0,0,,,,,,0,,,,,,0,,,,,,116 - 116,TIE,,10:52 PM
539,0,10,661,0021500391,Jump Ball Gasol vs. Drummond: Tip to Ilyasova,,5:00,6,4.0,5,5,2200,Pau Gasol,CHI,Chicago,1610612741.0,Bulls,203083,Andre Drummond,DET,Detroit,1610612765.0,Pistons,101141,Ersan Ilyasova,DET,Detroit,1610612765.0,Pistons,,,,10:52 PM
540,1,2,662,0021500391,,,4:44,6,5.0,0,0,202694,Marcus Morris,DET,Detroit,1610612765.0,Pistons,0,,,,,,0,,,,,,,,MISS Marc Morris 24' 3PT Jump Shot,10:52 PM
541,0,4,663,0021500391,Gasol REBOUND (Off:2 Def:7),,4:43,6,4.0,0,0,2200,Pau Gasol,CHI,Chicago,1610612741.0,Bulls,0,,,,,,0,,,,,,,,,10:52 PM
542,7,1,664,0021500391,Butler  Dunk (24 PTS),,4:25,6,4.0,0,0,202710,Jimmy Butler,CHI,Chicago,1610612741.0,Bulls,0,,,,,,0,,,,,,116 - 118,2,,10:52 PM
543,4,5,665,0021500391,,,4:07,6,5.0,0,1,101141,Ersan Ilyasova,DET,Detroit,1610612765.0,Pistons,0,,,,,,0,,,,,,,,Ilyasova Traveling Turnover (P2.T10),10:53 PM
544,1,2,666,0021500391,MISS Snell  3PT Jump Shot,,3:49,6,4.0,0,0,203503,Tony Snell,CHI,Chicago,1610612741.0,Bulls,0,,,,,,0,,,,,,,,,10:53 PM
545,0,4,667,0021500391,Gasol REBOUND (Off:3 Def:7),,3:48,6,4.0,0,0,2200,Pau Gasol,CHI,Chicago,1610612741.0,Bulls,0,,,,,,0,,,,,,,,,10:53 PM
546,78,2,668,0021500391,MISS Rose 6' Floating Jump Shot,,3:32,6,4.0,0,0,201565,Derrick Rose,CHI,Chicago,1610612741.0,Bulls,0,,,,,,0,,,,,,,,,10:53 PM
547,0,4,669,0021500391,Gibson REBOUND (Off:5 Def:5),,3:31,6,4.0,0,0,201959,Taj Gibson,CHI,Chicago,1610612741.0,Bulls,0,,,,,,0,,,,,,,,,10:53 PM
548,1,2,670,0021500391,MISS Rose 9' Jump Shot,,3:16,6,4.0,0,0,201565,Derrick Rose,CHI,Chicago,1610612741.0,Bulls,0,,,,,,0,,,,,,,,,10:54 PM
549,0,4,671,0021500391,Gasol REBOUND (Off:4 Def:7),,3:16,6,4.0,0,0,2200,Pau Gasol,CHI,Chicago,1610612741.0,Bulls,0,,,,,,0,,,,,,,,,10:54 PM
550,2,6,672,0021500391,,,3:16,6,5.0,4,1,101141,Ersan Ilyasova,DET,Detroit,1610612765.0,Pistons,2200,Pau Gasol,CHI,Chicago,1610612741.0,Bulls,0,,,,,,,,Ilyasova S.FOUL (P4.T1) (G.Zielinski),10:54 PM
551,11,3,673,0021500391,MISS Gasol Free Throw 1 of 2,,3:16,6,4.0,0,0,2200,Pau Gasol,CHI,Chicago,1610612741.0,Bulls,0,,,,,,0,,,,,,,,,10:54 PM
552,1,4,674,0021500391,BULLS Rebound,,3:16,6,2.0,0,0,1610612741,,,,,,0,,,,,,0,,,,,,,,,10:54 PM
553,12,3,675,0021500391,Gasol Free Throw 2 of 2 (30 PTS),,3:16,6,4.0,0,0,2200,Pau Gasol,CHI,Chicago,1610612741.0,Bulls,0,,,,,,0,,,,,,116 - 119,3,,10:54 PM
554,2,6,677,0021500391,Butler S.FOUL (P4.T1) (G.Zielinski),,3:05,6,4.0,5,1,202710,Jimmy Butler,CHI,Chicago,1610612741.0,Bulls,203083,Andre Drummond,DET,Detroit,1610612765.0,Pistons,0,,,,,,,,,10:55 PM
555,11,3,678,0021500391,,,3:05,6,5.0,0,0,203083,Andre Drummond,DET,Detroit,1610612765.0,Pistons,0,,,,,,0,,,,,,,,MISS Drummond Free Throw 1 of 2,10:55 PM
556,1,4,679,0021500391,,,3:05,6,3.0,0,0,1610612765,,,,,,0,,,,,,0,,,,,,,,Pistons Rebound,10:55 PM
557,12,3,680,0021500391,,,3:05,6,5.0,0,0,203083,Andre Drummond,DET,Detroit,1610612765.0,Pistons,0,,,,,,0,,,,,,117 - 119,2,Drummond Free Throw 2 of 2 (27 PTS),10:55 PM
558,1,2,683,0021500391,MISS Butler 16' Jump Shot,,2:50,6,4.0,0,0,202710,Jimmy Butler,CHI,Chicago,1610612741.0,Bulls,0,,,,,,0,,,,,,,,,10:56 PM
559,0,4,684,0021500391,,,2:49,6,5.0,0,0,203484,Kentavious Caldwell-Pope,DET,Detroit,1610612765.0,Pistons,0,,,,,,0,,,,,,,,Caldwell-Pope REBOUND (Off:1 Def:6),10:56 PM
560,1,2,685,0021500391,,,2:41,6,5.0,0,0,203484,Kentavious Caldwell-Pope,DET,Detroit,1610612765.0,Pistons,0,,,,,,0,,,,,,,,MISS Caldwell-Pope 25' 3PT Jump Shot,10:56 PM
561,0,4,686,0021500391,Gibson REBOUND (Off:5 Def:6),,2:39,6,4.0,0,0,201959,Taj Gibson,CHI,Chicago,1610612741.0,Bulls,0,,,,,,0,,,,,,,,,10:56 PM
562,26,6,687,0021500391,Rose Offensive Charge Foul (P3.T2) (S.Anderson),,2:20,6,4.0,5,1,201565,Derrick Rose,CHI,Chicago,1610612741.0,Bulls,101141,Ersan Ilyasova,DET,Detroit,1610612765.0,Pistons,0,,,,,,,,,10:56 PM
563,5,5,688,0021500391,Rose Foul Turnover (P3.T16),,2:20,6,4.0,0,1,201565,Derrick Rose,CHI,Chicago,1610612741.0,Bulls,0,,,,,,0,,,,,,,,,10:56 PM
564,5,2,690,0021500391,Gasol BLOCK (4 BLK),,2:04,6,5.0,0,4,203083,Andre Drummond,DET,Detroit,1610612765.0,Pistons,0,,,,,,2200,Pau Gasol,CHI,Chicago,1610612741.0,Bulls,,,MISS Drummond 3' Layup,10:57 PM
565,0,4,691,0021500391,Gasol REBOUND (Off:4 Def:8),,2:02,6,4.0,0,0,2200,Pau Gasol,CHI,Chicago,1610612741.0,Bulls,0,,,,,,0,,,,,,,,,10:57 PM
566,5,2,692,0021500391,MISS Gasol 2' Layup,,1:43,6,4.0,0,0,2200,Pau Gasol,CHI,Chicago,1610612741.0,Bulls,0,,,,,,0,,,,,,,,,10:57 PM
567,0,4,694,0021500391,Gasol REBOUND (Off:5 Def:8),,1:41,6,4.0,0,0,2200,Pau Gasol,CHI,Chicago,1610612741.0,Bulls,0,,,,,,0,,,,,,,,,10:57 PM
568,72,2,693,0021500391,MISS Gasol 2' Putback Layup,,1:41,6,4.0,0,0,2200,Pau Gasol,CHI,Chicago,1610612741.0,Bulls,0,,,,,,0,,,,,,,,,10:57 PM
569,0,4,695,0021500391,Gibson REBOUND (Off:6 Def:6),,1:41,6,4.0,0,0,201959,Taj Gibson,CHI,Chicago,1610612741.0,Bulls,0,,,,,,0,,,,,,,,,10:57 PM
570,1,6,696,0021500391,,,1:41,6,5.0,4,1,202704,Reggie Jackson,DET,Detroit,1610612765.0,Pistons,201959,Taj Gibson,CHI,Chicago,1610612741.0,Bulls,0,,,,,,,,Jackson P.FOUL (P4.T2) (J.Capers),10:57 PM
571,1,2,698,0021500391,MISS Rose 7' Jump Shot,,1:33,6,4.0,0,0,201565,Derrick Rose,CHI,Chicago,1610612741.0,Bulls,0,,,,,,0,,,,,,,,,10:58 PM
572,0,4,699,0021500391,BULLS Rebound,,1:33,6,2.0,0,0,1610612741,,,,,,0,,,,,,0,,,,,,,,,10:58 PM
573,1,1,700,0021500391,Butler 20' Jump Shot (26 PTS),,1:28,6,4.0,0,0,202710,Jimmy Butler,CHI,Chicago,1610612741.0,Bulls,0,,,,,,0,,,,,,117 - 121,4,,10:58 PM
574,1,1,701,0021500391,,,1:18,6,5.0,5,0,202694,Marcus Morris,DET,Detroit,1610612765.0,Pistons,202704,Reggie Jackson,DET,Detroit,1610612765.0,Pistons,0,,,,,,120 - 121,1,Marc Morris 25' 3PT Jump Shot (18 PTS) (Jackson 11 AST),10:58 PM
575,63,1,702,0021500391,Butler 19' Fadeaway Jumper (28 PTS),,0:56,6,4.0,0,0,202710,Jimmy Butler,CHI,Chicago,1610612741.0,Bulls,0,,,,,,0,,,,,,120 - 123,3,,10:59 PM
576,1,1,703,0021500391,,,0:36,6,5.0,5,0,203484,Kentavious Caldwell-Pope,DET,Detroit,1610612765.0,Pistons,101141,Ersan Ilyasova,DET,Detroit,1610612765.0,Pistons,0,,,,,,123 - 123,TIE,Caldwell-Pope 26' 3PT Jump Shot (14 PTS) (Ilyasova 4 AST),10:59 PM
577,0,18,704,0021500391,,,0:36,6,,0,1,703,Kurt Thomas,,,,,0,,,,,,0,,,,,,,,,11:00 PM
578,1,9,705,0021500391,BULLS Timeout: Regular (Full 7 Short 0),,0:36,6,2.0,0,0,1610612741,,,,,,0,,,,,,0,,,,,,,,,11:00 PM
579,1,2,706,0021500391,MISS Butler 10' Jump Shot,,0:15,6,4.0,0,5,202710,Jimmy Butler,CHI,Chicago,1610612741.0,Bulls,0,,,,,,202694,Marcus Morris,DET,Detroit,1610612765.0,Pistons,,,Marc Morris BLOCK (1 BLK),11:02 PM
580,0,4,707,0021500391,Butler REBOUND (Off:1 Def:4),,0:13,6,4.0,0,0,202710,Jimmy Butler,CHI,Chicago,1610612741.0,Bulls,0,,,,,,0,,,,,,,,,11:02 PM
581,1,2,708,0021500391,MISS Butler 12' Jump Shot,,0:12,6,4.0,0,0,202710,Jimmy Butler,CHI,Chicago,1610612741.0,Bulls,0,,,,,,0,,,,,,,,,11:02 PM
582,0,4,709,0021500391,,,0:10,6,5.0,0,0,203083,Andre Drummond,DET,Detroit,1610612765.0,Pistons,0,,,,,,0,,,,,,,,Drummond REBOUND (Off:6 Def:11),11:02 PM
583,1,2,710,0021500391,,,0:02,6,5.0,0,0,202704,Reggie Jackson,DET,Detroit,1610612765.0,Pistons,0,,,,,,0,,,,,,,,MISS Jackson 4' Jump Shot,11:02 PM
584,0,4,711,0021500391,Gasol REBOUND (Off:5 Def:9),,0:01,6,4.0,0,0,2200,Pau Gasol,CHI,Chicago,1610612741.0,Bulls,0,,,,,,0,,,,,,,,,11:02 PM
585,1,2,712,0021500391,MISS Snell 88' 3PT Jump Shot,,0:00,6,4.0,0,0,203503,Tony Snell,CHI,Chicago,1610612741.0,Bulls,0,,,,,,0,,,,,,,,,11:02 PM
586,0,4,714,0021500391,BULLS Rebound,,0:00,6,2.0,0,0,1610612741,,,,,,0,,,,,,0,,,,,,,,,11:02 PM
587,0,13,713,0021500391,,,0:00,6,0.0,0,0,0,,,,,,0,,,,,,0,,,,,,123 - 123,TIE,,11:02 PM
588,0,12,716,0021500391,,,5:00,7,0.0,0,0,0,,,,,,0,,,,,,0,,,,,,123 - 123,TIE,,11:05 PM
589,0,10,717,0021500391,Jump Ball Gasol vs. Drummond: Tip to Marc Morris,,5:00,7,4.0,5,5,2200,Pau Gasol,CHI,Chicago,1610612741.0,Bulls,203083,Andre Drummond,DET,Detroit,1610612765.0,Pistons,202694,Marcus Morris,DET,Detroit,1610612765.0,Pistons,,,,11:05 PM
590,1,2,718,0021500391,,,4:43,7,5.0,0,0,101141,Ersan Ilyasova,DET,Detroit,1610612765.0,Pistons,0,,,,,,0,,,,,,,,MISS Ilyasova 26' 3PT Jump Shot,11:05 PM
591,0,4,719,0021500391,Snell REBOUND (Off:0 Def:3),,4:42,7,4.0,0,0,203503,Tony Snell,CHI,Chicago,1610612741.0,Bulls,0,,,,,,0,,,,,,,,,11:05 PM
592,1,6,720,0021500391,,,4:24,7,5.0,4,1,203484,Kentavious Caldwell-Pope,DET,Detroit,1610612765.0,Pistons,203503,Tony Snell,CHI,Chicago,1610612741.0,Bulls,0,,,,,,,,Caldwell-Pope P.FOUL (P5.T1) (G.Zielinski),11:05 PM
593,5,2,721,0021500391,MISS Rose 3' Layup,,4:17,7,4.0,0,5,201565,Derrick Rose,CHI,Chicago,1610612741.0,Bulls,0,,,,,,203083,Andre Drummond,DET,Detroit,1610612765.0,Pistons,,,Drummond BLOCK (2 BLK),11:06 PM
594,0,4,722,0021500391,,,4:15,7,5.0,0,0,202704,Reggie Jackson,DET,Detroit,1610612765.0,Pistons,0,,,,,,0,,,,,,,,Jackson REBOUND (Off:0 Def:3),11:06 PM
595,1,2,723,0021500391,,,4:09,7,5.0,0,0,101141,Ersan Ilyasova,DET,Detroit,1610612765.0,Pistons,0,,,,,,0,,,,,,,,MISS Ilyasova 15' Jump Shot,11:06 PM
596,0,4,724,0021500391,Butler REBOUND (Off:1 Def:5),,4:08,7,4.0,0,0,202710,Jimmy Butler,CHI,Chicago,1610612741.0,Bulls,0,,,,,,0,,,,,,,,,11:06 PM
597,42,1,725,0021500391,Butler 1' Driving Layup (30 PTS),,3:59,7,4.0,0,0,202710,Jimmy Butler,CHI,Chicago,1610612741.0,Bulls,0,,,,,,0,,,,,,123 - 125,2,,11:06 PM
598,1,2,726,0021500391,,,3:31,7,5.0,0,0,203484,Kentavious Caldwell-Pope,DET,Detroit,1610612765.0,Pistons,0,,,,,,0,,,,,,,,MISS Caldwell-Pope 26' 3PT Jump Shot,11:07 PM
599,0,4,728,0021500391,,,3:29,7,5.0,0,0,203083,Andre Drummond,DET,Detroit,1610612765.0,Pistons,0,,,,,,0,,,,,,,,Drummond REBOUND (Off:7 Def:11),11:07 PM
600,97,2,727,0021500391,,,3:29,7,5.0,0,0,203083,Andre Drummond,DET,Detroit,1610612765.0,Pistons,0,,,,,,0,,,,,,,,MISS Drummond 2' Tip Layup Shot,11:07 PM
601,0,4,729,0021500391,Butler REBOUND (Off:1 Def:6),,3:28,7,4.0,0,0,202710,Jimmy Butler,CHI,Chicago,1610612741.0,Bulls,0,,,,,,0,,,,,,,,,11:07 PM
602,1,2,730,0021500391,MISS Butler 14' Jump Shot,,3:12,7,4.0,0,0,202710,Jimmy Butler,CHI,Chicago,1610612741.0,Bulls,0,,,,,,0,,,,,,,,,11:07 PM
603,0,4,731,0021500391,,,3:12,7,3.0,0,0,1610612765,,,,,,0,,,,,,0,,,,,,,,Pistons Rebound,11:07 PM
604,1,2,732,0021500391,,,2:52,7,5.0,0,0,202694,Marcus Morris,DET,Detroit,1610612765.0,Pistons,0,,,,,,0,,,,,,,,MISS Marc Morris 17' Jump Shot,11:07 PM
605,0,4,733,0021500391,Rose REBOUND (Off:0 Def:4),,2:50,7,4.0,0,0,201565,Derrick Rose,CHI,Chicago,1610612741.0,Bulls,0,,,,,,0,,,,,,,,,11:07 PM
606,1,1,734,0021500391,Rose 10' Jump Shot (32 PTS),,2:37,7,4.0,0,0,201565,Derrick Rose,CHI,Chicago,1610612741.0,Bulls,0,,,,,,0,,,,,,123 - 127,4,,11:08 PM
607,2,9,735,0021500391,,,2:37,7,3.0,0,0,1610612765,,,,,,0,,,,,,0,,,,,,,,Pistons Timeout: Short (Reg.6 Short 3),11:08 PM
608,45,2,740,0021500391,,,2:20,7,5.0,0,0,202704,Reggie Jackson,DET,Detroit,1610612765.0,Pistons,0,,,,,,0,,,,,,,,MISS Jackson 25' 3PT Jump Shot,11:09 PM
609,0,4,739,0021500391,,,2:20,7,5.0,0,0,203083,Andre Drummond,DET,Detroit,1610612765.0,Pistons,0,,,,,,0,,,,,,,,Drummond REBOUND (Off:8 Def:11),11:09 PM
610,87,1,736,0021500391,,,2:19,7,5.0,0,0,203083,Andre Drummond,DET,Detroit,1610612765.0,Pistons,0,,,,,,0,,,,,,125 - 127,2,Drummond  Putback Dunk (29 PTS),11:09 PM
611,5,2,737,0021500391,MISS Butler 2' Layup,,2:00,7,4.0,0,0,202710,Jimmy Butler,CHI,Chicago,1610612741.0,Bulls,0,,,,,,0,,,,,,,,,11:10 PM
612,0,4,738,0021500391,,,1:59,7,5.0,0,0,101141,Ersan Ilyasova,DET,Detroit,1610612765.0,Pistons,0,,,,,,0,,,,,,,,Ilyasova REBOUND (Off:3 Def:5),11:10 PM
613,1,2,741,0021500391,,,1:46,7,5.0,0,0,203083,Andre Drummond,DET,Detroit,1610612765.0,Pistons,0,,,,,,0,,,,,,,,MISS Drummond 7' Jump Shot,11:10 PM
614,0,4,743,0021500391,,,1:46,7,3.0,0,0,1610612765,,,,,,0,,,,,,0,,,,,,,,Pistons Rebound,11:10 PM
615,3,6,744,0021500391,Butler L.B.FOUL (P5.T1) (J.Capers),,1:46,7,4.0,5,1,202710,Jimmy Butler,CHI,Chicago,1610612741.0,Bulls,101141,Ersan Ilyasova,DET,Detroit,1610612765.0,Pistons,0,,,,,,,,,11:10 PM
616,5,1,745,0021500391,,,1:36,7,5.0,5,0,203083,Andre Drummond,DET,Detroit,1610612765.0,Pistons,202704,Reggie Jackson,DET,Detroit,1610612765.0,Pistons,0,,,,,,127 - 127,TIE,Drummond 1' Layup (31 PTS) (Jackson 12 AST),11:11 PM
617,1,2,746,0021500391,MISS Gasol 19' Jump Shot,,1:22,7,4.0,0,0,2200,Pau Gasol,CHI,Chicago,1610612741.0,Bulls,0,,,,,,0,,,,,,,,,11:11 PM
618,0,4,747,0021500391,Snell REBOUND (Off:1 Def:3),,1:21,7,4.0,0,0,203503,Tony Snell,CHI,Chicago,1610612741.0,Bulls,0,,,,,,0,,,,,,,,,11:11 PM
619,1,2,749,0021500391,MISS Snell 25' 3PT Jump Shot,,1:18,7,4.0,0,0,203503,Tony Snell,CHI,Chicago,1610612741.0,Bulls,0,,,,,,0,,,,,,,,,11:11 PM
620,0,4,750,0021500391,Gasol REBOUND (Off:6 Def:9),,1:17,7,4.0,0,0,2200,Pau Gasol,CHI,Chicago,1610612741.0,Bulls,0,,,,,,0,,,,,,,,,11:11 PM
621,5,7,752,0021500391,,,1:07,7,5.0,0,0,203083,Andre Drummond,DET,Detroit,1610612765.0,Pistons,0,,,,,,0,,,,,,,,Drummond Violation:Kicked Ball (.),11:11 PM
622,2,9,753,0021500391,BULLS Timeout: Short (Full 7 Short 1),,1:07,7,2.0,0,0,1610612741,,,,,,0,,,,,,0,,,,,,,,,11:11 PM
623,1,5,755,0021500391,Rose Bad Pass Turnover (P4.T17),,1:02,7,4.0,5,0,201565,Derrick Rose,CHI,Chicago,1610612741.0,Bulls,203083,Andre Drummond,DET,Detroit,1610612765.0,Pistons,0,,,,,,,,Drummond STEAL (3 STL),11:13 PM
624,5,2,756,0021500391,,,0:44,7,5.0,0,0,203083,Andre Drummond,DET,Detroit,1610612765.0,Pistons,0,,,,,,0,,,,,,,,MISS Drummond 1' Layup,11:13 PM
625,0,4,758,0021500391,,,0:44,7,5.0,0,0,203083,Andre Drummond,DET,Detroit,1610612765.0,Pistons,0,,,,,,0,,,,,,,,Drummond REBOUND (Off:9 Def:11),11:13 PM
626,97,2,759,0021500391,,,0:44,7,5.0,0,0,203083,Andre Drummond,DET,Detroit,1610612765.0,Pistons,0,,,,,,0,,,,,,,,MISS Drummond 1' Tip Layup Shot,11:13 PM
627,0,4,757,0021500391,BULLS Rebound,,0:43,7,2.0,0,0,1610612741,,,,,,0,,,,,,0,,,,,,,,,11:13 PM
628,1,2,760,0021500391,MISS Snell  3PT Jump Shot,,0:28,7,4.0,0,0,203503,Tony Snell,CHI,Chicago,1610612741.0,Bulls,0,,,,,,0,,,,,,,,,11:13 PM
629,0,4,761,0021500391,BULLS Rebound,,0:28,7,2.0,0,0,1610612741,,,,,,0,,,,,,0,,,,,,,,,11:13 PM
630,3,6,762,0021500391,,,0:28,7,5.0,4,1,101141,Ersan Ilyasova,DET,Detroit,1610612765.0,Pistons,201959,Taj Gibson,CHI,Chicago,1610612741.0,Bulls,0,,,,,,,,Ilyasova L.B.FOUL (P5.T2) (J.Capers),11:14 PM
631,1,9,764,0021500391,BULLS Timeout: Regular (Full 8 Short 1),,0:28,7,2.0,0,0,1610612741,,,,,,0,,,,,,0,,,,,,,,,11:14 PM
632,0,8,766,0021500391,,,0:28,7,5.0,5,0,101141,Ersan Ilyasova,DET,Detroit,1610612765.0,Pistons,1626169,Stanley Johnson,DET,Detroit,1610612765.0,Pistons,0,,,,,,,,SUB: Johnson FOR Ilyasova,11:15 PM
633,0,8,767,0021500391,SUB: Mirotic FOR Snell,,0:28,7,4.0,4,0,203503,Tony Snell,CHI,Chicago,1610612741.0,Bulls,202703,Nikola Mirotic,CHI,Chicago,1610612741.0,Bulls,0,,,,,,,,,11:15 PM
634,0,8,768,0021500391,SUB: McDermott FOR Gibson,,0:28,7,4.0,4,0,201959,Taj Gibson,CHI,Chicago,1610612741.0,Bulls,203926,Doug McDermott,CHI,Chicago,1610612741.0,Bulls,0,,,,,,,,,11:15 PM
635,1,2,769,0021500391,MISS Gasol  3PT Jump Shot,,0:06,7,4.0,0,0,2200,Pau Gasol,CHI,Chicago,1610612741.0,Bulls,0,,,,,,0,,,,,,,,,11:15 PM
636,0,4,770,0021500391,,,0:04,7,5.0,0,0,202704,Reggie Jackson,DET,Detroit,1610612765.0,Pistons,0,,,,,,0,,,,,,,,Jackson REBOUND (Off:0 Def:4),11:16 PM
637,1,2,771,0021500391,,,0:00,7,5.0,0,0,202704,Reggie Jackson,DET,Detroit,1610612765.0,Pistons,0,,,,,,0,,,,,,,,MISS Jackson 21' Jump Shot,11:16 PM
638,0,4,773,0021500391,,,0:00,7,3.0,0,0,1610612765,,,,,,0,,,,,,0,,,,,,,,Pistons Rebound,11:16 PM
639,0,13,772,0021500391,,,0:00,7,0.0,0,0,0,,,,,,0,,,,,,0,,,,,,127 - 127,TIE,,11:16 PM
640,0,12,775,0021500391,,,5:00,8,0.0,0,0,0,,,,,,0,,,,,,0,,,,,,127 - 127,TIE,,11:18 PM
641,0,10,776,0021500391,Jump Ball Gasol vs. Drummond: Tip to Ilyasova,,5:00,8,4.0,5,5,2200,Pau Gasol,CHI,Chicago,1610612741.0,Bulls,203083,Andre Drummond,DET,Detroit,1610612765.0,Pistons,101141,Ersan Ilyasova,DET,Detroit,1610612765.0,Pistons,,,,11:18 PM
642,5,2,777,0021500391,,,4:44,8,5.0,0,0,101141,Ersan Ilyasova,DET,Detroit,1610612765.0,Pistons,0,,,,,,0,,,,,,,,MISS Ilyasova 2' Layup,11:19 PM
643,0,4,779,0021500391,,,4:43,8,5.0,0,0,203083,Andre Drummond,DET,Detroit,1610612765.0,Pistons,0,,,,,,0,,,,,,,,Drummond REBOUND (Off:10 Def:11),11:19 PM
644,87,1,778,0021500391,,,4:43,8,5.0,0,0,203083,Andre Drummond,DET,Detroit,1610612765.0,Pistons,0,,,,,,0,,,,,,129 - 127,-2,Drummond  Putback Dunk (33 PTS),11:19 PM
645,1,2,780,0021500391,MISS Gasol 7' Jump Shot,,4:18,8,4.0,0,0,2200,Pau Gasol,CHI,Chicago,1610612741.0,Bulls,0,,,,,,0,,,,,,,,,11:19 PM
646,0,4,781,0021500391,,,4:17,8,5.0,0,0,202694,Marcus Morris,DET,Detroit,1610612765.0,Pistons,0,,,,,,0,,,,,,,,Marc Morris REBOUND (Off:2 Def:5),11:19 PM
647,42,1,782,0021500391,,,4:07,8,5.0,0,0,202704,Reggie Jackson,DET,Detroit,1610612765.0,Pistons,0,,,,,,0,,,,,,131 - 127,-4,Jackson 3' Driving Layup (20 PTS),11:19 PM
648,1,2,783,0021500391,MISS Gasol 21' Jump Shot,,3:53,8,4.0,0,0,2200,Pau Gasol,CHI,Chicago,1610612741.0,Bulls,0,,,,,,0,,,,,,,,,11:20 PM
649,0,4,784,0021500391,,,3:52,8,5.0,0,0,202704,Reggie Jackson,DET,Detroit,1610612765.0,Pistons,0,,,,,,0,,,,,,,,Jackson REBOUND (Off:0 Def:5),11:20 PM
650,78,1,785,0021500391,,,3:37,8,5.0,0,0,202704,Reggie Jackson,DET,Detroit,1610612765.0,Pistons,0,,,,,,0,,,,,,133 - 127,-6,Jackson 10' Floating Jump Shot (22 PTS),11:20 PM
651,2,6,786,0021500391,Rose S.FOUL (P4.T1) (J.Capers),,3:37,8,4.0,5,1,201565,Derrick Rose,CHI,Chicago,1610612741.0,Bulls,202704,Reggie Jackson,DET,Detroit,1610612765.0,Pistons,0,,,,,,,,,11:20 PM
652,10,3,787,0021500391,,,3:37,8,5.0,0,0,202704,Reggie Jackson,DET,Detroit,1610612765.0,Pistons,0,,,,,,0,,,,,,134 - 127,-7,Jackson Free Throw 1 of 1 (23 PTS),11:20 PM
653,1,1,789,0021500391,Rose 7' Jump Shot (34 PTS),,3:24,8,4.0,0,0,201565,Derrick Rose,CHI,Chicago,1610612741.0,Bulls,0,,,,,,0,,,,,,134 - 129,-5,,11:21 PM
654,2,6,790,0021500391,Rose S.FOUL (P5.T2) (S.Anderson),,3:02,8,4.0,5,1,201565,Derrick Rose,CHI,Chicago,1610612741.0,Bulls,202704,Reggie Jackson,DET,Detroit,1610612765.0,Pistons,0,,,,,,,,,11:21 PM
655,13,3,791,0021500391,,,3:02,8,5.0,0,0,202704,Reggie Jackson,DET,Detroit,1610612765.0,Pistons,0,,,,,,0,,,,,,135 - 129,-6,Jackson Free Throw 1 of 3 (24 PTS),11:21 PM
656,14,3,793,0021500391,,,3:02,8,5.0,0,0,202704,Reggie Jackson,DET,Detroit,1610612765.0,Pistons,0,,,,,,0,,,,,,,,MISS Jackson Free Throw 2 of 3,11:22 PM
657,1,4,794,0021500391,,,3:02,8,3.0,0,0,1610612765,,,,,,0,,,,,,0,,,,,,,,Pistons Rebound,11:22 PM
658,15,3,795,0021500391,,,3:02,8,5.0,0,0,202704,Reggie Jackson,DET,Detroit,1610612765.0,Pistons,0,,,,,,0,,,,,,136 - 129,-7,Jackson Free Throw 3 of 3 (25 PTS),11:22 PM
659,5,1,797,0021500391,Butler 2' Layup (32 PTS),,2:46,8,4.0,0,0,202710,Jimmy Butler,CHI,Chicago,1610612741.0,Bulls,0,,,,,,0,,,,,,136 - 131,-5,,11:22 PM
660,1,5,798,0021500391,Rose STEAL (1 STL),,2:30,8,5.0,4,0,202704,Reggie Jackson,DET,Detroit,1610612765.0,Pistons,201565,Derrick Rose,CHI,Chicago,1610612741.0,Bulls,0,,,,,,,,Jackson Bad Pass Turnover (P2.T11),11:23 PM
661,41,1,799,0021500391,Butler 2' Running Layup (34 PTS) (Rose 7 AST),,2:26,8,4.0,4,0,202710,Jimmy Butler,CHI,Chicago,1610612741.0,Bulls,201565,Derrick Rose,CHI,Chicago,1610612741.0,Bulls,0,,,,,,136 - 133,-3,,11:23 PM
662,1,1,801,0021500391,,,2:07,8,5.0,0,0,202704,Reggie Jackson,DET,Detroit,1610612765.0,Pistons,0,,,,,,0,,,,,,138 - 133,-5,Jackson 10' Jump Shot (27 PTS),11:23 PM
663,1,1,802,0021500391,Butler 18' Jump Shot (36 PTS),,1:54,8,4.0,0,0,202710,Jimmy Butler,CHI,Chicago,1610612741.0,Bulls,0,,,,,,0,,,,,,138 - 135,-3,,11:23 PM
664,1,1,803,0021500391,,,1:38,8,5.0,5,0,203484,Kentavious Caldwell-Pope,DET,Detroit,1610612765.0,Pistons,202694,Marcus Morris,DET,Detroit,1610612765.0,Pistons,0,,,,,,141 - 135,-6,Caldwell-Pope 25' 3PT Jump Shot (17 PTS) (Marc Morris 2 AST),11:24 PM
665,1,9,805,0021500391,BULLS Timeout: Regular (Full 9 Short 1),,1:38,8,2.0,0,0,1610612741,,,,,,0,,,,,,0,,,,,,,,,11:24 PM
666,0,8,807,0021500391,SUB: Mirotic FOR Gibson,,1:38,8,4.0,4,0,201959,Taj Gibson,CHI,Chicago,1610612741.0,Bulls,202703,Nikola Mirotic,CHI,Chicago,1610612741.0,Bulls,0,,,,,,,,,11:25 PM
667,0,8,808,0021500391,,,1:38,8,5.0,5,0,101141,Ersan Ilyasova,DET,Detroit,1610612765.0,Pistons,1626169,Stanley Johnson,DET,Detroit,1610612765.0,Pistons,0,,,,,,,,SUB: Johnson FOR Ilyasova,11:25 PM
668,5,1,809,0021500391,Butler 2' Layup (38 PTS) (Gasol 5 AST),,1:34,8,4.0,4,0,202710,Jimmy Butler,CHI,Chicago,1610612741.0,Bulls,2200,Pau Gasol,CHI,Chicago,1610612741.0,Bulls,0,,,,,,141 - 137,-4,,11:26 PM
669,1,1,811,0021500391,,,1:18,8,5.0,5,0,202694,Marcus Morris,DET,Detroit,1610612765.0,Pistons,202704,Reggie Jackson,DET,Detroit,1610612765.0,Pistons,0,,,,,,143 - 137,-6,Marc Morris 15' Jump Shot (20 PTS) (Jackson 13 AST),11:26 PM
670,1,6,812,0021500391,,,1:10,8,5.0,4,1,202694,Marcus Morris,DET,Detroit,1610612765.0,Pistons,202710,Jimmy Butler,CHI,Chicago,1610612741.0,Bulls,0,,,,,,,,Marc Morris P.FOUL (P6.T1) (J.Capers),11:26 PM
671,0,8,813,0021500391,,,1:10,8,5.0,5,0,202694,Marcus Morris,DET,Detroit,1610612765.0,Pistons,101141,Ersan Ilyasova,DET,Detroit,1610612765.0,Pistons,0,,,,,,,,SUB: Ilyasova FOR Marc Morris,11:27 PM
672,2,6,814,0021500391,,,1:07,8,5.0,4,1,203083,Andre Drummond,DET,Detroit,1610612765.0,Pistons,202710,Jimmy Butler,CHI,Chicago,1610612741.0,Bulls,0,,,,,,,,Drummond S.FOUL (P6.PN) (G.Zielinski),11:27 PM
673,0,8,815,0021500391,SUB: Gibson FOR Mirotic,,1:07,8,4.0,4,0,202703,Nikola Mirotic,CHI,Chicago,1610612741.0,Bulls,201959,Taj Gibson,CHI,Chicago,1610612741.0,Bulls,0,,,,,,,,,11:27 PM
674,0,8,816,0021500391,,,1:07,8,5.0,5,0,203083,Andre Drummond,DET,Detroit,1610612765.0,Pistons,201202,Joel Anthony,DET,Detroit,1610612765.0,Pistons,0,,,,,,,,SUB: Anthony FOR Drummond,11:27 PM
675,11,3,817,0021500391,Butler Free Throw 1 of 2 (39 PTS),,1:07,8,4.0,0,0,202710,Jimmy Butler,CHI,Chicago,1610612741.0,Bulls,0,,,,,,0,,,,,,143 - 138,-5,,11:27 PM
676,12,3,819,0021500391,Butler Free Throw 2 of 2 (40 PTS),,1:07,8,4.0,0,0,202710,Jimmy Butler,CHI,Chicago,1610612741.0,Bulls,0,,,,,,0,,,,,,143 - 139,-4,,11:28 PM
677,42,1,822,0021500391,,,0:54,8,5.0,0,0,202704,Reggie Jackson,DET,Detroit,1610612765.0,Pistons,0,,,,,,0,,,,,,145 - 139,-6,Jackson 2' Driving Layup (29 PTS),11:28 PM
678,2,9,823,0021500391,BULLS Timeout: Short (Full 9 Short 2),,0:54,8,2.0,0,0,1610612741,,,,,,0,,,,,,0,,,,,,,,,11:28 PM
679,0,8,825,0021500391,SUB: Mirotic FOR Gibson,,0:54,8,4.0,4,0,201959,Taj Gibson,CHI,Chicago,1610612741.0,Bulls,202703,Nikola Mirotic,CHI,Chicago,1610612741.0,Bulls,0,,,,,,,,,11:29 PM
680,1,6,827,0021500391,,,0:52,8,5.0,4,1,1626169,Stanley Johnson,DET,Detroit,1610612765.0,Pistons,202703,Nikola Mirotic,CHI,Chicago,1610612741.0,Bulls,0,,,,,,,,Johnson P.FOUL (P6.PN) (G.Zielinski),11:29 PM
681,0,8,828,0021500391,,,0:52,8,5.0,5,0,1626169,Stanley Johnson,DET,Detroit,1610612765.0,Pistons,2581,Steve Blake,DET,Detroit,1610612765.0,Pistons,0,,,,,,,,SUB: Blake FOR Johnson,11:30 PM
682,11,3,829,0021500391,Mirotic Free Throw 1 of 2 (4 PTS),,0:52,8,4.0,0,0,202703,Nikola Mirotic,CHI,Chicago,1610612741.0,Bulls,0,,,,,,0,,,,,,145 - 140,-5,,11:30 PM
683,12,3,831,0021500391,Mirotic Free Throw 2 of 2 (5 PTS),,0:52,8,4.0,0,0,202703,Nikola Mirotic,CHI,Chicago,1610612741.0,Bulls,0,,,,,,0,,,,,,145 - 141,-4,,11:30 PM
684,1,2,833,0021500391,Butler BLOCK (2 BLK),,0:29,8,5.0,0,4,202704,Reggie Jackson,DET,Detroit,1610612765.0,Pistons,0,,,,,,202710,Jimmy Butler,CHI,Chicago,1610612741.0,Bulls,,,MISS Jackson 6' Jump Shot,11:31 PM
685,0,4,834,0021500391,,,0:27,8,5.0,0,0,202704,Reggie Jackson,DET,Detroit,1610612765.0,Pistons,0,,,,,,0,,,,,,,,Jackson REBOUND (Off:1 Def:5),11:31 PM
686,1,2,835,0021500391,Gasol BLOCK (5 BLK),,0:25,8,5.0,0,4,202704,Reggie Jackson,DET,Detroit,1610612765.0,Pistons,0,,,,,,2200,Pau Gasol,CHI,Chicago,1610612741.0,Bulls,,,MISS Jackson 4' Jump Shot,11:31 PM
687,0,4,836,0021500391,Butler REBOUND (Off:1 Def:7),,0:23,8,4.0,0,0,202710,Jimmy Butler,CHI,Chicago,1610612741.0,Bulls,0,,,,,,0,,,,,,,,,11:31 PM
688,1,2,837,0021500391,MISS Butler 26' 3PT Jump Shot,,0:19,8,4.0,0,0,202710,Jimmy Butler,CHI,Chicago,1610612741.0,Bulls,0,,,,,,0,,,,,,,,,11:31 PM
689,0,4,838,0021500391,,,0:17,8,5.0,0,0,101141,Ersan Ilyasova,DET,Detroit,1610612765.0,Pistons,0,,,,,,0,,,,,,,,Ilyasova REBOUND (Off:3 Def:6),11:31 PM
690,28,6,839,0021500391,Gasol Personal Take Foul (P5.T3) (S.Anderson),,0:17,8,4.0,5,1,2200,Pau Gasol,CHI,Chicago,1610612741.0,Bulls,202704,Reggie Jackson,DET,Detroit,1610612765.0,Pistons,0,,,,,,,,,11:31 PM
691,28,6,841,0021500391,Snell Personal Take Foul (P5.PN) (J.Capers),,0:15,8,4.0,5,1,203503,Tony Snell,CHI,Chicago,1610612741.0,Bulls,203484,Kentavious Caldwell-Pope,DET,Detroit,1610612765.0,Pistons,0,,,,,,,,,11:32 PM
692,11,3,842,0021500391,,,0:15,8,5.0,0,0,203484,Kentavious Caldwell-Pope,DET,Detroit,1610612765.0,Pistons,0,,,,,,0,,,,,,,,MISS Caldwell-Pope Free Throw 1 of 2,11:32 PM
693,1,4,843,0021500391,,,0:15,8,3.0,0,0,1610612765,,,,,,0,,,,,,0,,,,,,,,Pistons Rebound,11:32 PM
694,0,8,845,0021500391,,,0:15,8,5.0,5,0,201202,Joel Anthony,DET,Detroit,1610612765.0,Pistons,201229,Anthony Tolliver,DET,Detroit,1610612765.0,Pistons,0,,,,,,,,SUB: Tolliver FOR Anthony,11:32 PM
695,12,3,846,0021500391,,,0:15,8,5.0,0,0,203484,Kentavious Caldwell-Pope,DET,Detroit,1610612765.0,Pistons,0,,,,,,0,,,,,,,,MISS Caldwell-Pope Free Throw 2 of 2,11:33 PM
696,0,4,848,0021500391,Mirotic REBOUND (Off:0 Def:5),,0:13,8,4.0,0,0,202703,Nikola Mirotic,CHI,Chicago,1610612741.0,Bulls,0,,,,,,0,,,,,,,,,11:33 PM
697,1,1,849,0021500391,Butler 24' 3PT Jump Shot (43 PTS) (Rose 8 AST),,0:04,8,4.0,4,0,202710,Jimmy Butler,CHI,Chicago,1610612741.0,Bulls,201565,Derrick Rose,CHI,Chicago,1610612741.0,Bulls,0,,,,,,145 - 144,-1,,11:33 PM
698,28,6,850,0021500391,Mirotic Personal Take Foul (P3.PN) (S.Anderson),,0:04,8,4.0,5,1,202703,Nikola Mirotic,CHI,Chicago,1610612741.0,Bulls,202704,Reggie Jackson,DET,Detroit,1610612765.0,Pistons,0,,,,,,,,,11:33 PM
699,11,3,851,0021500391,,,0:04,8,5.0,0,0,202704,Reggie Jackson,DET,Detroit,1610612765.0,Pistons,0,,,,,,0,,,,,,146 - 144,-2,Jackson Free Throw 1 of 2 (30 PTS),11:33 PM
700,0,8,853,0021500391,SUB: Noah FOR Mirotic,,0:04,8,4.0,4,0,202703,Nikola Mirotic,CHI,Chicago,1610612741.0,Bulls,201149,Joakim Noah,CHI,Chicago,1610612741.0,Bulls,0,,,,,,,,,11:34 PM
701,12,3,854,0021500391,,,0:04,8,5.0,0,0,202704,Reggie Jackson,DET,Detroit,1610612765.0,Pistons,0,,,,,,0,,,,,,147 - 144,-3,Jackson Free Throw 2 of 2 (31 PTS),11:34 PM
702,2,9,857,0021500391,BULLS Timeout: Short (Full 9 Short 3),,0:04,8,2.0,0,0,1610612741,,,,,,0,,,,,,0,,,,,,,,,11:34 PM
703,0,8,858,0021500391,SUB: Mirotic FOR Noah,,0:04,8,4.0,4,0,201149,Joakim Noah,CHI,Chicago,1610612741.0,Bulls,202703,Nikola Mirotic,CHI,Chicago,1610612741.0,Bulls,0,,,,,,,,,11:35 PM
704,1,2,860,0021500391,MISS Butler 26' 3PT Jump Shot,,0:01,8,4.0,0,0,202710,Jimmy Butler,CHI,Chicago,1610612741.0,Bulls,0,,,,,,0,,,,,,,,,11:35 PM
705,0,4,861,0021500391,,,0:00,8,5.0,0,0,2581,Steve Blake,DET,Detroit,1610612765.0,Pistons,0,,,,,,0,,,,,,,,Blake REBOUND (Off:1 Def:2),11:36 PM
706,0,13,862,0021500391,,,0:00,8,0.0,0,0,0,,,,,,0,,,,,,0,,,,,,147 - 144,-3,,11:36 PM
