,EVENTMSGACTIONTYPE,EVENTMSGTYPE,EVENTNUM,GAME_ID,HOMEDESCRIPTION,NEUTRALDESCRIPTION,PCTIMESTRING,PERIOD,PERSON1TYPE,PERSON2TYPE,PERSON3TYPE,PLAYER1_ID,PLAYER1_NAME,PLAYER1_TEAM_ABBREVIATION,PLAYER1_TEAM_CITY,PLAYER1_TEAM_ID,PLAYER1_TEAM_NICKNAME,PLAYER2_ID,PLAYER2_NAME,PLAYER2_TEAM_ABBREVIATION,PLAYER2_TEAM_CITY,PLAYER2_TEAM_ID,PLAYER2_TEAM_NICKNAME,PLAYER3_ID,PLAYER3_NAME,PLAYER3_TEAM_ABBREVIATION,PLAYER3_TEAM_CITY,PLAYER3_TEAM_ID,PLAYER3_TEAM_NICKNAME,SCORE,SCOREMARGIN,VISITORDESCRIPTION,WCTIMESTRING
0,0,12,0,0021500614,,,12:00,1,0,0,0,0,,,,,,0,,,,,,0,,,,,,,,,9:41 PM
1,0,10,1,0021500614,Jump Ball Hibbert vs. Howard: Tip to Capela,,12:00,1,4,5,5,201579,Roy Hibbert,LAL,Los Angeles,1610612747.0,Lakers,2730,Dwight Howard,HOU,Houston,1610612745.0,Rockets,203991,Clint Capela,HOU,Houston,1610612745.0,Rockets,,,,9:41 PM
2,1,1,2,0021500614,,,11:42,1,5,5,0,2772,Trevor Ariza,HOU,Houston,1610612745.0,Rockets,201935,James Harden,HOU,Houston,1610612745.0,Rockets,0,,,,,,3 - 0,-3,Ariza 24' 3PT Jump Shot (3 PTS) (Harden 1 AST),9:42 PM
3,3,1,3,0021500614,Hibbert 5' Hook Shot (2 PTS) (Bryant 1 AST),,11:21,1,4,4,0,201579,Roy Hibbert,LAL,Los Angeles,1610612747.0,Lakers,977,Kobe Bryant,LAL,Los Angeles,1610612747.0,Lakers,0,,,,,,3 - 2,-1,,9:42 PM
4,42,1,4,0021500614,,,11:07,1,5,0,0,201935,James Harden,HOU,Houston,1610612745.0,Rockets,0,,,,,,0,,,,,,5 - 2,-3,Harden 2' Driving Layup (2 PTS),9:42 PM
5,1,5,5,0021500614,Randle Bad Pass Turnover (P1.T1),,10:54,1,4,5,0,203944,Julius Randle,LAL,Los Angeles,1610612747.0,Lakers,2772,Trevor Ariza,HOU,Houston,1610612745.0,Rockets,0,,,,,,,,Ariza STEAL (1 STL),9:43 PM
6,80,2,6,0021500614,,,10:44,1,5,0,0,201935,James Harden,HOU,Houston,1610612745.0,Rockets,0,,,,,,0,,,,,,,,MISS Harden 13' Step Back Jump Shot,9:43 PM
7,0,4,7,0021500614,Randle REBOUND (Off:0 Def:1),,10:41,1,4,0,0,203944,Julius Randle,LAL,Los Angeles,1610612747.0,Lakers,0,,,,,,0,,,,,,,,,9:43 PM
8,42,2,8,0021500614,MISS Clarkson 1' Driving Layup,,10:32,1,4,0,0,203903,Jordan Clarkson,LAL,Los Angeles,1610612747.0,Lakers,0,,,,,,0,,,,,,,,,9:43 PM
9,0,4,9,0021500614,,,10:32,1,5,0,0,203991,Clint Capela,HOU,Houston,1610612745.0,Rockets,0,,,,,,0,,,,,,,,Capela REBOUND (Off:0 Def:1),9:43 PM
10,99,1,10,0021500614,,,10:18,1,5,5,0,2730,Dwight Howard,HOU,Houston,1610612745.0,Rockets,1891,Jason Terry,HOU,Houston,1610612745.0,Rockets,0,,,,,,7 - 2,-5,Howard 3' Cutting Finger Roll Layup Shot (2 PTS) (Terry 1 AST),9:43 PM
11,2,6,11,0021500614,,,10:06,1,5,4,1,203991,Clint Capela,HOU,Houston,1610612745.0,Rockets,201579,Roy Hibbert,LAL,Los Angeles,1610612747.0,Lakers,0,,,,,,,,Capela S.FOUL (P1.T1) (S.Wall),9:43 PM
12,11,3,12,0021500614,Hibbert Free Throw 1 of 2 (3 PTS),,10:06,1,4,0,0,201579,Roy Hibbert,LAL,Los Angeles,1610612747.0,Lakers,0,,,,,,0,,,,,,7 - 3,-4,,9:44 PM
13,12,3,14,0021500614,Hibbert Free Throw 2 of 2 (4 PTS),,10:06,1,4,0,0,201579,Roy Hibbert,LAL,Los Angeles,1610612747.0,Lakers,0,,,,,,0,,,,,,7 - 4,-3,,9:44 PM
14,80,1,16,0021500614,,,9:45,1,5,0,0,201935,James Harden,HOU,Houston,1610612745.0,Rockets,0,,,,,,0,,,,,,9 - 4,-5,Harden 15' Step Back Jump Shot (4 PTS),9:45 PM
15,101,1,17,0021500614,Clarkson 9' Driving Floating Jump Shot (2 PTS),,9:29,1,4,0,0,203903,Jordan Clarkson,LAL,Los Angeles,1610612747.0,Lakers,0,,,,,,0,,,,,,9 - 6,-3,,9:45 PM
16,5,2,18,0021500614,Hibbert BLOCK (1 BLK),,9:18,1,5,0,4,203991,Clint Capela,HOU,Houston,1610612745.0,Rockets,0,,,,,,201579,Roy Hibbert,LAL,Los Angeles,1610612747.0,Lakers,,,MISS Capela 3' Layup,9:45 PM
17,0,4,19,0021500614,,,9:15,1,5,0,0,203991,Clint Capela,HOU,Houston,1610612745.0,Rockets,0,,,,,,0,,,,,,,,Capela REBOUND (Off:1 Def:1),9:45 PM
18,1,2,20,0021500614,,,9:06,1,5,0,0,1891,Jason Terry,HOU,Houston,1610612745.0,Rockets,0,,,,,,0,,,,,,,,MISS Terry 25' 3PT Jump Shot,9:45 PM
19,0,4,21,0021500614,Clarkson REBOUND (Off:0 Def:1),,9:05,1,4,0,0,203903,Jordan Clarkson,LAL,Los Angeles,1610612747.0,Lakers,0,,,,,,0,,,,,,,,,9:45 PM
20,2,6,22,0021500614,,,8:57,1,5,4,1,1891,Jason Terry,HOU,Houston,1610612745.0,Rockets,101150,Lou Williams,LAL,Los Angeles,1610612747.0,Lakers,0,,,,,,,,Terry S.FOUL (P1.T2) (E.Malloy),9:46 PM
21,11,3,23,0021500614,Williams Free Throw 1 of 2 (1 PTS),,8:57,1,4,0,0,101150,Lou Williams,LAL,Los Angeles,1610612747.0,Lakers,0,,,,,,0,,,,,,9 - 7,-2,,9:46 PM
22,12,3,25,0021500614,Williams Free Throw 2 of 2 (2 PTS),,8:57,1,4,0,0,101150,Lou Williams,LAL,Los Angeles,1610612747.0,Lakers,0,,,,,,0,,,,,,9 - 8,-1,,9:46 PM
23,42,1,27,0021500614,,,8:42,1,5,5,0,2730,Dwight Howard,HOU,Houston,1610612745.0,Rockets,201935,James Harden,HOU,Houston,1610612745.0,Rockets,0,,,,,,11 - 8,-3,Howard 1' Driving Layup (4 PTS) (Harden 2 AST),9:46 PM
24,2,6,28,0021500614,Hibbert S.FOUL (P1.T1) (S.Wall),,8:42,1,4,5,1,201579,Roy Hibbert,LAL,Los Angeles,1610612747.0,Lakers,2730,Dwight Howard,HOU,Houston,1610612745.0,Rockets,0,,,,,,,,,9:46 PM
25,10,3,29,0021500614,,,8:42,1,5,0,0,2730,Dwight Howard,HOU,Houston,1610612745.0,Rockets,0,,,,,,0,,,,,,12 - 8,-4,Howard Free Throw 1 of 1 (5 PTS),9:47 PM
26,1,1,30,0021500614,Williams 28' 3PT Jump Shot (5 PTS) (Clarkson 1 AST),,8:31,1,4,4,0,101150,Lou Williams,LAL,Los Angeles,1610612747.0,Lakers,203903,Jordan Clarkson,LAL,Los Angeles,1610612747.0,Lakers,0,,,,,,12 - 11,-1,,9:47 PM
27,1,2,31,0021500614,,,8:13,1,5,0,0,201935,James Harden,HOU,Houston,1610612745.0,Rockets,0,,,,,,0,,,,,,,,MISS Harden 27' 3PT Jump Shot,9:47 PM
28,0,4,33,0021500614,,,8:12,1,5,0,0,203991,Clint Capela,HOU,Houston,1610612745.0,Rockets,0,,,,,,0,,,,,,,,Capela REBOUND (Off:2 Def:1),9:47 PM
29,107,1,32,0021500614,,,8:12,1,5,0,0,203991,Clint Capela,HOU,Houston,1610612745.0,Rockets,0,,,,,,0,,,,,,14 - 11,-3,Capela  Tip Dunk Shot (2 PTS),9:47 PM
30,80,2,34,0021500614,MISS Randle 10' Step Back Jump Shot,,7:54,1,4,0,0,203944,Julius Randle,LAL,Los Angeles,1610612747.0,Lakers,0,,,,,,0,,,,,,,,,9:48 PM
31,0,4,35,0021500614,,,7:52,1,5,0,0,2730,Dwight Howard,HOU,Houston,1610612745.0,Rockets,0,,,,,,0,,,,,,,,Howard REBOUND (Off:0 Def:1),9:48 PM
32,3,2,36,0021500614,,,7:45,1,5,0,0,203991,Clint Capela,HOU,Houston,1610612745.0,Rockets,0,,,,,,0,,,,,,,,MISS Capela 8' Hook Shot,9:48 PM
33,0,4,37,0021500614,Bryant REBOUND (Off:0 Def:1),,7:40,1,4,0,0,977,Kobe Bryant,LAL,Los Angeles,1610612747.0,Lakers,0,,,,,,0,,,,,,,,,9:48 PM
34,1,5,38,0021500614,Bryant Bad Pass Turnover (P1.T2),,7:39,1,4,5,0,977,Kobe Bryant,LAL,Los Angeles,1610612747.0,Lakers,2772,Trevor Ariza,HOU,Houston,1610612745.0,Rockets,0,,,,,,,,Ariza STEAL (2 STL),9:48 PM
35,50,1,39,0021500614,,,7:34,1,5,0,0,2772,Trevor Ariza,HOU,Houston,1610612745.0,Rockets,0,,,,,,0,,,,,,16 - 11,-5,Ariza  Running Dunk (5 PTS),9:48 PM
36,1,6,40,0021500614,,,7:23,1,5,4,1,2730,Dwight Howard,HOU,Houston,1610612745.0,Rockets,977,Kobe Bryant,LAL,Los Angeles,1610612747.0,Lakers,0,,,,,,,,Howard P.FOUL (P1.T3) (H.Workman),9:48 PM
37,0,8,41,0021500614,,,7:23,1,5,5,0,203991,Clint Capela,HOU,Houston,1610612745.0,Rockets,203093,Terrence Jones,HOU,Houston,1610612745.0,Rockets,0,,,,,,,,SUB: Jones FOR Capela,9:48 PM
38,63,1,42,0021500614,Clarkson 15' Fadeaway Jumper (4 PTS) (Bryant 2 AST),,7:15,1,4,4,0,203903,Jordan Clarkson,LAL,Los Angeles,1610612747.0,Lakers,977,Kobe Bryant,LAL,Los Angeles,1610612747.0,Lakers,0,,,,,,16 - 13,-3,,9:49 PM
39,101,1,43,0021500614,,,7:02,1,5,0,0,201935,James Harden,HOU,Houston,1610612745.0,Rockets,0,,,,,,0,,,,,,18 - 13,-5,Harden 5' Driving Floating Jump Shot (6 PTS),9:49 PM
40,78,1,44,0021500614,Clarkson 4' Floating Jump Shot (6 PTS) (Bryant 3 AST),,6:48,1,4,4,0,203903,Jordan Clarkson,LAL,Los Angeles,1610612747.0,Lakers,977,Kobe Bryant,LAL,Los Angeles,1610612747.0,Lakers,0,,,,,,18 - 15,-3,,9:49 PM
41,1,9,45,0021500614,,,6:43,1,3,0,0,1610612745,,,,,,0,,,,,,0,,,,,,,,Rockets Timeout: Regular (Reg.1 Short 0),9:49 PM
42,3,2,49,0021500614,,,6:24,1,5,0,0,2730,Dwight Howard,HOU,Houston,1610612745.0,Rockets,0,,,,,,0,,,,,,,,MISS Howard 7' Hook Shot,9:51 PM
43,0,4,50,0021500614,Randle REBOUND (Off:0 Def:2),,6:22,1,4,0,0,203944,Julius Randle,LAL,Los Angeles,1610612747.0,Lakers,0,,,,,,0,,,,,,,,,9:51 PM
44,44,1,51,0021500614,Williams 2' Reverse Layup (7 PTS) (Bryant 4 AST),,6:09,1,4,4,0,101150,Lou Williams,LAL,Los Angeles,1610612747.0,Lakers,977,Kobe Bryant,LAL,Los Angeles,1610612747.0,Lakers,0,,,,,,18 - 17,-1,,9:52 PM
45,67,2,52,0021500614,,,5:53,1,5,0,0,2730,Dwight Howard,HOU,Houston,1610612745.0,Rockets,0,,,,,,0,,,,,,,,MISS Howard 7' Hook Bank Shot,9:52 PM
46,0,4,53,0021500614,Bryant REBOUND (Off:0 Def:2),,5:50,1,4,0,0,977,Kobe Bryant,LAL,Los Angeles,1610612747.0,Lakers,0,,,,,,0,,,,,,,,,9:52 PM
47,5,1,54,0021500614,Randle 1' Layup (2 PTS),,5:40,1,4,0,0,203944,Julius Randle,LAL,Los Angeles,1610612747.0,Lakers,0,,,,,,0,,,,,,18 - 19,1,,9:52 PM
48,2,6,55,0021500614,,,5:40,1,5,4,1,203093,Terrence Jones,HOU,Houston,1610612745.0,Rockets,203944,Julius Randle,LAL,Los Angeles,1610612747.0,Lakers,0,,,,,,,,Jones S.FOUL (P1.T4) (S.Wall),9:52 PM
49,0,8,56,0021500614,,,5:40,1,5,5,0,1891,Jason Terry,HOU,Houston,1610612745.0,Rockets,201951,Ty Lawson,HOU,Houston,1610612745.0,Rockets,0,,,,,,,,SUB: Lawson FOR Terry,9:53 PM
50,0,8,57,0021500614,SUB: Russell FOR Williams,,5:40,1,4,4,0,101150,Lou Williams,LAL,Los Angeles,1610612747.0,Lakers,1626156,D'Angelo Russell,LAL,Los Angeles,1610612747.0,Lakers,0,,,,,,,,,9:53 PM
51,10,3,58,0021500614,MISS Randle Free Throw 1 of 1,,5:40,1,4,0,0,203944,Julius Randle,LAL,Los Angeles,1610612747.0,Lakers,0,,,,,,0,,,,,,,,,9:53 PM
52,0,4,59,0021500614,,,5:40,1,5,0,0,2730,Dwight Howard,HOU,Houston,1610612745.0,Rockets,0,,,,,,0,,,,,,,,Howard REBOUND (Off:0 Def:2),9:53 PM
53,7,2,60,0021500614,Hibbert BLOCK (2 BLK),,5:25,1,5,0,4,203093,Terrence Jones,HOU,Houston,1610612745.0,Rockets,0,,,,,,201579,Roy Hibbert,LAL,Los Angeles,1610612747.0,Lakers,,,MISS Jones  Dunk,9:53 PM
54,0,4,61,0021500614,Randle REBOUND (Off:0 Def:3),,5:22,1,4,0,0,203944,Julius Randle,LAL,Los Angeles,1610612747.0,Lakers,0,,,,,,0,,,,,,,,,9:53 PM
55,79,1,62,0021500614,Bryant 18' Pullup Jump Shot (2 PTS) (Randle 1 AST),,5:18,1,4,4,0,977,Kobe Bryant,LAL,Los Angeles,1610612747.0,Lakers,203944,Julius Randle,LAL,Los Angeles,1610612747.0,Lakers,0,,,,,,18 - 21,3,,9:53 PM
56,1,1,63,0021500614,,,5:01,1,5,0,0,201935,James Harden,HOU,Houston,1610612745.0,Rockets,0,,,,,,0,,,,,,20 - 21,1,Harden 5' Jump Shot (8 PTS),9:53 PM
57,7,1,64,0021500614,Randle  Dunk (4 PTS) (Bryant 5 AST),,4:45,1,4,4,0,203944,Julius Randle,LAL,Los Angeles,1610612747.0,Lakers,977,Kobe Bryant,LAL,Los Angeles,1610612747.0,Lakers,0,,,,,,20 - 23,3,,9:54 PM
58,42,1,65,0021500614,,,4:32,1,5,0,0,201935,James Harden,HOU,Houston,1610612745.0,Rockets,0,,,,,,0,,,,,,22 - 23,1,Harden 2' Driving Layup (10 PTS),9:54 PM
59,2,5,66,0021500614,Bryant Lost Ball Turnover (P2.T3),,4:13,1,4,5,0,977,Kobe Bryant,LAL,Los Angeles,1610612747.0,Lakers,2730,Dwight Howard,HOU,Houston,1610612745.0,Rockets,0,,,,,,,,Howard STEAL (1 STL),9:54 PM
60,48,1,67,0021500614,,,4:07,1,5,5,0,2730,Dwight Howard,HOU,Houston,1610612745.0,Rockets,2772,Trevor Ariza,HOU,Houston,1610612745.0,Rockets,0,,,,,,24 - 23,-1,Howard  Dunk (7 PTS) (Ariza 1 AST),9:54 PM
61,1,9,68,0021500614,LAKERS Timeout: Regular (Full 1 Short 0),,3:59,1,2,0,0,1610612747,,,,,,0,,,,,,0,,,,,,,,,9:55 PM
62,0,8,70,0021500614,,,3:59,1,5,5,0,2730,Dwight Howard,HOU,Houston,1610612745.0,Rockets,203991,Clint Capela,HOU,Houston,1610612745.0,Rockets,0,,,,,,,,SUB: Capela FOR Howard,9:57 PM
63,1,6,71,0021500614,,,3:47,1,5,4,1,203093,Terrence Jones,HOU,Houston,1610612745.0,Rockets,203944,Julius Randle,LAL,Los Angeles,1610612747.0,Lakers,0,,,,,,,,Jones P.FOUL (P2.PN) (S.Wall),9:57 PM
64,11,3,72,0021500614,Randle Free Throw 1 of 2 (5 PTS),,3:47,1,4,0,0,203944,Julius Randle,LAL,Los Angeles,1610612747.0,Lakers,0,,,,,,0,,,,,,24 - 24,TIE,,9:57 PM
65,12,3,74,0021500614,Randle Free Throw 2 of 2 (6 PTS),,3:47,1,4,0,0,203944,Julius Randle,LAL,Los Angeles,1610612747.0,Lakers,0,,,,,,0,,,,,,24 - 25,1,,9:58 PM
66,78,1,76,0021500614,,,3:36,1,5,5,0,203093,Terrence Jones,HOU,Houston,1610612745.0,Rockets,201951,Ty Lawson,HOU,Houston,1610612745.0,Rockets,0,,,,,,26 - 25,-1,Jones 4' Floating Jump Shot (2 PTS) (Lawson 1 AST),9:58 PM
67,1,1,77,0021500614,Hibbert 18' Jump Shot (6 PTS) (Bryant 6 AST),,3:16,1,4,4,0,201579,Roy Hibbert,LAL,Los Angeles,1610612747.0,Lakers,977,Kobe Bryant,LAL,Los Angeles,1610612747.0,Lakers,0,,,,,,26 - 27,1,,9:58 PM
68,1,2,78,0021500614,,,2:54,1,5,0,0,201935,James Harden,HOU,Houston,1610612745.0,Rockets,0,,,,,,0,,,,,,,,MISS Harden 26' 3PT Jump Shot,9:59 PM
69,0,4,79,0021500614,Randle REBOUND (Off:0 Def:4),,2:53,1,4,0,0,203944,Julius Randle,LAL,Los Angeles,1610612747.0,Lakers,0,,,,,,0,,,,,,,,,9:59 PM
70,46,2,80,0021500614,MISS Russell 25' 3PT Running Jump Shot,,2:47,1,4,0,0,1626156,D'Angelo Russell,LAL,Los Angeles,1610612747.0,Lakers,0,,,,,,0,,,,,,,,,9:59 PM
71,0,4,81,0021500614,,,2:42,1,5,0,0,2772,Trevor Ariza,HOU,Houston,1610612745.0,Rockets,0,,,,,,0,,,,,,,,Ariza REBOUND (Off:0 Def:1),9:59 PM
72,42,1,82,0021500614,,,2:26,1,5,0,0,201935,James Harden,HOU,Houston,1610612745.0,Rockets,0,,,,,,0,,,,,,28 - 27,-1,Harden 2' Driving Layup (12 PTS),9:59 PM
73,1,2,83,0021500614,MISS Clarkson 17' Jump Shot,,2:00,1,4,0,0,203903,Jordan Clarkson,LAL,Los Angeles,1610612747.0,Lakers,0,,,,,,0,,,,,,,,,10:00 PM
74,0,4,84,0021500614,Hibbert REBOUND (Off:1 Def:0),,1:59,1,4,0,0,201579,Roy Hibbert,LAL,Los Angeles,1610612747.0,Lakers,0,,,,,,0,,,,,,,,,10:00 PM
75,98,1,85,0021500614,Russell  Cutting Layup Shot (2 PTS) (Hibbert 1 AST),,1:56,1,4,4,0,1626156,D'Angelo Russell,LAL,Los Angeles,1610612747.0,Lakers,201579,Roy Hibbert,LAL,Los Angeles,1610612747.0,Lakers,0,,,,,,28 - 29,1,,10:00 PM
76,1,5,86,0021500614,Bryant STEAL (1 STL),,1:42,1,5,4,0,201935,James Harden,HOU,Houston,1610612745.0,Rockets,977,Kobe Bryant,LAL,Los Angeles,1610612747.0,Lakers,0,,,,,,,,Harden Bad Pass Turnover (P1.T1),10:00 PM
77,50,1,87,0021500614,Randle  Running Dunk (8 PTS) (Bryant 7 AST),,1:35,1,4,4,0,203944,Julius Randle,LAL,Los Angeles,1610612747.0,Lakers,977,Kobe Bryant,LAL,Los Angeles,1610612747.0,Lakers,0,,,,,,28 - 31,3,,10:00 PM
78,2,9,88,0021500614,,,1:35,1,3,0,0,1610612745,,,,,,0,,,,,,0,,,,,,,,Rockets Timeout: Short (Reg.1 Short 1),10:00 PM
79,0,8,90,0021500614,,,1:35,1,5,5,0,2772,Trevor Ariza,HOU,Houston,1610612745.0,Rockets,201147,Corey Brewer,HOU,Houston,1610612745.0,Rockets,0,,,,,,,,SUB: Brewer FOR Ariza,10:01 PM
80,0,8,91,0021500614,,,1:35,1,5,5,0,201935,James Harden,HOU,Houston,1610612745.0,Rockets,201977,Marcus Thornton,HOU,Houston,1610612745.0,Rockets,0,,,,,,,,SUB: Thornton FOR Harden,10:01 PM
81,0,8,92,0021500614,SUB: Bass FOR Hibbert,,1:35,1,4,4,0,201579,Roy Hibbert,LAL,Los Angeles,1610612747.0,Lakers,101138,Brandon Bass,LAL,Los Angeles,1610612747.0,Lakers,0,,,,,,,,,10:01 PM
82,27,6,93,0021500614,Randle Personal Block Foul (P1.T2) (H.Workman),,1:22,1,4,5,1,203944,Julius Randle,LAL,Los Angeles,1610612747.0,Lakers,203093,Terrence Jones,HOU,Houston,1610612745.0,Rockets,0,,,,,,,,,10:02 PM
83,3,2,94,0021500614,Randle BLOCK (1 BLK),,1:10,1,5,0,4,203093,Terrence Jones,HOU,Houston,1610612745.0,Rockets,0,,,,,,203944,Julius Randle,LAL,Los Angeles,1610612747.0,Lakers,,,MISS Jones 4' Hook Shot,10:02 PM
84,0,4,95,0021500614,Randle REBOUND (Off:0 Def:5),,1:08,1,4,0,0,203944,Julius Randle,LAL,Los Angeles,1610612747.0,Lakers,0,,,,,,0,,,,,,,,,10:02 PM
85,1,1,96,0021500614,Bryant 28' 3PT Jump Shot (5 PTS),,0:56,1,4,0,0,977,Kobe Bryant,LAL,Los Angeles,1610612747.0,Lakers,0,,,,,,0,,,,,,28 - 34,6,,10:02 PM
86,102,1,97,0021500614,,,0:47,1,5,5,0,201147,Corey Brewer,HOU,Houston,1610612745.0,Rockets,203093,Terrence Jones,HOU,Houston,1610612745.0,Rockets,0,,,,,,30 - 34,4,Brewer 5' Driving Floating Bank Jump Shot (2 PTS) (Jones 1 AST),10:03 PM
87,108,1,98,0021500614,Bass  Cutting Dunk Shot (2 PTS) (Russell 1 AST),,0:38,1,4,4,0,101138,Brandon Bass,LAL,Los Angeles,1610612747.0,Lakers,1626156,D'Angelo Russell,LAL,Los Angeles,1610612747.0,Lakers,0,,,,,,30 - 36,6,,10:03 PM
88,52,1,99,0021500614,,,0:31,1,5,5,0,203991,Clint Capela,HOU,Houston,1610612745.0,Rockets,201951,Ty Lawson,HOU,Houston,1610612745.0,Rockets,0,,,,,,32 - 36,4,Capela 1' Alley Oop Dunk (4 PTS) (Lawson 2 AST),10:03 PM
89,1,2,100,0021500614,MISS Bryant 19' Jump Shot,,0:05,1,4,0,0,977,Kobe Bryant,LAL,Los Angeles,1610612747.0,Lakers,0,,,,,,0,,,,,,,,,10:03 PM
90,0,4,101,0021500614,,,0:04,1,5,0,0,201147,Corey Brewer,HOU,Houston,1610612745.0,Rockets,0,,,,,,0,,,,,,,,Brewer REBOUND (Off:0 Def:1),10:03 PM
91,1,2,102,0021500614,,,0:02,1,5,0,0,201951,Ty Lawson,HOU,Houston,1610612745.0,Rockets,0,,,,,,0,,,,,,,,MISS Lawson 28' 3PT Jump Shot,10:04 PM
92,0,4,103,0021500614,,,0:00,1,3,0,0,1610612745,,,,,,0,,,,,,0,,,,,,,,Rockets Rebound,10:04 PM
93,0,13,104,0021500614,,,0:00,1,0,0,0,0,,,,,,0,,,,,,0,,,,,,32 - 36,4,,10:04 PM
94,0,12,106,0021500614,,,12:00,2,0,0,0,0,,,,,,0,,,,,,0,,,,,,32 - 36,4,,10:06 PM
95,1,2,107,0021500614,MISS Kelly 12' Jump Shot,,11:41,2,4,0,5,203527,Ryan Kelly,LAL,Los Angeles,1610612747.0,Lakers,0,,,,,,2730,Dwight Howard,HOU,Houston,1610612745.0,Rockets,,,Howard BLOCK (1 BLK),10:07 PM
96,0,4,108,0021500614,Kelly REBOUND (Off:1 Def:0),,11:40,2,4,0,0,203527,Ryan Kelly,LAL,Los Angeles,1610612747.0,Lakers,0,,,,,,0,,,,,,,,,10:07 PM
97,1,2,109,0021500614,MISS Kelly 6' Jump Shot,,11:35,2,4,0,0,203527,Ryan Kelly,LAL,Los Angeles,1610612747.0,Lakers,0,,,,,,0,,,,,,,,,10:07 PM
98,0,4,110,0021500614,,,11:34,2,5,0,0,201147,Corey Brewer,HOU,Houston,1610612745.0,Rockets,0,,,,,,0,,,,,,,,Brewer REBOUND (Off:0 Def:2),10:07 PM
99,52,1,111,0021500614,,,11:22,2,5,5,0,2730,Dwight Howard,HOU,Houston,1610612745.0,Rockets,1626149,Montrezl Harrell,HOU,Houston,1610612745.0,Rockets,0,,,,,,34 - 36,2,Howard  Alley Oop Dunk (9 PTS) (Harrell 1 AST),10:07 PM
100,1,6,112,0021500614,,,11:04,2,5,4,1,1626149,Montrezl Harrell,HOU,Houston,1610612745.0,Rockets,203527,Ryan Kelly,LAL,Los Angeles,1610612747.0,Lakers,0,,,,,,,,Harrell P.FOUL (P1.T1) (H.Workman),10:07 PM
101,1,1,113,0021500614,Brown 26' 3PT Jump Shot (3 PTS) (Russell 2 AST),,10:55,2,4,4,0,1626148,Anthony Brown,LAL,Los Angeles,1610612747.0,Lakers,1626156,D'Angelo Russell,LAL,Los Angeles,1610612747.0,Lakers,0,,,,,,34 - 39,5,,10:08 PM
102,42,1,114,0021500614,,,10:42,2,5,5,0,201977,Marcus Thornton,HOU,Houston,1610612745.0,Rockets,201951,Ty Lawson,HOU,Houston,1610612745.0,Rockets,0,,,,,,36 - 39,3,Thornton 2' Driving Layup (2 PTS) (Lawson 3 AST),10:08 PM
103,1,5,115,0021500614,Russell Bad Pass Turnover (P1.T4),,10:22,2,4,5,0,1626156,D'Angelo Russell,LAL,Los Angeles,1610612747.0,Lakers,201147,Corey Brewer,HOU,Houston,1610612745.0,Rockets,0,,,,,,,,Brewer STEAL (1 STL),10:08 PM
104,41,1,116,0021500614,,,10:16,2,5,0,0,201951,Ty Lawson,HOU,Houston,1610612745.0,Rockets,0,,,,,,0,,,,,,38 - 39,1,Lawson 2' Running Layup (2 PTS),10:08 PM
105,1,2,117,0021500614,MISS Williams 4' Jump Shot,,10:00,2,4,0,0,101150,Lou Williams,LAL,Los Angeles,1610612747.0,Lakers,0,,,,,,0,,,,,,,,,10:09 PM
106,0,4,118,0021500614,,,9:58,2,5,0,0,2730,Dwight Howard,HOU,Houston,1610612745.0,Rockets,0,,,,,,0,,,,,,,,Howard REBOUND (Off:0 Def:3),10:09 PM
107,1,2,119,0021500614,,,9:55,2,5,0,0,201977,Marcus Thornton,HOU,Houston,1610612745.0,Rockets,0,,,,,,0,,,,,,,,MISS Thornton 27' 3PT Jump Shot,10:09 PM
108,0,4,120,0021500614,LAKERS Rebound,,9:55,2,2,0,0,1610612747,,,,,,0,,,,,,0,,,,,,,,,10:09 PM
109,46,2,121,0021500614,MISS Williams 4' Running Jump Shot,,9:35,2,4,0,0,101150,Lou Williams,LAL,Los Angeles,1610612747.0,Lakers,0,,,,,,0,,,,,,,,,10:09 PM
110,0,4,122,0021500614,,,9:32,2,5,0,0,1626149,Montrezl Harrell,HOU,Houston,1610612745.0,Rockets,0,,,,,,0,,,,,,,,Harrell REBOUND (Off:0 Def:1),10:09 PM
111,66,2,123,0021500614,,,9:28,2,5,0,0,201147,Corey Brewer,HOU,Houston,1610612745.0,Rockets,0,,,,,,0,,,,,,,,MISS Brewer 3' Jump Bank Shot,10:09 PM
112,0,4,124,0021500614,,,9:28,2,5,0,0,2730,Dwight Howard,HOU,Houston,1610612745.0,Rockets,0,,,,,,0,,,,,,,,Howard REBOUND (Off:1 Def:3),10:10 PM
113,2,6,125,0021500614,Bass S.FOUL (P1.T1) (H.Workman),,9:28,2,4,5,1,101138,Brandon Bass,LAL,Los Angeles,1610612747.0,Lakers,2730,Dwight Howard,HOU,Houston,1610612745.0,Rockets,0,,,,,,,,,10:10 PM
114,11,3,126,0021500614,,,9:28,2,5,0,0,2730,Dwight Howard,HOU,Houston,1610612745.0,Rockets,0,,,,,,0,,,,,,39 - 39,TIE,Howard Free Throw 1 of 2 (10 PTS),10:10 PM
115,12,3,128,0021500614,,,9:28,2,5,0,0,2730,Dwight Howard,HOU,Houston,1610612745.0,Rockets,0,,,,,,0,,,,,,,,MISS Howard Free Throw 2 of 2,10:10 PM
116,0,4,130,0021500614,Brown REBOUND (Off:0 Def:1),,9:27,2,4,0,0,1626148,Anthony Brown,LAL,Los Angeles,1610612747.0,Lakers,0,,,,,,0,,,,,,,,,10:11 PM
117,2,6,131,0021500614,,,9:17,2,5,4,1,1626149,Montrezl Harrell,HOU,Houston,1610612745.0,Rockets,101138,Brandon Bass,LAL,Los Angeles,1610612747.0,Lakers,0,,,,,,,,Harrell S.FOUL (P2.T2) (H.Workman),10:11 PM
118,11,3,132,0021500614,Bass Free Throw 1 of 2 (3 PTS),,9:17,2,4,0,0,101138,Brandon Bass,LAL,Los Angeles,1610612747.0,Lakers,0,,,,,,0,,,,,,39 - 40,1,,10:11 PM
119,12,3,134,0021500614,Bass Free Throw 2 of 2 (4 PTS),,9:17,2,4,0,0,101138,Brandon Bass,LAL,Los Angeles,1610612747.0,Lakers,0,,,,,,0,,,,,,39 - 41,2,,10:11 PM
120,7,1,136,0021500614,,,9:04,2,5,0,0,1626149,Montrezl Harrell,HOU,Houston,1610612745.0,Rockets,0,,,,,,0,,,,,,41 - 41,TIE,Harrell  Dunk (2 PTS),10:12 PM
121,1,5,137,0021500614,Russell Bad Pass Turnover (P2.T5),,9:01,2,4,5,0,1626156,D'Angelo Russell,LAL,Los Angeles,1610612747.0,Lakers,201147,Corey Brewer,HOU,Houston,1610612745.0,Rockets,0,,,,,,,,Brewer STEAL (2 STL),10:12 PM
122,2,6,138,0021500614,Williams S.FOUL (P1.T2) (S.Wall),,8:54,2,4,5,1,101150,Lou Williams,LAL,Los Angeles,1610612747.0,Lakers,201951,Ty Lawson,HOU,Houston,1610612745.0,Rockets,0,,,,,,,,,10:12 PM
123,4,9,139,0021500614,,,8:54,2,1,0,0,0,,,,,,0,,,,,,0,,,,,,,,,10:12 PM
124,11,3,142,0021500614,,,8:54,2,5,0,0,201951,Ty Lawson,HOU,Houston,1610612745.0,Rockets,0,,,,,,0,,,,,,42 - 41,-1,Lawson Free Throw 1 of 2 (3 PTS),10:15 PM
125,12,3,144,0021500614,,,8:54,2,5,0,0,201951,Ty Lawson,HOU,Houston,1610612745.0,Rockets,0,,,,,,0,,,,,,43 - 41,-2,Lawson Free Throw 2 of 2 (4 PTS),10:15 PM
126,1,2,146,0021500614,MISS Kelly 26' 3PT Jump Shot,,8:42,2,4,0,0,203527,Ryan Kelly,LAL,Los Angeles,1610612747.0,Lakers,0,,,,,,0,,,,,,,,,10:15 PM
127,0,4,147,0021500614,,,8:41,2,5,0,0,201147,Corey Brewer,HOU,Houston,1610612745.0,Rockets,0,,,,,,0,,,,,,,,Brewer REBOUND (Off:0 Def:3),10:15 PM
128,58,1,148,0021500614,,,8:25,2,5,0,0,1626149,Montrezl Harrell,HOU,Houston,1610612745.0,Rockets,0,,,,,,0,,,,,,45 - 41,-4,Harrell 8' Turnaround Hook Shot (4 PTS),10:15 PM
129,42,1,149,0021500614,Williams 2' Driving Layup (9 PTS),,8:07,2,4,0,0,101150,Lou Williams,LAL,Los Angeles,1610612747.0,Lakers,0,,,,,,0,,,,,,45 - 43,-2,,10:16 PM
130,58,1,150,0021500614,,,7:45,2,5,0,0,2730,Dwight Howard,HOU,Houston,1610612745.0,Rockets,0,,,,,,0,,,,,,47 - 43,-4,Howard 6' Turnaround Hook Shot (12 PTS),10:16 PM
131,1,2,151,0021500614,MISS Bass 16' Jump Shot,,7:30,2,4,0,0,101138,Brandon Bass,LAL,Los Angeles,1610612747.0,Lakers,0,,,,,,0,,,,,,,,,10:16 PM
132,0,4,152,0021500614,,,7:29,2,5,0,0,201147,Corey Brewer,HOU,Houston,1610612745.0,Rockets,0,,,,,,0,,,,,,,,Brewer REBOUND (Off:0 Def:4),10:16 PM
133,41,2,153,0021500614,Bass BLOCK (1 BLK),,7:24,2,5,0,4,201147,Corey Brewer,HOU,Houston,1610612745.0,Rockets,0,,,,,,101138,Brandon Bass,LAL,Los Angeles,1610612747.0,Lakers,,,MISS Brewer 1' Running Layup,10:16 PM
134,0,4,154,0021500614,,,7:24,2,3,0,0,1610612745,,,,,,0,,,,,,0,,,,,,,,Rockets Rebound,10:16 PM
135,1,2,155,0021500614,,,7:16,2,5,0,0,201977,Marcus Thornton,HOU,Houston,1610612745.0,Rockets,0,,,,,,0,,,,,,,,MISS Thornton 19' Jump Shot,10:17 PM
136,0,4,156,0021500614,LAKERS Rebound,,7:15,2,2,0,0,1610612747,,,,,,0,,,,,,0,,,,,,,,,10:17 PM
137,1,6,157,0021500614,,,7:04,2,5,4,1,201147,Corey Brewer,HOU,Houston,1610612745.0,Rockets,101150,Lou Williams,LAL,Los Angeles,1610612747.0,Lakers,0,,,,,,,,Brewer P.FOUL (P1.T3) (H.Workman),10:17 PM
138,0,8,158,0021500614,,,7:04,2,5,5,0,201977,Marcus Thornton,HOU,Houston,1610612745.0,Rockets,201935,James Harden,HOU,Houston,1610612745.0,Rockets,0,,,,,,,,SUB: Harden FOR Thornton,10:17 PM
139,0,8,159,0021500614,,,7:04,2,5,5,0,201951,Ty Lawson,HOU,Houston,1610612745.0,Rockets,1891,Jason Terry,HOU,Houston,1610612745.0,Rockets,0,,,,,,,,SUB: Terry FOR Lawson,10:17 PM
140,42,2,160,0021500614,MISS Kelly 3' Driving Layup,,6:50,2,4,0,0,203527,Ryan Kelly,LAL,Los Angeles,1610612747.0,Lakers,0,,,,,,0,,,,,,,,,10:18 PM
141,0,4,161,0021500614,,,6:48,2,5,0,0,2730,Dwight Howard,HOU,Houston,1610612745.0,Rockets,0,,,,,,0,,,,,,,,Howard REBOUND (Off:1 Def:4),10:18 PM
142,2,6,162,0021500614,Russell S.FOUL (P1.T3) (E.Malloy),,6:33,2,4,5,1,1626156,D'Angelo Russell,LAL,Los Angeles,1610612747.0,Lakers,201935,James Harden,HOU,Houston,1610612745.0,Rockets,0,,,,,,,,,10:18 PM
143,13,3,163,0021500614,,,6:33,2,5,0,0,201935,James Harden,HOU,Houston,1610612745.0,Rockets,0,,,,,,0,,,,,,48 - 43,-5,Harden Free Throw 1 of 3 (13 PTS),10:18 PM
144,14,3,165,0021500614,,,6:33,2,5,0,0,201935,James Harden,HOU,Houston,1610612745.0,Rockets,0,,,,,,0,,,,,,49 - 43,-6,Harden Free Throw 2 of 3 (14 PTS),10:19 PM
145,0,8,167,0021500614,SUB: Randle FOR Kelly,,6:33,2,4,4,0,203527,Ryan Kelly,LAL,Los Angeles,1610612747.0,Lakers,203944,Julius Randle,LAL,Los Angeles,1610612747.0,Lakers,0,,,,,,,,,10:19 PM
146,15,3,168,0021500614,,,6:33,2,5,0,0,201935,James Harden,HOU,Houston,1610612745.0,Rockets,0,,,,,,0,,,,,,,,MISS Harden Free Throw 3 of 3,10:19 PM
147,0,4,170,0021500614,Randle REBOUND (Off:0 Def:6),,6:32,2,4,0,0,203944,Julius Randle,LAL,Los Angeles,1610612747.0,Lakers,0,,,,,,0,,,,,,,,,10:19 PM
148,1,2,171,0021500614,MISS Brown 27' 3PT Jump Shot,,6:09,2,4,0,0,1626148,Anthony Brown,LAL,Los Angeles,1610612747.0,Lakers,0,,,,,,0,,,,,,,,,10:20 PM
149,0,4,172,0021500614,,,6:08,2,5,0,0,1626149,Montrezl Harrell,HOU,Houston,1610612745.0,Rockets,0,,,,,,0,,,,,,,,Harrell REBOUND (Off:0 Def:2),10:20 PM
150,1,2,173,0021500614,,,6:02,2,5,0,0,201935,James Harden,HOU,Houston,1610612745.0,Rockets,0,,,,,,0,,,,,,,,MISS Harden 25' 3PT Jump Shot,10:20 PM
151,0,4,174,0021500614,Randle REBOUND (Off:0 Def:7),,6:01,2,4,0,0,203944,Julius Randle,LAL,Los Angeles,1610612747.0,Lakers,0,,,,,,0,,,,,,,,,10:20 PM
152,49,1,175,0021500614,Williams  Driving Dunk (11 PTS),,5:53,2,4,0,0,101150,Lou Williams,LAL,Los Angeles,1610612747.0,Lakers,0,,,,,,0,,,,,,49 - 45,-4,,10:20 PM
153,1,2,176,0021500614,,,5:25,2,5,0,0,201147,Corey Brewer,HOU,Houston,1610612745.0,Rockets,0,,,,,,0,,,,,,,,MISS Brewer 27' 3PT Jump Shot,10:20 PM
154,0,4,177,0021500614,,,5:25,2,3,0,0,1610612745,,,,,,0,,,,,,0,,,,,,,,Rockets Rebound,10:21 PM
155,11,5,178,0021500614,,,5:25,2,3,0,1,1610612745,,,,,,0,,,,,,0,,,,,,,,Rockets Turnover: Shot Clock (T#2),10:21 PM
156,1,9,179,0021500614,LAKERS Timeout: Regular (Full 2 Short 0),,5:25,2,2,0,0,1610612747,,,,,,0,,,,,,0,,,,,,,,,10:21 PM
157,0,8,181,0021500614,,,5:25,2,5,5,0,2730,Dwight Howard,HOU,Houston,1610612745.0,Rockets,203991,Clint Capela,HOU,Houston,1610612745.0,Rockets,0,,,,,,,,SUB: Capela FOR Howard,10:22 PM
158,0,8,182,0021500614,,,5:25,2,5,5,0,201147,Corey Brewer,HOU,Houston,1610612745.0,Rockets,2772,Trevor Ariza,HOU,Houston,1610612745.0,Rockets,0,,,,,,,,SUB: Ariza FOR Brewer,10:22 PM
159,0,8,183,0021500614,,,5:25,2,5,5,0,1626149,Montrezl Harrell,HOU,Houston,1610612745.0,Rockets,203093,Terrence Jones,HOU,Houston,1610612745.0,Rockets,0,,,,,,,,SUB: Jones FOR Harrell,10:22 PM
160,0,8,184,0021500614,SUB: Clarkson FOR Russell,,5:25,2,4,4,0,1626156,D'Angelo Russell,LAL,Los Angeles,1610612747.0,Lakers,203903,Jordan Clarkson,LAL,Los Angeles,1610612747.0,Lakers,0,,,,,,,,,10:23 PM
161,0,8,185,0021500614,SUB: Hibbert FOR Bass,,5:25,2,4,4,0,101138,Brandon Bass,LAL,Los Angeles,1610612747.0,Lakers,201579,Roy Hibbert,LAL,Los Angeles,1610612747.0,Lakers,0,,,,,,,,,10:23 PM
162,7,1,186,0021500614,Randle  Dunk (10 PTS) (Williams 1 AST),,5:10,2,4,4,0,203944,Julius Randle,LAL,Los Angeles,1610612747.0,Lakers,101150,Lou Williams,LAL,Los Angeles,1610612747.0,Lakers,0,,,,,,49 - 47,-2,,10:23 PM
163,5,2,187,0021500614,Hibbert BLOCK (3 BLK),,4:46,2,5,0,4,201935,James Harden,HOU,Houston,1610612745.0,Rockets,0,,,,,,201579,Roy Hibbert,LAL,Los Angeles,1610612747.0,Lakers,,,MISS Harden 3' Layup,10:24 PM
164,0,4,188,0021500614,,,4:46,2,5,0,0,203991,Clint Capela,HOU,Houston,1610612745.0,Rockets,0,,,,,,0,,,,,,,,Capela REBOUND (Off:3 Def:1),10:24 PM
165,2,6,189,0021500614,Randle S.FOUL (P2.T4) (S.Wall),,4:46,2,4,5,1,203944,Julius Randle,LAL,Los Angeles,1610612747.0,Lakers,203991,Clint Capela,HOU,Houston,1610612745.0,Rockets,0,,,,,,,,,10:24 PM
166,11,3,190,0021500614,,,4:46,2,5,0,0,203991,Clint Capela,HOU,Houston,1610612745.0,Rockets,0,,,,,,0,,,,,,50 - 47,-3,Capela Free Throw 1 of 2 (5 PTS),10:24 PM
167,12,3,192,0021500614,,,4:46,2,5,0,0,203991,Clint Capela,HOU,Houston,1610612745.0,Rockets,0,,,,,,0,,,,,,51 - 47,-4,Capela Free Throw 2 of 2 (6 PTS),10:24 PM
168,55,2,194,0021500614,MISS Randle 3' Hook Shot,,4:28,2,4,0,0,203944,Julius Randle,LAL,Los Angeles,1610612747.0,Lakers,0,,,,,,0,,,,,,,,,10:24 PM
169,0,4,195,0021500614,,,4:27,2,5,0,0,203093,Terrence Jones,HOU,Houston,1610612745.0,Rockets,0,,,,,,0,,,,,,,,Jones REBOUND (Off:0 Def:1),10:24 PM
170,108,1,196,0021500614,,,4:14,2,5,5,0,203991,Clint Capela,HOU,Houston,1610612745.0,Rockets,201935,James Harden,HOU,Houston,1610612745.0,Rockets,0,,,,,,53 - 47,-6,Capela  Cutting Dunk Shot (8 PTS) (Harden 3 AST),10:25 PM
171,1,1,197,0021500614,Williams 20' Jump Shot (13 PTS),,3:54,2,4,0,0,101150,Lou Williams,LAL,Los Angeles,1610612747.0,Lakers,0,,,,,,0,,,,,,53 - 49,-4,,10:25 PM
172,1,2,198,0021500614,,,3:36,2,5,0,0,1891,Jason Terry,HOU,Houston,1610612745.0,Rockets,0,,,,,,0,,,,,,,,MISS Terry 24' 3PT Jump Shot,10:25 PM
173,0,4,199,0021500614,Clarkson REBOUND (Off:0 Def:2),,3:34,2,4,0,0,203903,Jordan Clarkson,LAL,Los Angeles,1610612747.0,Lakers,0,,,,,,0,,,,,,,,,10:25 PM
174,1,6,200,0021500614,,,3:19,2,5,4,1,203093,Terrence Jones,HOU,Houston,1610612745.0,Rockets,203944,Julius Randle,LAL,Los Angeles,1610612747.0,Lakers,0,,,,,,,,Jones P.FOUL (P3.T4) (S.Wall),10:26 PM
175,0,8,201,0021500614,,,3:19,2,5,5,0,203093,Terrence Jones,HOU,Houston,1610612745.0,Rockets,2730,Dwight Howard,HOU,Houston,1610612745.0,Rockets,0,,,,,,,,SUB: Howard FOR Jones,10:26 PM
176,78,1,202,0021500614,Clarkson 4' Floating Jump Shot (8 PTS) (Hibbert 2 AST),,3:11,2,4,4,0,203903,Jordan Clarkson,LAL,Los Angeles,1610612747.0,Lakers,201579,Roy Hibbert,LAL,Los Angeles,1610612747.0,Lakers,0,,,,,,53 - 51,-2,,10:26 PM
177,2,6,203,0021500614,Clarkson S.FOUL (P1.PN) (S.Wall),,2:58,2,4,5,1,203903,Jordan Clarkson,LAL,Los Angeles,1610612747.0,Lakers,201935,James Harden,HOU,Houston,1610612745.0,Rockets,0,,,,,,,,,10:26 PM
178,1,9,204,0021500614,,,2:58,2,3,0,0,1610612745,,,,,,0,,,,,,0,,,,,,,,Rockets Timeout: Regular (Reg.2 Short 1),10:27 PM
179,0,8,206,0021500614,,,2:58,2,5,5,0,1891,Jason Terry,HOU,Houston,1610612745.0,Rockets,201951,Ty Lawson,HOU,Houston,1610612745.0,Rockets,0,,,,,,,,SUB: Lawson FOR Terry,10:29 PM
180,11,3,208,0021500614,,,2:58,2,5,0,0,201935,James Harden,HOU,Houston,1610612745.0,Rockets,0,,,,,,0,,,,,,54 - 51,-3,Harden Free Throw 1 of 2 (15 PTS),10:29 PM
181,12,3,210,0021500614,,,2:58,2,5,0,0,201935,James Harden,HOU,Houston,1610612745.0,Rockets,0,,,,,,0,,,,,,55 - 51,-4,Harden Free Throw 2 of 2 (16 PTS),10:29 PM
182,1,6,212,0021500614,,,2:40,2,5,4,1,203991,Clint Capela,HOU,Houston,1610612745.0,Rockets,101150,Lou Williams,LAL,Los Angeles,1610612747.0,Lakers,0,,,,,,,,Capela P.FOUL (P2.PN) (H.Workman),10:30 PM
183,11,3,213,0021500614,Williams Free Throw 1 of 2 (14 PTS),,2:40,2,4,0,0,101150,Lou Williams,LAL,Los Angeles,1610612747.0,Lakers,0,,,,,,0,,,,,,55 - 52,-3,,10:30 PM
184,0,8,215,0021500614,,,2:40,2,5,5,0,203991,Clint Capela,HOU,Houston,1610612745.0,Rockets,1626149,Montrezl Harrell,HOU,Houston,1610612745.0,Rockets,0,,,,,,,,SUB: Harrell FOR Capela,10:31 PM
185,12,3,216,0021500614,Williams Free Throw 2 of 2 (15 PTS),,2:40,2,4,0,0,101150,Lou Williams,LAL,Los Angeles,1610612747.0,Lakers,0,,,,,,0,,,,,,55 - 53,-2,,10:31 PM
186,79,1,219,0021500614,,,2:19,2,5,0,0,201935,James Harden,HOU,Houston,1610612745.0,Rockets,0,,,,,,0,,,,,,58 - 53,-5,Harden 26' 3PT Pullup Jump Shot (19 PTS),10:31 PM
187,3,2,221,0021500614,MISS Hibbert 4' Hook Shot,,2:03,2,4,0,0,201579,Roy Hibbert,LAL,Los Angeles,1610612747.0,Lakers,0,,,,,,0,,,,,,,,,10:31 PM
188,0,4,222,0021500614,,,1:59,2,5,0,0,2730,Dwight Howard,HOU,Houston,1610612745.0,Rockets,0,,,,,,0,,,,,,,,Howard REBOUND (Off:1 Def:5),10:31 PM
189,1,2,223,0021500614,,,1:53,2,5,0,0,201935,James Harden,HOU,Houston,1610612745.0,Rockets,0,,,,,,0,,,,,,,,MISS Harden 16' Jump Shot,10:32 PM
190,0,4,224,0021500614,Randle REBOUND (Off:0 Def:8),,1:52,2,4,0,0,203944,Julius Randle,LAL,Los Angeles,1610612747.0,Lakers,0,,,,,,0,,,,,,,,,10:32 PM
191,79,1,225,0021500614,Clarkson 17' Pullup Jump Shot (10 PTS),,1:44,2,4,0,0,203903,Jordan Clarkson,LAL,Los Angeles,1610612747.0,Lakers,0,,,,,,0,,,,,,58 - 55,-3,,10:32 PM
192,80,2,226,0021500614,,,1:27,2,5,0,0,201951,Ty Lawson,HOU,Houston,1610612745.0,Rockets,0,,,,,,0,,,,,,,,MISS Lawson 27' 3PT Step Back Jump Shot,10:32 PM
193,0,4,227,0021500614,Brown REBOUND (Off:0 Def:2),,1:24,2,4,0,0,1626148,Anthony Brown,LAL,Los Angeles,1610612747.0,Lakers,0,,,,,,0,,,,,,,,,10:32 PM
194,1,1,228,0021500614,Randle 7' Jump Shot (12 PTS),,1:04,2,4,0,0,203944,Julius Randle,LAL,Los Angeles,1610612747.0,Lakers,0,,,,,,0,,,,,,58 - 57,-1,,10:32 PM
195,2,6,229,0021500614,Randle S.FOUL (P3.PN) (E.Malloy),,0:45,2,4,5,1,203944,Julius Randle,LAL,Los Angeles,1610612747.0,Lakers,201935,James Harden,HOU,Houston,1610612745.0,Rockets,0,,,,,,,,,10:33 PM
196,11,3,230,0021500614,,,0:45,2,5,0,0,201935,James Harden,HOU,Houston,1610612745.0,Rockets,0,,,,,,0,,,,,,59 - 57,-2,Harden Free Throw 1 of 2 (20 PTS),10:33 PM
197,0,8,232,0021500614,SUB: Kelly FOR Randle,,0:45,2,4,4,0,203944,Julius Randle,LAL,Los Angeles,1610612747.0,Lakers,203527,Ryan Kelly,LAL,Los Angeles,1610612747.0,Lakers,0,,,,,,,,,10:33 PM
198,12,3,233,0021500614,,,0:45,2,5,0,0,201935,James Harden,HOU,Houston,1610612745.0,Rockets,0,,,,,,0,,,,,,60 - 57,-3,Harden Free Throw 2 of 2 (21 PTS),10:33 PM
199,79,2,235,0021500614,MISS Clarkson 11' Pullup Jump Shot,,0:33,2,4,0,0,203903,Jordan Clarkson,LAL,Los Angeles,1610612747.0,Lakers,0,,,,,,0,,,,,,,,,10:34 PM
200,0,4,236,0021500614,,,0:30,2,5,0,0,2730,Dwight Howard,HOU,Houston,1610612745.0,Rockets,0,,,,,,0,,,,,,,,Howard REBOUND (Off:1 Def:6),10:34 PM
201,1,2,237,0021500614,,,0:22,2,5,0,0,2772,Trevor Ariza,HOU,Houston,1610612745.0,Rockets,0,,,,,,0,,,,,,,,MISS Ariza 25' 3PT Jump Shot,10:34 PM
202,0,4,238,0021500614,,,0:21,2,3,0,0,1610612745,,,,,,0,,,,,,0,,,,,,,,Rockets Rebound,10:34 PM
203,39,5,239,0021500614,,,0:02,2,5,0,1,2772,Trevor Ariza,HOU,Houston,1610612745.0,Rockets,0,,,,,,0,,,,,,,,Ariza Step Out of Bounds Turnover (P1.T3),10:35 PM
204,1,2,240,0021500614,MISS Clarkson 50' 3PT Jump Shot,,0:00,2,4,0,0,203903,Jordan Clarkson,LAL,Los Angeles,1610612747.0,Lakers,0,,,,,,0,,,,,,,,,10:35 PM
205,0,4,241,0021500614,LAKERS Rebound,,0:00,2,2,0,0,1610612747,,,,,,0,,,,,,0,,,,,,,,,10:35 PM
206,0,13,242,0021500614,,,0:00,2,0,0,0,0,,,,,,0,,,,,,0,,,,,,60 - 57,-3,,10:35 PM
207,0,12,244,0021500614,,,12:00,3,0,0,0,0,,,,,,0,,,,,,0,,,,,,60 - 57,-3,,10:51 PM
208,1,2,245,0021500614,MISS Hibbert 22' Jump Shot,,11:44,3,4,0,0,201579,Roy Hibbert,LAL,Los Angeles,1610612747.0,Lakers,0,,,,,,0,,,,,,,,,10:51 PM
209,0,4,246,0021500614,,,11:43,3,5,0,0,2730,Dwight Howard,HOU,Houston,1610612745.0,Rockets,0,,,,,,0,,,,,,,,Howard REBOUND (Off:1 Def:7),10:51 PM
210,1,6,247,0021500614,Clarkson P.FOUL (P2.T1) (E.Malloy),,11:40,3,4,5,1,203903,Jordan Clarkson,LAL,Los Angeles,1610612747.0,Lakers,1891,Jason Terry,HOU,Houston,1610612745.0,Rockets,0,,,,,,,,,10:51 PM
211,82,1,249,0021500614,,,11:14,3,5,0,0,1891,Jason Terry,HOU,Houston,1610612745.0,Rockets,0,,,,,,0,,,,,,62 - 57,-5,Terry 4' Driving Bank Shot (2 PTS),10:52 PM
212,5,2,250,0021500614,MISS Bryant 2' Layup,,10:51,3,4,0,0,977,Kobe Bryant,LAL,Los Angeles,1610612747.0,Lakers,0,,,,,,0,,,,,,,,,10:52 PM
213,0,4,251,0021500614,,,10:50,3,5,0,0,203991,Clint Capela,HOU,Houston,1610612745.0,Rockets,0,,,,,,0,,,,,,,,Capela REBOUND (Off:3 Def:2),10:52 PM
214,1,2,252,0021500614,Hibbert BLOCK (4 BLK),,10:33,3,5,0,4,2730,Dwight Howard,HOU,Houston,1610612745.0,Rockets,0,,,,,,201579,Roy Hibbert,LAL,Los Angeles,1610612747.0,Lakers,,,MISS Howard 17' Jump Shot,10:53 PM
215,0,4,253,0021500614,,,10:31,3,5,0,0,2772,Trevor Ariza,HOU,Houston,1610612745.0,Rockets,0,,,,,,0,,,,,,,,Ariza REBOUND (Off:1 Def:1),10:53 PM
216,5,1,254,0021500614,,,10:30,3,5,0,0,2772,Trevor Ariza,HOU,Houston,1610612745.0,Rockets,0,,,,,,0,,,,,,64 - 57,-7,Ariza 1' Layup (7 PTS),10:53 PM
217,63,2,255,0021500614,MISS Clarkson 11' Fadeaway Jumper,,10:13,3,4,0,0,203903,Jordan Clarkson,LAL,Los Angeles,1610612747.0,Lakers,0,,,,,,0,,,,,,,,,10:53 PM
218,0,4,256,0021500614,,,10:11,3,5,0,0,2730,Dwight Howard,HOU,Houston,1610612745.0,Rockets,0,,,,,,0,,,,,,,,Howard REBOUND (Off:1 Def:8),10:53 PM
219,1,1,257,0021500614,,,10:05,3,5,5,0,201935,James Harden,HOU,Houston,1610612745.0,Rockets,1891,Jason Terry,HOU,Houston,1610612745.0,Rockets,0,,,,,,67 - 57,-10,Harden 27' 3PT Jump Shot (24 PTS) (Terry 2 AST),10:53 PM
220,1,9,258,0021500614,LAKERS Timeout: Regular (Full 3 Short 0),,10:05,3,2,0,0,1610612747,,,,,,0,,,,,,0,,,,,,,,,10:53 PM
221,1,5,261,0021500614,Bryant Bad Pass Turnover (P3.T6),,9:47,3,4,5,0,977,Kobe Bryant,LAL,Los Angeles,1610612747.0,Lakers,2772,Trevor Ariza,HOU,Houston,1610612745.0,Rockets,0,,,,,,,,Ariza STEAL (3 STL),10:56 PM
222,1,2,262,0021500614,,,9:41,3,5,0,0,2772,Trevor Ariza,HOU,Houston,1610612745.0,Rockets,0,,,,,,0,,,,,,,,MISS Ariza 26' 3PT Jump Shot,10:56 PM
223,0,4,263,0021500614,,,9:40,3,5,0,0,2730,Dwight Howard,HOU,Houston,1610612745.0,Rockets,0,,,,,,0,,,,,,,,Howard REBOUND (Off:2 Def:8),10:56 PM
224,72,1,264,0021500614,,,9:38,3,5,0,0,2730,Dwight Howard,HOU,Houston,1610612745.0,Rockets,0,,,,,,0,,,,,,69 - 57,-12,Howard 3' Putback Layup (14 PTS),10:56 PM
225,1,2,265,0021500614,MISS Clarkson 24' 3PT Jump Shot,,9:23,3,4,0,0,203903,Jordan Clarkson,LAL,Los Angeles,1610612747.0,Lakers,0,,,,,,0,,,,,,,,,10:56 PM
226,0,4,266,0021500614,,,9:18,3,5,0,0,201935,James Harden,HOU,Houston,1610612745.0,Rockets,0,,,,,,0,,,,,,,,Harden REBOUND (Off:0 Def:1),10:57 PM
227,44,2,267,0021500614,,,9:13,3,5,0,0,2772,Trevor Ariza,HOU,Houston,1610612745.0,Rockets,0,,,,,,0,,,,,,,,MISS Ariza 2' Reverse Layup,10:57 PM
228,0,4,268,0021500614,Randle REBOUND (Off:0 Def:9),,9:12,3,4,0,0,203944,Julius Randle,LAL,Los Angeles,1610612747.0,Lakers,0,,,,,,0,,,,,,,,,10:57 PM
229,5,1,269,0021500614,Clarkson 2' Layup (12 PTS) (Bryant 8 AST),,9:04,3,4,4,0,203903,Jordan Clarkson,LAL,Los Angeles,1610612747.0,Lakers,977,Kobe Bryant,LAL,Los Angeles,1610612747.0,Lakers,0,,,,,,69 - 59,-10,,10:57 PM
230,1,5,270,0021500614,Clarkson STEAL (1 STL),,8:52,3,5,4,0,1891,Jason Terry,HOU,Houston,1610612745.0,Rockets,203903,Jordan Clarkson,LAL,Los Angeles,1610612747.0,Lakers,0,,,,,,,,Terry Bad Pass Turnover (P1.T4),10:57 PM
231,50,1,271,0021500614,Williams  Running Dunk (17 PTS) (Clarkson 2 AST),,8:47,3,4,4,0,101150,Lou Williams,LAL,Los Angeles,1610612747.0,Lakers,203903,Jordan Clarkson,LAL,Los Angeles,1610612747.0,Lakers,0,,,,,,69 - 61,-8,,10:57 PM
232,8,5,272,0021500614,,,8:27,3,5,0,1,2730,Dwight Howard,HOU,Houston,1610612745.0,Rockets,0,,,,,,0,,,,,,,,Howard 3 Second Violation Turnover (P1.T5),10:57 PM
233,40,2,281,0021500614,MISS Randle 2' Layup,,8:17,3,4,0,5,203944,Julius Randle,LAL,Los Angeles,1610612747.0,Lakers,0,,,,,,2730,Dwight Howard,HOU,Houston,1610612745.0,Rockets,,,Howard BLOCK (2 BLK),10:58 PM
234,0,4,278,0021500614,Randle REBOUND (Off:1 Def:9),,8:16,3,4,0,0,203944,Julius Randle,LAL,Los Angeles,1610612747.0,Lakers,0,,,,,,0,,,,,,,,,10:58 PM
235,40,2,273,0021500614,MISS Randle 4' Layup,,8:12,3,4,0,5,203944,Julius Randle,LAL,Los Angeles,1610612747.0,Lakers,0,,,,,,2730,Dwight Howard,HOU,Houston,1610612745.0,Rockets,,,Howard BLOCK (3 BLK),10:58 PM
236,0,4,274,0021500614,LAKERS Rebound,,8:11,3,2,0,0,1610612747,,,,,,0,,,,,,0,,,,,,,,,10:58 PM
237,3,6,275,0021500614,,,8:11,3,5,4,1,203991,Clint Capela,HOU,Houston,1610612745.0,Rockets,203944,Julius Randle,LAL,Los Angeles,1610612747.0,Lakers,0,,,,,,,,Capela L.B.FOUL (P3.T1) (E.Malloy),10:58 PM
238,1,5,276,0021500614,Bryant Bad Pass Turnover (P4.T7),,8:07,3,4,0,0,977,Kobe Bryant,LAL,Los Angeles,1610612747.0,Lakers,0,,,,,,0,,,,,,,,,10:58 PM
239,3,2,277,0021500614,,,7:54,3,5,0,0,2730,Dwight Howard,HOU,Houston,1610612745.0,Rockets,0,,,,,,0,,,,,,,,MISS Howard 2' Hook Shot,10:59 PM
240,0,4,280,0021500614,,,7:49,3,5,0,0,203991,Clint Capela,HOU,Houston,1610612745.0,Rockets,0,,,,,,0,,,,,,,,Capela REBOUND (Off:4 Def:2),10:59 PM
241,5,1,279,0021500614,,,7:49,3,5,0,0,203991,Clint Capela,HOU,Houston,1610612745.0,Rockets,0,,,,,,0,,,,,,71 - 61,-10,Capela  Layup (10 PTS),10:59 PM
242,63,2,282,0021500614,MISS Clarkson 14' Fadeaway Jumper,,7:26,3,4,0,0,203903,Jordan Clarkson,LAL,Los Angeles,1610612747.0,Lakers,0,,,,,,0,,,,,,,,,10:59 PM
243,0,4,283,0021500614,,,7:25,3,5,0,0,203991,Clint Capela,HOU,Houston,1610612745.0,Rockets,0,,,,,,0,,,,,,,,Capela REBOUND (Off:4 Def:3),10:59 PM
244,1,1,284,0021500614,,,7:17,3,5,0,0,201935,James Harden,HOU,Houston,1610612745.0,Rockets,0,,,,,,0,,,,,,74 - 61,-13,Harden 25' 3PT Jump Shot (27 PTS),10:59 PM
245,78,2,285,0021500614,MISS Clarkson 12' Floating Jump Shot,,7:02,3,4,0,0,203903,Jordan Clarkson,LAL,Los Angeles,1610612747.0,Lakers,0,,,,,,0,,,,,,,,,11:00 PM
246,0,4,286,0021500614,,,6:59,3,5,0,0,2730,Dwight Howard,HOU,Houston,1610612745.0,Rockets,0,,,,,,0,,,,,,,,Howard REBOUND (Off:2 Def:9),11:00 PM
247,1,1,287,0021500614,,,6:52,3,5,5,0,201935,James Harden,HOU,Houston,1610612745.0,Rockets,1891,Jason Terry,HOU,Houston,1610612745.0,Rockets,0,,,,,,77 - 61,-16,Harden 27' 3PT Jump Shot (30 PTS) (Terry 3 AST),11:00 PM
248,2,9,288,0021500614,LAKERS Timeout: Short (Full 3 Short 1),,6:51,3,2,0,0,1610612747,,,,,,0,,,,,,0,,,,,,,,,11:00 PM
249,0,8,289,0021500614,,,6:51,3,5,5,0,203991,Clint Capela,HOU,Houston,1610612745.0,Rockets,203093,Terrence Jones,HOU,Houston,1610612745.0,Rockets,0,,,,,,,,SUB: Jones FOR Capela,11:01 PM
250,2,6,292,0021500614,,,6:39,3,5,4,1,203093,Terrence Jones,HOU,Houston,1610612745.0,Rockets,101150,Lou Williams,LAL,Los Angeles,1610612747.0,Lakers,0,,,,,,,,Jones S.FOUL (P4.T2) (E.Malloy),11:01 PM
251,11,3,294,0021500614,MISS Williams Free Throw 1 of 2,,6:39,3,4,0,0,101150,Lou Williams,LAL,Los Angeles,1610612747.0,Lakers,0,,,,,,0,,,,,,,,,11:02 PM
252,1,4,295,0021500614,LAKERS Rebound,,6:39,3,2,0,0,1610612747,,,,,,0,,,,,,0,,,,,,,,,11:02 PM
253,0,8,296,0021500614,,,6:39,3,5,5,0,203093,Terrence Jones,HOU,Houston,1610612745.0,Rockets,1626149,Montrezl Harrell,HOU,Houston,1610612745.0,Rockets,0,,,,,,,,SUB: Harrell FOR Jones,11:02 PM
254,12,3,297,0021500614,Williams Free Throw 2 of 2 (18 PTS),,6:39,3,4,0,0,101150,Lou Williams,LAL,Los Angeles,1610612747.0,Lakers,0,,,,,,0,,,,,,77 - 62,-15,,11:02 PM
255,2,6,300,0021500614,Clarkson S.FOUL (P3.T2) (S.Wall),,6:26,3,4,5,1,203903,Jordan Clarkson,LAL,Los Angeles,1610612747.0,Lakers,201935,James Harden,HOU,Houston,1610612745.0,Rockets,0,,,,,,,,,11:02 PM
256,13,3,301,0021500614,,,6:26,3,5,0,0,201935,James Harden,HOU,Houston,1610612745.0,Rockets,0,,,,,,0,,,,,,,,MISS Harden Free Throw 1 of 3,11:02 PM
257,1,4,302,0021500614,,,6:26,3,3,0,0,1610612745,,,,,,0,,,,,,0,,,,,,,,Rockets Rebound,11:02 PM
258,14,3,303,0021500614,,,6:26,3,5,0,0,201935,James Harden,HOU,Houston,1610612745.0,Rockets,0,,,,,,0,,,,,,78 - 62,-16,Harden Free Throw 2 of 3 (31 PTS),11:03 PM
259,15,3,305,0021500614,,,6:26,3,5,0,0,201935,James Harden,HOU,Houston,1610612745.0,Rockets,0,,,,,,0,,,,,,,,MISS Harden Free Throw 3 of 3,11:03 PM
260,0,4,307,0021500614,Randle REBOUND (Off:1 Def:10),,6:25,3,4,0,0,203944,Julius Randle,LAL,Los Angeles,1610612747.0,Lakers,0,,,,,,0,,,,,,,,,11:03 PM
261,1,2,308,0021500614,MISS Hibbert 18' Jump Shot,,6:08,3,4,0,0,201579,Roy Hibbert,LAL,Los Angeles,1610612747.0,Lakers,0,,,,,,0,,,,,,,,,11:03 PM
262,0,4,309,0021500614,,,6:07,3,5,0,0,2730,Dwight Howard,HOU,Houston,1610612745.0,Rockets,0,,,,,,0,,,,,,,,Howard REBOUND (Off:2 Def:10),11:04 PM
263,78,2,310,0021500614,,,5:55,3,5,0,0,1891,Jason Terry,HOU,Houston,1610612745.0,Rockets,0,,,,,,0,,,,,,,,MISS Terry 7' Floating Jump Shot,11:04 PM
264,0,4,312,0021500614,,,5:50,3,5,0,0,2730,Dwight Howard,HOU,Houston,1610612745.0,Rockets,0,,,,,,0,,,,,,,,Howard REBOUND (Off:3 Def:10),11:04 PM
265,97,2,311,0021500614,,,5:50,3,5,0,0,2730,Dwight Howard,HOU,Houston,1610612745.0,Rockets,0,,,,,,0,,,,,,,,MISS Howard 2' Tip Layup Shot,11:04 PM
266,0,4,313,0021500614,Clarkson REBOUND (Off:0 Def:3),,5:47,3,4,0,0,203903,Jordan Clarkson,LAL,Los Angeles,1610612747.0,Lakers,0,,,,,,0,,,,,,,,,11:04 PM
267,41,2,314,0021500614,MISS Clarkson 1' Running Layup,,5:45,3,4,0,0,203903,Jordan Clarkson,LAL,Los Angeles,1610612747.0,Lakers,0,,,,,,0,,,,,,,,,11:04 PM
268,0,4,315,0021500614,,,5:42,3,5,0,0,201935,James Harden,HOU,Houston,1610612745.0,Rockets,0,,,,,,0,,,,,,,,Harden REBOUND (Off:0 Def:2),11:04 PM
269,76,1,316,0021500614,,,5:41,3,5,5,0,2772,Trevor Ariza,HOU,Houston,1610612745.0,Rockets,201935,James Harden,HOU,Houston,1610612745.0,Rockets,0,,,,,,80 - 62,-18,Ariza 1' Running Finger Roll Layup (9 PTS) (Harden 4 AST),11:04 PM
270,2,6,317,0021500614,Hibbert S.FOUL (P2.T3) (H.Workman),,5:41,3,4,5,1,201579,Roy Hibbert,LAL,Los Angeles,1610612747.0,Lakers,2772,Trevor Ariza,HOU,Houston,1610612745.0,Rockets,0,,,,,,,,,11:04 PM
271,0,8,318,0021500614,,,5:41,3,5,5,0,1891,Jason Terry,HOU,Houston,1610612745.0,Rockets,201951,Ty Lawson,HOU,Houston,1610612745.0,Rockets,0,,,,,,,,SUB: Lawson FOR Terry,11:04 PM
272,0,8,330,0021500614,SUB: Russell FOR Williams,,5:41,3,4,4,0,101150,Lou Williams,LAL,Los Angeles,1610612747.0,Lakers,1626156,D'Angelo Russell,LAL,Los Angeles,1610612747.0,Lakers,0,,,,,,,,,11:04 PM
273,10,3,319,0021500614,,,5:41,3,5,0,0,2772,Trevor Ariza,HOU,Houston,1610612745.0,Rockets,0,,,,,,0,,,,,,81 - 62,-19,Ariza Free Throw 1 of 1 (10 PTS),11:04 PM
274,80,2,321,0021500614,MISS Randle 18' Step Back Jump Shot,,5:28,3,4,0,0,203944,Julius Randle,LAL,Los Angeles,1610612747.0,Lakers,0,,,,,,0,,,,,,,,,11:05 PM
275,0,4,322,0021500614,,,5:25,3,5,0,0,2730,Dwight Howard,HOU,Houston,1610612745.0,Rockets,0,,,,,,0,,,,,,,,Howard REBOUND (Off:3 Def:11),11:05 PM
276,4,5,323,0021500614,,,5:18,3,5,0,1,2730,Dwight Howard,HOU,Houston,1610612745.0,Rockets,0,,,,,,0,,,,,,,,Howard Traveling Turnover (P2.T6),11:05 PM
277,79,1,324,0021500614,Clarkson 16' Pullup Jump Shot (14 PTS),,5:10,3,4,0,0,203903,Jordan Clarkson,LAL,Los Angeles,1610612747.0,Lakers,0,,,,,,0,,,,,,81 - 64,-17,,11:05 PM
278,80,1,325,0021500614,,,4:47,3,5,5,0,201951,Ty Lawson,HOU,Houston,1610612745.0,Rockets,2772,Trevor Ariza,HOU,Houston,1610612745.0,Rockets,0,,,,,,83 - 64,-19,Lawson 16' Step Back Jump Shot (6 PTS) (Ariza 2 AST),11:06 PM
279,1,2,326,0021500614,MISS Russell 11' Jump Shot,,4:36,3,4,0,0,1626156,D'Angelo Russell,LAL,Los Angeles,1610612747.0,Lakers,0,,,,,,0,,,,,,,,,11:06 PM
280,0,4,327,0021500614,,,4:32,3,5,0,0,201935,James Harden,HOU,Houston,1610612745.0,Rockets,0,,,,,,0,,,,,,,,Harden REBOUND (Off:0 Def:3),11:06 PM
281,1,5,328,0021500614,Russell STEAL (1 STL),,4:27,3,5,4,0,201935,James Harden,HOU,Houston,1610612745.0,Rockets,1626156,D'Angelo Russell,LAL,Los Angeles,1610612747.0,Lakers,0,,,,,,,,Harden Bad Pass Turnover (P2.T7),11:06 PM
282,1,6,329,0021500614,,,4:24,3,5,4,1,1626149,Montrezl Harrell,HOU,Houston,1610612745.0,Rockets,203944,Julius Randle,LAL,Los Angeles,1610612747.0,Lakers,0,,,,,,,,Harrell P.FOUL (P3.T3) (H.Workman),11:06 PM
283,1,2,331,0021500614,MISS Bryant 24' 3PT Jump Shot,,4:10,3,4,0,0,977,Kobe Bryant,LAL,Los Angeles,1610612747.0,Lakers,0,,,,,,0,,,,,,,,,11:07 PM
284,0,4,332,0021500614,,,4:09,3,5,0,0,2730,Dwight Howard,HOU,Houston,1610612745.0,Rockets,0,,,,,,0,,,,,,,,Howard REBOUND (Off:3 Def:12),11:07 PM
285,5,1,334,0021500614,,,4:02,3,5,5,0,2772,Trevor Ariza,HOU,Houston,1610612745.0,Rockets,201935,James Harden,HOU,Houston,1610612745.0,Rockets,0,,,,,,85 - 64,-21,Ariza 1' Layup (12 PTS) (Harden 5 AST),11:07 PM
286,2,6,335,0021500614,Hibbert S.FOUL (P3.T4) (H.Workman),,4:02,3,4,5,1,201579,Roy Hibbert,LAL,Los Angeles,1610612747.0,Lakers,2772,Trevor Ariza,HOU,Houston,1610612745.0,Rockets,0,,,,,,,,,11:07 PM
287,10,3,336,0021500614,,,4:02,3,5,0,0,2772,Trevor Ariza,HOU,Houston,1610612745.0,Rockets,0,,,,,,0,,,,,,86 - 64,-22,Ariza Free Throw 1 of 1 (13 PTS),11:07 PM
288,78,1,338,0021500614,Clarkson 6' Floating Jump Shot (16 PTS) (Randle 2 AST),,3:46,3,4,4,0,203903,Jordan Clarkson,LAL,Los Angeles,1610612747.0,Lakers,203944,Julius Randle,LAL,Los Angeles,1610612747.0,Lakers,0,,,,,,86 - 66,-20,,11:08 PM
289,1,5,339,0021500614,Clarkson STEAL (2 STL),,3:30,3,5,4,0,2772,Trevor Ariza,HOU,Houston,1610612745.0,Rockets,203903,Jordan Clarkson,LAL,Los Angeles,1610612747.0,Lakers,0,,,,,,,,Ariza Bad Pass Turnover (P2.T8),11:08 PM
290,28,6,340,0021500614,,,3:28,3,5,4,1,201935,James Harden,HOU,Houston,1610612745.0,Rockets,203903,Jordan Clarkson,LAL,Los Angeles,1610612747.0,Lakers,0,,,,,,,,Harden Personal Take Foul (P1.T4) (H.Workman),11:08 PM
291,0,8,341,0021500614,,,3:28,3,5,5,0,2772,Trevor Ariza,HOU,Houston,1610612745.0,Rockets,203991,Clint Capela,HOU,Houston,1610612745.0,Rockets,0,,,,,,,,SUB: Capela FOR Ariza,11:08 PM
292,0,8,342,0021500614,,,3:28,3,5,5,0,2730,Dwight Howard,HOU,Houston,1610612745.0,Rockets,201147,Corey Brewer,HOU,Houston,1610612745.0,Rockets,0,,,,,,,,SUB: Brewer FOR Howard,11:08 PM
293,0,8,343,0021500614,SUB: Bass FOR Randle,,3:28,3,4,4,0,203944,Julius Randle,LAL,Los Angeles,1610612747.0,Lakers,101138,Brandon Bass,LAL,Los Angeles,1610612747.0,Lakers,0,,,,,,,,,11:08 PM
294,48,1,344,0021500614,Hibbert  Dunk (8 PTS) (Bryant 9 AST),,3:14,3,4,4,0,201579,Roy Hibbert,LAL,Los Angeles,1610612747.0,Lakers,977,Kobe Bryant,LAL,Los Angeles,1610612747.0,Lakers,0,,,,,,86 - 68,-18,,11:09 PM
295,79,2,345,0021500614,,,3:01,3,5,0,0,201935,James Harden,HOU,Houston,1610612745.0,Rockets,0,,,,,,0,,,,,,,,MISS Harden 14' Pullup Jump Shot,11:09 PM
296,0,4,346,0021500614,Russell REBOUND (Off:0 Def:1),,2:59,3,4,0,0,1626156,D'Angelo Russell,LAL,Los Angeles,1610612747.0,Lakers,0,,,,,,0,,,,,,,,,11:09 PM
297,1,1,347,0021500614,Russell 25' 3PT Jump Shot (5 PTS),,2:47,3,4,0,0,1626156,D'Angelo Russell,LAL,Los Angeles,1610612747.0,Lakers,0,,,,,,0,,,,,,86 - 71,-15,,11:09 PM
298,44,1,348,0021500614,,,2:32,3,5,5,0,201147,Corey Brewer,HOU,Houston,1610612745.0,Rockets,201951,Ty Lawson,HOU,Houston,1610612745.0,Rockets,0,,,,,,88 - 71,-17,Brewer 3' Reverse Layup (4 PTS) (Lawson 4 AST),11:09 PM
299,8,5,349,0021500614,Bass 3 Second Violation Turnover (P1.T8),,2:14,3,4,0,1,101138,Brandon Bass,LAL,Los Angeles,1610612747.0,Lakers,0,,,,,,0,,,,,,,,,11:10 PM
300,1,9,350,0021500614,,,2:14,3,3,0,0,1610612745,,,,,,0,,,,,,0,,,,,,,,Rockets Timeout: Regular (Reg.3 Short 1),11:10 PM
301,0,8,352,0021500614,SUB: Kelly FOR Hibbert,,2:14,3,4,4,0,201579,Roy Hibbert,LAL,Los Angeles,1610612747.0,Lakers,203527,Ryan Kelly,LAL,Los Angeles,1610612747.0,Lakers,0,,,,,,,,,11:11 PM
302,0,8,353,0021500614,,,2:14,3,5,5,0,201935,James Harden,HOU,Houston,1610612745.0,Rockets,201977,Marcus Thornton,HOU,Houston,1610612745.0,Rockets,0,,,,,,,,SUB: Thornton FOR Harden,11:12 PM
303,66,2,354,0021500614,,,1:54,3,5,0,0,1626149,Montrezl Harrell,HOU,Houston,1610612745.0,Rockets,0,,,,,,0,,,,,,,,MISS Harrell 2' Jump Bank Shot,11:13 PM
304,0,4,355,0021500614,,,1:52,3,5,0,0,203991,Clint Capela,HOU,Houston,1610612745.0,Rockets,0,,,,,,0,,,,,,,,Capela REBOUND (Off:5 Def:3),11:13 PM
305,72,1,356,0021500614,,,1:51,3,5,0,0,203991,Clint Capela,HOU,Houston,1610612745.0,Rockets,0,,,,,,0,,,,,,90 - 71,-19,Capela 1' Putback Layup (12 PTS),11:13 PM
306,1,2,357,0021500614,MISS Clarkson 18' Jump Shot,,1:34,3,4,0,0,203903,Jordan Clarkson,LAL,Los Angeles,1610612747.0,Lakers,0,,,,,,0,,,,,,,,,11:13 PM
307,0,4,358,0021500614,,,1:33,3,5,0,0,201951,Ty Lawson,HOU,Houston,1610612745.0,Rockets,0,,,,,,0,,,,,,,,Lawson REBOUND (Off:0 Def:1),11:13 PM
308,1,1,359,0021500614,,,1:23,3,5,0,0,201977,Marcus Thornton,HOU,Houston,1610612745.0,Rockets,0,,,,,,0,,,,,,92 - 71,-21,Thornton 20' Jump Shot (4 PTS),11:13 PM
309,45,5,360,0021500614,Russell Out of Bounds - Bad Pass Turnover Turnover (P3.T9),,1:06,3,4,0,0,1626156,D'Angelo Russell,LAL,Los Angeles,1610612747.0,Lakers,0,,,,,,0,,,,,,,,,11:13 PM
310,78,2,362,0021500614,,,0:57,3,5,0,0,201977,Marcus Thornton,HOU,Houston,1610612745.0,Rockets,0,,,,,,0,,,,,,,,MISS Thornton 3' Floating Jump Shot,11:14 PM
311,0,4,363,0021500614,Bass REBOUND (Off:0 Def:1),,0:55,3,4,0,0,101138,Brandon Bass,LAL,Los Angeles,1610612747.0,Lakers,0,,,,,,0,,,,,,,,,11:14 PM
312,98,1,364,0021500614,Russell 2' Cutting Layup Shot (7 PTS) (Clarkson 3 AST),,0:50,3,4,4,0,1626156,D'Angelo Russell,LAL,Los Angeles,1610612747.0,Lakers,203903,Jordan Clarkson,LAL,Los Angeles,1610612747.0,Lakers,0,,,,,,92 - 73,-19,,11:14 PM
313,1,2,366,0021500614,,,0:39,3,5,0,0,201951,Ty Lawson,HOU,Houston,1610612745.0,Rockets,0,,,,,,0,,,,,,,,MISS Lawson 21' Jump Shot,11:14 PM
314,0,4,367,0021500614,Kelly REBOUND (Off:1 Def:1),,0:35,3,4,0,0,203527,Ryan Kelly,LAL,Los Angeles,1610612747.0,Lakers,0,,,,,,0,,,,,,,,,11:14 PM
315,44,2,368,0021500614,MISS Russell 2' Reverse Layup,,0:31,3,4,0,0,1626156,D'Angelo Russell,LAL,Los Angeles,1610612747.0,Lakers,0,,,,,,0,,,,,,,,,11:14 PM
316,0,4,369,0021500614,,,0:27,3,5,0,0,201951,Ty Lawson,HOU,Houston,1610612745.0,Rockets,0,,,,,,0,,,,,,,,Lawson REBOUND (Off:0 Def:2),11:14 PM
317,3,1,370,0021500614,,,0:20,3,5,5,0,203991,Clint Capela,HOU,Houston,1610612745.0,Rockets,201951,Ty Lawson,HOU,Houston,1610612745.0,Rockets,0,,,,,,94 - 73,-21,Capela 5' Hook Shot (14 PTS) (Lawson 5 AST),11:14 PM
318,78,1,372,0021500614,Russell 5' Floating Jump Shot (9 PTS),,0:04,3,4,0,0,1626156,D'Angelo Russell,LAL,Los Angeles,1610612747.0,Lakers,0,,,,,,0,,,,,,94 - 75,-19,,11:15 PM
319,82,2,373,0021500614,,,0:03,3,5,0,0,201147,Corey Brewer,HOU,Houston,1610612745.0,Rockets,0,,,,,,0,,,,,,,,MISS Brewer 6' Driving Bank Shot,11:15 PM
320,0,4,374,0021500614,Kelly REBOUND (Off:1 Def:2),,0:02,3,4,0,0,203527,Ryan Kelly,LAL,Los Angeles,1610612747.0,Lakers,0,,,,,,0,,,,,,,,,11:15 PM
321,1,2,375,0021500614,MISS Kelly 62' 3PT Jump Shot,,0:00,3,4,0,0,203527,Ryan Kelly,LAL,Los Angeles,1610612747.0,Lakers,0,,,,,,0,,,,,,,,,11:15 PM
322,0,4,376,0021500614,LAKERS Rebound,,0:00,3,2,0,0,1610612747,,,,,,0,,,,,,0,,,,,,,,,11:15 PM
323,0,13,377,0021500614,,,0:00,3,0,0,0,0,,,,,,0,,,,,,0,,,,,,94 - 75,-19,,11:15 PM
324,0,12,379,0021500614,,,12:00,4,0,0,0,0,,,,,,0,,,,,,0,,,,,,94 - 75,-19,,11:18 PM
325,1,1,380,0021500614,,,11:42,4,5,0,0,201977,Marcus Thornton,HOU,Houston,1610612745.0,Rockets,0,,,,,,0,,,,,,96 - 75,-21,Thornton 13' Jump Shot (6 PTS),11:18 PM
326,42,1,381,0021500614,Williams 3' Driving Layup (20 PTS),,11:26,4,4,0,0,101150,Lou Williams,LAL,Los Angeles,1610612747.0,Lakers,0,,,,,,0,,,,,,96 - 77,-19,,11:18 PM
327,42,2,382,0021500614,,,11:17,4,5,0,0,201147,Corey Brewer,HOU,Houston,1610612745.0,Rockets,0,,,,,,0,,,,,,,,MISS Brewer 3' Driving Layup,11:18 PM
328,0,4,383,0021500614,Kelly REBOUND (Off:1 Def:3),,11:15,4,4,0,0,203527,Ryan Kelly,LAL,Los Angeles,1610612747.0,Lakers,0,,,,,,0,,,,,,,,,11:18 PM
329,1,2,384,0021500614,MISS Williams  3PT Jump Shot,,11:12,4,4,0,0,101150,Lou Williams,LAL,Los Angeles,1610612747.0,Lakers,0,,,,,,0,,,,,,,,,11:19 PM
330,0,4,385,0021500614,,,11:07,4,5,0,0,203991,Clint Capela,HOU,Houston,1610612745.0,Rockets,0,,,,,,0,,,,,,,,Capela REBOUND (Off:5 Def:4),11:19 PM
331,2,6,386,0021500614,Kelly S.FOUL (P1.T1) (E.Malloy),,11:00,4,4,5,1,203527,Ryan Kelly,LAL,Los Angeles,1610612747.0,Lakers,201977,Marcus Thornton,HOU,Houston,1610612745.0,Rockets,0,,,,,,,,,11:19 PM
332,11,3,387,0021500614,,,11:00,4,5,0,0,201977,Marcus Thornton,HOU,Houston,1610612745.0,Rockets,0,,,,,,0,,,,,,97 - 77,-20,Thornton Free Throw 1 of 2 (7 PTS),11:19 PM
333,12,3,389,0021500614,,,11:00,4,5,0,0,201977,Marcus Thornton,HOU,Houston,1610612745.0,Rockets,0,,,,,,0,,,,,,98 - 77,-21,Thornton Free Throw 2 of 2 (8 PTS),11:19 PM
334,1,2,391,0021500614,MISS Brown 27' 3PT Jump Shot,,10:48,4,4,0,0,1626148,Anthony Brown,LAL,Los Angeles,1610612747.0,Lakers,0,,,,,,0,,,,,,,,,11:20 PM
335,0,4,392,0021500614,,,10:47,4,5,0,0,203991,Clint Capela,HOU,Houston,1610612745.0,Rockets,0,,,,,,0,,,,,,,,Capela REBOUND (Off:5 Def:5),11:20 PM
336,1,2,393,0021500614,,,10:37,4,5,0,0,201977,Marcus Thornton,HOU,Houston,1610612745.0,Rockets,0,,,,,,0,,,,,,,,MISS Thornton 17' Jump Shot,11:20 PM
337,0,4,394,0021500614,,,10:36,4,3,0,0,1610612745,,,,,,0,,,,,,0,,,,,,,,Rockets Rebound,11:20 PM
338,42,2,395,0021500614,,,10:24,4,5,0,0,203093,Terrence Jones,HOU,Houston,1610612745.0,Rockets,0,,,,,,0,,,,,,,,MISS Jones 4' Driving Layup,11:20 PM
339,0,4,396,0021500614,Kelly REBOUND (Off:1 Def:4),,10:21,4,4,0,0,203527,Ryan Kelly,LAL,Los Angeles,1610612747.0,Lakers,0,,,,,,0,,,,,,,,,11:20 PM
340,2,5,397,0021500614,Russell Lost Ball Turnover (P4.T10),,10:17,4,4,5,0,1626156,D'Angelo Russell,LAL,Los Angeles,1610612747.0,Lakers,203991,Clint Capela,HOU,Houston,1610612745.0,Rockets,0,,,,,,,,Capela STEAL (1 STL),11:20 PM
341,1,5,398,0021500614,Russell STEAL (2 STL),,10:14,4,5,4,0,201951,Ty Lawson,HOU,Houston,1610612745.0,Rockets,1626156,D'Angelo Russell,LAL,Los Angeles,1610612747.0,Lakers,0,,,,,,,,Lawson Bad Pass Turnover (P1.T9),11:20 PM
342,42,1,399,0021500614,Brown 3' Driving Layup (5 PTS) (Russell 3 AST),,10:05,4,4,4,0,1626148,Anthony Brown,LAL,Los Angeles,1610612747.0,Lakers,1626156,D'Angelo Russell,LAL,Los Angeles,1610612747.0,Lakers,0,,,,,,98 - 79,-19,,11:21 PM
343,1,2,400,0021500614,,,9:44,4,5,0,0,201977,Marcus Thornton,HOU,Houston,1610612745.0,Rockets,0,,,,,,0,,,,,,,,MISS Thornton 25' 3PT Jump Shot,11:21 PM
344,0,4,401,0021500614,Kelly REBOUND (Off:1 Def:5),,9:43,4,4,0,0,203527,Ryan Kelly,LAL,Los Angeles,1610612747.0,Lakers,0,,,,,,0,,,,,,,,,11:21 PM
345,2,6,402,0021500614,,,9:37,4,5,4,1,203991,Clint Capela,HOU,Houston,1610612745.0,Rockets,101138,Brandon Bass,LAL,Los Angeles,1610612747.0,Lakers,0,,,,,,,,Capela S.FOUL (P4.T1) (S.Wall),11:21 PM
346,11,3,403,0021500614,Bass Free Throw 1 of 2 (5 PTS),,9:37,4,4,0,0,101138,Brandon Bass,LAL,Los Angeles,1610612747.0,Lakers,0,,,,,,0,,,,,,98 - 80,-18,,11:21 PM
347,12,3,404,0021500614,Bass Free Throw 2 of 2 (6 PTS),,9:37,4,4,0,0,101138,Brandon Bass,LAL,Los Angeles,1610612747.0,Lakers,0,,,,,,0,,,,,,98 - 81,-17,,11:21 PM
348,1,2,406,0021500614,,,9:20,4,5,0,0,201147,Corey Brewer,HOU,Houston,1610612745.0,Rockets,0,,,,,,0,,,,,,,,MISS Brewer 26' 3PT Jump Shot,11:22 PM
349,0,4,407,0021500614,Russell REBOUND (Off:0 Def:2),,9:20,4,4,0,0,1626156,D'Angelo Russell,LAL,Los Angeles,1610612747.0,Lakers,0,,,,,,0,,,,,,,,,11:22 PM
350,79,2,408,0021500614,MISS Williams 16' Pullup Jump Shot,,9:10,4,4,0,0,101150,Lou Williams,LAL,Los Angeles,1610612747.0,Lakers,0,,,,,,0,,,,,,,,,11:22 PM
351,0,4,409,0021500614,,,9:07,4,5,0,0,203991,Clint Capela,HOU,Houston,1610612745.0,Rockets,0,,,,,,0,,,,,,,,Capela REBOUND (Off:5 Def:6),11:22 PM
352,8,5,410,0021500614,,,8:52,4,5,0,1,203991,Clint Capela,HOU,Houston,1610612745.0,Rockets,0,,,,,,0,,,,,,,,Capela 3 Second Violation Turnover (P1.T10),11:23 PM
353,4,9,411,0021500614,,,8:52,4,1,0,0,0,,,,,,0,,,,,,0,,,,,,,,,11:23 PM
354,0,8,415,0021500614,,,8:52,4,5,5,0,203991,Clint Capela,HOU,Houston,1610612745.0,Rockets,1626149,Montrezl Harrell,HOU,Houston,1610612745.0,Rockets,0,,,,,,,,SUB: Harrell FOR Capela,11:25 PM
355,1,1,416,0021500614,Brown 13' Jump Shot (7 PTS) (Russell 4 AST),,8:35,4,4,4,0,1626148,Anthony Brown,LAL,Los Angeles,1610612747.0,Lakers,1626156,D'Angelo Russell,LAL,Los Angeles,1610612747.0,Lakers,0,,,,,,98 - 83,-15,,11:25 PM
356,55,2,417,0021500614,Bass BLOCK (2 BLK),,8:16,4,5,0,4,203093,Terrence Jones,HOU,Houston,1610612745.0,Rockets,0,,,,,,101138,Brandon Bass,LAL,Los Angeles,1610612747.0,Lakers,,,MISS Jones 10' Hook Shot,11:26 PM
357,0,4,418,0021500614,,,8:14,4,5,0,0,1626149,Montrezl Harrell,HOU,Houston,1610612745.0,Rockets,0,,,,,,0,,,,,,,,Harrell REBOUND (Off:1 Def:2),11:26 PM
358,87,1,419,0021500614,,,8:12,4,5,0,0,1626149,Montrezl Harrell,HOU,Houston,1610612745.0,Rockets,0,,,,,,0,,,,,,100 - 83,-17,Harrell  Putback Dunk (6 PTS),11:26 PM
359,1,5,420,0021500614,Russell Bad Pass Turnover (P5.T11),,7:56,4,4,5,0,1626156,D'Angelo Russell,LAL,Los Angeles,1610612747.0,Lakers,201147,Corey Brewer,HOU,Houston,1610612745.0,Rockets,0,,,,,,,,Brewer STEAL (3 STL),11:26 PM
360,41,1,421,0021500614,,,7:51,4,5,5,0,201977,Marcus Thornton,HOU,Houston,1610612745.0,Rockets,201147,Corey Brewer,HOU,Houston,1610612745.0,Rockets,0,,,,,,102 - 83,-19,Thornton 2' Running Layup (10 PTS) (Brewer 1 AST),11:26 PM
361,7,1,422,0021500614,Bass  Dunk (8 PTS) (Kelly 1 AST),,7:36,4,4,4,0,101138,Brandon Bass,LAL,Los Angeles,1610612747.0,Lakers,203527,Ryan Kelly,LAL,Los Angeles,1610612747.0,Lakers,0,,,,,,102 - 85,-17,,11:26 PM
362,1,2,423,0021500614,,,7:17,4,5,0,0,203093,Terrence Jones,HOU,Houston,1610612745.0,Rockets,0,,,,,,0,,,,,,,,MISS Jones 25' 3PT Jump Shot,11:27 PM
363,0,4,424,0021500614,,,7:16,4,5,0,0,1626149,Montrezl Harrell,HOU,Houston,1610612745.0,Rockets,0,,,,,,0,,,,,,,,Harrell REBOUND (Off:2 Def:2),11:27 PM
364,5,2,425,0021500614,,,7:04,4,5,0,0,201977,Marcus Thornton,HOU,Houston,1610612745.0,Rockets,0,,,,,,0,,,,,,,,MISS Thornton 2' Layup,11:27 PM
365,0,4,426,0021500614,Williams REBOUND (Off:0 Def:1),,7:03,4,4,0,0,101150,Lou Williams,LAL,Los Angeles,1610612747.0,Lakers,0,,,,,,0,,,,,,,,,11:27 PM
366,46,2,427,0021500614,MISS Russell 24' 3PT Running Jump Shot,,6:57,4,4,0,0,1626156,D'Angelo Russell,LAL,Los Angeles,1610612747.0,Lakers,0,,,,,,0,,,,,,,,,11:27 PM
367,0,4,428,0021500614,,,6:56,4,5,0,0,201147,Corey Brewer,HOU,Houston,1610612745.0,Rockets,0,,,,,,0,,,,,,,,Brewer REBOUND (Off:0 Def:5),11:27 PM
368,1,5,429,0021500614,Bass STEAL (1 STL),,6:48,4,5,4,0,203093,Terrence Jones,HOU,Houston,1610612745.0,Rockets,101138,Brandon Bass,LAL,Los Angeles,1610612747.0,Lakers,0,,,,,,,,Jones Bad Pass Turnover (P1.T11),11:27 PM
369,28,6,430,0021500614,,,6:46,4,5,4,1,201951,Ty Lawson,HOU,Houston,1610612745.0,Rockets,1626148,Anthony Brown,LAL,Los Angeles,1610612747.0,Lakers,0,,,,,,,,Lawson Personal Take Foul (P1.T2) (E.Malloy),11:27 PM
370,1,2,431,0021500614,MISS Bass 16' Jump Shot,,6:31,4,4,0,0,101138,Brandon Bass,LAL,Los Angeles,1610612747.0,Lakers,0,,,,,,0,,,,,,,,,11:28 PM
371,0,4,432,0021500614,,,6:30,4,5,0,0,201147,Corey Brewer,HOU,Houston,1610612745.0,Rockets,0,,,,,,0,,,,,,,,Brewer REBOUND (Off:0 Def:6),11:28 PM
372,4,5,433,0021500614,,,6:08,4,5,0,1,203093,Terrence Jones,HOU,Houston,1610612745.0,Rockets,0,,,,,,0,,,,,,,,Jones Traveling Turnover (P2.T12),11:28 PM
373,45,5,434,0021500614,Russell Out of Bounds - Bad Pass Turnover Turnover (P6.T12),,5:55,4,4,0,0,1626156,D'Angelo Russell,LAL,Los Angeles,1610612747.0,Lakers,0,,,,,,0,,,,,,,,,11:29 PM
374,1,9,435,0021500614,LAKERS Timeout: Regular (Full 4 Short 1),,5:55,4,2,0,0,1610612747,,,,,,0,,,,,,0,,,,,,,,,11:29 PM
375,1,1,438,0021500614,,,5:35,4,5,5,0,201951,Ty Lawson,HOU,Houston,1610612745.0,Rockets,201147,Corey Brewer,HOU,Houston,1610612745.0,Rockets,0,,,,,,105 - 85,-20,Lawson 26' 3PT Jump Shot (9 PTS) (Brewer 2 AST),11:31 PM
376,2,6,439,0021500614,,,5:18,4,5,4,1,1626149,Montrezl Harrell,HOU,Houston,1610612745.0,Rockets,203527,Ryan Kelly,LAL,Los Angeles,1610612747.0,Lakers,0,,,,,,,,Harrell S.FOUL (P4.T3) (S.Wall),11:32 PM
377,11,3,440,0021500614,MISS Kelly Free Throw 1 of 2,,5:18,4,4,0,0,203527,Ryan Kelly,LAL,Los Angeles,1610612747.0,Lakers,0,,,,,,0,,,,,,,,,11:32 PM
378,1,4,441,0021500614,LAKERS Rebound,,5:18,4,2,0,0,1610612747,,,,,,0,,,,,,0,,,,,,,,,11:32 PM
379,0,8,442,0021500614,,,5:18,4,5,5,0,201147,Corey Brewer,HOU,Houston,1610612745.0,Rockets,203909,KJ McDaniels,HOU,Houston,1610612745.0,Rockets,0,,,,,,,,SUB: McDaniels FOR Brewer,11:32 PM
380,0,8,443,0021500614,SUB: Huertas FOR Williams,,5:18,4,4,4,0,101150,Lou Williams,LAL,Los Angeles,1610612747.0,Lakers,1626273,Marcelo Huertas,LAL,Los Angeles,1610612747.0,Lakers,0,,,,,,,,,11:32 PM
381,12,3,444,0021500614,Kelly Free Throw 2 of 2 (1 PTS),,5:18,4,4,0,0,203527,Ryan Kelly,LAL,Los Angeles,1610612747.0,Lakers,0,,,,,,0,,,,,,105 - 86,-19,,11:32 PM
382,108,1,446,0021500614,,,4:56,4,5,5,0,1626149,Montrezl Harrell,HOU,Houston,1610612745.0,Rockets,201977,Marcus Thornton,HOU,Houston,1610612745.0,Rockets,0,,,,,,107 - 86,-21,Harrell  Cutting Dunk Shot (8 PTS) (Thornton 1 AST),11:33 PM
383,0,8,448,0021500614,SUB: Black FOR Bass,,4:44,4,4,4,0,101138,Brandon Bass,LAL,Los Angeles,1610612747.0,Lakers,204028,Tarik Black,LAL,Los Angeles,1610612747.0,Lakers,0,,,,,,,,,11:33 PM
384,7,2,449,0021500614,MISS Kelly  Dunk,,4:35,4,4,0,5,203527,Ryan Kelly,LAL,Los Angeles,1610612747.0,Lakers,0,,,,,,203909,KJ McDaniels,HOU,Houston,1610612745.0,Rockets,,,McDaniels BLOCK (1 BLK),11:33 PM
385,0,4,450,0021500614,,,4:33,4,5,0,0,1626149,Montrezl Harrell,HOU,Houston,1610612745.0,Rockets,0,,,,,,0,,,,,,,,Harrell REBOUND (Off:2 Def:3),11:33 PM
386,1,5,451,0021500614,Huertas STEAL (1 STL),,4:30,4,5,4,0,201977,Marcus Thornton,HOU,Houston,1610612745.0,Rockets,1626273,Marcelo Huertas,LAL,Los Angeles,1610612747.0,Lakers,0,,,,,,,,Thornton Bad Pass Turnover (P1.T13),11:34 PM
387,101,2,452,0021500614,MISS Huertas 6' Driving Floating Jump Shot,,4:25,4,4,0,0,1626273,Marcelo Huertas,LAL,Los Angeles,1610612747.0,Lakers,0,,,,,,0,,,,,,,,,11:34 PM
388,0,4,453,0021500614,,,4:19,4,5,0,0,203909,KJ McDaniels,HOU,Houston,1610612745.0,Rockets,0,,,,,,0,,,,,,,,McDaniels REBOUND (Off:0 Def:1),11:34 PM
389,42,2,454,0021500614,,,4:14,4,5,0,0,203909,KJ McDaniels,HOU,Houston,1610612745.0,Rockets,0,,,,,,0,,,,,,,,MISS McDaniels 2' Driving Layup,11:34 PM
390,0,4,455,0021500614,Black REBOUND (Off:0 Def:1),,4:11,4,4,0,0,204028,Tarik Black,LAL,Los Angeles,1610612747.0,Lakers,0,,,,,,0,,,,,,,,,11:34 PM
391,1,2,456,0021500614,MISS Brown 22' Jump Shot,,4:07,4,4,0,0,1626148,Anthony Brown,LAL,Los Angeles,1610612747.0,Lakers,0,,,,,,0,,,,,,,,,11:34 PM
392,0,4,457,0021500614,,,4:05,4,5,0,0,1626149,Montrezl Harrell,HOU,Houston,1610612745.0,Rockets,0,,,,,,0,,,,,,,,Harrell REBOUND (Off:2 Def:4),11:34 PM
393,1,2,458,0021500614,,,3:53,4,5,0,0,1626149,Montrezl Harrell,HOU,Houston,1610612745.0,Rockets,0,,,,,,0,,,,,,,,MISS Harrell 19' Jump Shot,11:34 PM
394,0,4,459,0021500614,Kelly REBOUND (Off:1 Def:6),,3:52,4,4,0,0,203527,Ryan Kelly,LAL,Los Angeles,1610612747.0,Lakers,0,,,,,,0,,,,,,,,,11:34 PM
395,2,5,460,0021500614,Huertas Lost Ball Turnover (P1.T13),,3:48,4,4,5,0,1626273,Marcelo Huertas,LAL,Los Angeles,1610612747.0,Lakers,203909,KJ McDaniels,HOU,Houston,1610612745.0,Rockets,0,,,,,,,,McDaniels STEAL (1 STL),11:34 PM
396,1,6,461,0021500614,Huertas P.FOUL (P1.T2) (H.Workman),,3:48,4,4,5,1,1626273,Marcelo Huertas,LAL,Los Angeles,1610612747.0,Lakers,203909,KJ McDaniels,HOU,Houston,1610612745.0,Rockets,0,,,,,,,,,11:34 PM
397,42,2,462,0021500614,,,3:35,4,5,0,0,203093,Terrence Jones,HOU,Houston,1610612745.0,Rockets,0,,,,,,0,,,,,,,,MISS Jones 3' Driving Layup,11:35 PM
398,0,4,463,0021500614,Black REBOUND (Off:0 Def:2),,3:31,4,4,0,0,204028,Tarik Black,LAL,Los Angeles,1610612747.0,Lakers,0,,,,,,0,,,,,,,,,11:35 PM
399,1,1,464,0021500614,Russell 28' 3PT Jump Shot (12 PTS) (Huertas 1 AST),,3:28,4,4,4,0,1626156,D'Angelo Russell,LAL,Los Angeles,1610612747.0,Lakers,1626273,Marcelo Huertas,LAL,Los Angeles,1610612747.0,Lakers,0,,,,,,107 - 89,-18,,11:35 PM
400,2,7,466,0021500614,Black Violation:Defensive Goaltending (S.Wall),,3:23,4,4,0,1,204028,Tarik Black,LAL,Los Angeles,1610612747.0,Lakers,0,,,,,,0,,,,,,,,,11:35 PM
401,42,1,465,0021500614,,,3:23,4,5,0,0,201951,Ty Lawson,HOU,Houston,1610612745.0,Rockets,0,,,,,,0,,,,,,109 - 89,-20,Lawson 1' Driving Layup (11 PTS),11:35 PM
402,2,6,467,0021500614,Huertas S.FOUL (P2.T3) (S.Wall),,3:23,4,4,5,1,1626273,Marcelo Huertas,LAL,Los Angeles,1610612747.0,Lakers,201951,Ty Lawson,HOU,Houston,1610612745.0,Rockets,0,,,,,,,,,11:35 PM
403,10,3,468,0021500614,,,3:23,4,5,0,0,201951,Ty Lawson,HOU,Houston,1610612745.0,Rockets,0,,,,,,0,,,,,,110 - 89,-21,Lawson Free Throw 1 of 1 (12 PTS),11:35 PM
404,1,2,471,0021500614,MISS Huertas 26' 3PT Jump Shot,,3:13,4,4,0,0,1626273,Marcelo Huertas,LAL,Los Angeles,1610612747.0,Lakers,0,,,,,,0,,,,,,,,,11:36 PM
405,0,4,472,0021500614,,,3:12,4,5,0,0,1626149,Montrezl Harrell,HOU,Houston,1610612745.0,Rockets,0,,,,,,0,,,,,,,,Harrell REBOUND (Off:2 Def:5),11:36 PM
406,7,1,473,0021500614,,,2:51,4,5,5,0,1626149,Montrezl Harrell,HOU,Houston,1610612745.0,Rockets,201977,Marcus Thornton,HOU,Houston,1610612745.0,Rockets,0,,,,,,112 - 89,-23,Harrell  Dunk (10 PTS) (Thornton 2 AST),11:36 PM
407,1,2,474,0021500614,MISS Kelly 11' Jump Shot,,2:30,4,4,0,5,203527,Ryan Kelly,LAL,Los Angeles,1610612747.0,Lakers,0,,,,,,203909,KJ McDaniels,HOU,Houston,1610612745.0,Rockets,,,McDaniels BLOCK (2 BLK),11:36 PM
408,0,4,475,0021500614,,,2:28,4,5,0,0,201977,Marcus Thornton,HOU,Houston,1610612745.0,Rockets,0,,,,,,0,,,,,,,,Thornton REBOUND (Off:0 Def:1),11:36 PM
409,1,2,476,0021500614,,,2:19,4,5,0,0,201977,Marcus Thornton,HOU,Houston,1610612745.0,Rockets,0,,,,,,0,,,,,,,,MISS Thornton 24' 3PT Jump Shot,11:37 PM
410,0,4,477,0021500614,Black REBOUND (Off:0 Def:3),,2:18,4,4,0,0,204028,Tarik Black,LAL,Los Angeles,1610612747.0,Lakers,0,,,,,,0,,,,,,,,,11:37 PM
411,2,5,478,0021500614,Huertas Lost Ball Turnover (P2.T14),,2:10,4,4,5,0,1626273,Marcelo Huertas,LAL,Los Angeles,1610612747.0,Lakers,203093,Terrence Jones,HOU,Houston,1610612745.0,Rockets,0,,,,,,,,Jones STEAL (1 STL),11:37 PM
412,2,6,479,0021500614,Huertas S.FOUL (P3.T4) (E.Malloy),,2:05,4,4,5,1,1626273,Marcelo Huertas,LAL,Los Angeles,1610612747.0,Lakers,1626149,Montrezl Harrell,HOU,Houston,1610612745.0,Rockets,0,,,,,,,,,11:37 PM
413,1,9,480,0021500614,,,2:05,4,3,0,0,1610612745,,,,,,0,,,,,,0,,,,,,,,Rockets Timeout: Regular (Reg.4 Short 1),11:37 PM
414,11,3,487,0021500614,,,2:05,4,5,0,0,1626149,Montrezl Harrell,HOU,Houston,1610612745.0,Rockets,0,,,,,,0,,,,,,,,MISS Harrell Free Throw 1 of 2,11:39 PM
415,1,4,488,0021500614,,,2:05,4,3,0,0,1610612745,,,,,,0,,,,,,0,,,,,,,,Rockets Rebound,11:39 PM
416,12,3,489,0021500614,,,2:05,4,5,0,0,1626149,Montrezl Harrell,HOU,Houston,1610612745.0,Rockets,0,,,,,,0,,,,,,,,MISS Harrell Free Throw 2 of 2,11:40 PM
417,0,4,491,0021500614,Kelly REBOUND (Off:1 Def:7),,2:04,4,4,0,0,203527,Ryan Kelly,LAL,Los Angeles,1610612747.0,Lakers,0,,,,,,0,,,,,,,,,11:40 PM
418,1,1,492,0021500614,Kelly 20' Jump Shot (3 PTS) (Russell 5 AST),,1:48,4,4,4,0,203527,Ryan Kelly,LAL,Los Angeles,1610612747.0,Lakers,1626156,D'Angelo Russell,LAL,Los Angeles,1610612747.0,Lakers,0,,,,,,112 - 91,-21,,11:40 PM
419,78,2,493,0021500614,,,1:34,4,5,0,0,203909,KJ McDaniels,HOU,Houston,1610612745.0,Rockets,0,,,,,,0,,,,,,,,MISS McDaniels 6' Floating Jump Shot,11:40 PM
420,0,4,494,0021500614,Black REBOUND (Off:0 Def:4),,1:32,4,4,0,0,204028,Tarik Black,LAL,Los Angeles,1610612747.0,Lakers,0,,,,,,0,,,,,,,,,11:40 PM
421,1,2,495,0021500614,MISS Brown 24' 3PT Jump Shot,,1:23,4,4,0,0,1626148,Anthony Brown,LAL,Los Angeles,1610612747.0,Lakers,0,,,,,,0,,,,,,,,,11:41 PM
422,0,4,496,0021500614,LAKERS Rebound,,1:22,4,2,0,0,1610612747,,,,,,0,,,,,,0,,,,,,,,,11:41 PM
423,1,2,497,0021500614,MISS Russell 25' 3PT Jump Shot,,1:17,4,4,0,0,1626156,D'Angelo Russell,LAL,Los Angeles,1610612747.0,Lakers,0,,,,,,0,,,,,,,,,11:41 PM
424,0,4,498,0021500614,,,1:16,4,5,0,0,203093,Terrence Jones,HOU,Houston,1610612745.0,Rockets,0,,,,,,0,,,,,,,,Jones REBOUND (Off:0 Def:2),11:41 PM
425,80,2,499,0021500614,,,1:03,4,5,0,0,203909,KJ McDaniels,HOU,Houston,1610612745.0,Rockets,0,,,,,,0,,,,,,,,MISS McDaniels 15' Step Back Jump Shot,11:41 PM
426,0,4,500,0021500614,Kelly REBOUND (Off:1 Def:8),,1:01,4,4,0,0,203527,Ryan Kelly,LAL,Los Angeles,1610612747.0,Lakers,0,,,,,,0,,,,,,,,,11:41 PM
427,1,1,501,0021500614,Brown 25' 3PT Jump Shot (10 PTS) (Huertas 2 AST),,0:49,4,4,4,0,1626148,Anthony Brown,LAL,Los Angeles,1610612747.0,Lakers,1626273,Marcelo Huertas,LAL,Los Angeles,1610612747.0,Lakers,0,,,,,,112 - 94,-18,,11:41 PM
428,1,5,502,0021500614,Russell STEAL (3 STL),,0:34,4,5,4,0,203909,KJ McDaniels,HOU,Houston,1610612745.0,Rockets,1626156,D'Angelo Russell,LAL,Los Angeles,1610612747.0,Lakers,0,,,,,,,,McDaniels Bad Pass Turnover (P1.T14),11:42 PM
429,28,6,503,0021500614,,,0:34,4,5,4,1,201977,Marcus Thornton,HOU,Houston,1610612745.0,Rockets,1626156,D'Angelo Russell,LAL,Los Angeles,1610612747.0,Lakers,0,,,,,,,,Thornton Personal Take Foul (P1.T4) (S.Wall),11:42 PM
430,2,6,506,0021500614,,,0:20,4,5,4,1,203093,Terrence Jones,HOU,Houston,1610612745.0,Rockets,204028,Tarik Black,LAL,Los Angeles,1610612747.0,Lakers,0,,,,,,,,Jones S.FOUL (P5.PN) (E.Malloy),11:42 PM
431,11,3,507,0021500614,Black Free Throw 1 of 2 (1 PTS),,0:20,4,4,0,0,204028,Tarik Black,LAL,Los Angeles,1610612747.0,Lakers,0,,,,,,0,,,,,,112 - 95,-17,,11:43 PM
432,12,3,509,0021500614,MISS Black Free Throw 2 of 2,,0:20,4,4,0,0,204028,Tarik Black,LAL,Los Angeles,1610612747.0,Lakers,0,,,,,,0,,,,,,,,,11:43 PM
433,0,4,511,0021500614,,,0:18,4,5,0,0,1626149,Montrezl Harrell,HOU,Houston,1610612745.0,Rockets,0,,,,,,0,,,,,,,,Harrell REBOUND (Off:2 Def:6),11:43 PM
434,0,13,512,0021500614,,,0:00,4,0,0,0,0,,,,,,0,,,,,,0,,,,,,112 - 95,-17,,11:43 PM
