,EVENTMSGACTIONTYPE,EVENTMSGTYPE,EVENTNUM,GAME_ID,HOMEDESCRIPTION,NEUTRALDESCRIPTION,PCTIMESTRING,PERIOD,PERSON1TYPE,PERSON2TYPE,PERSON3TYPE,PLAYER1_ID,PLAYER1_NAME,PLAYER1_TEAM_ABBREVIATION,PLAYER1_TEAM_CITY,PLAYER1_TEAM_ID,PLAYER1_TEAM_NICKNAME,PLAYER2_ID,PLAYER2_NAME,PLAYER2_TEAM_ABBREVIATION,PLAYER2_TEAM_CITY,PLAYER2_TEAM_ID,PLAYER2_TEAM_NICKNAME,PLAYER3_ID,PLAYER3_NAME,PLAYER3_TEAM_ABBREVIATION,PLAYER3_TEAM_CITY,PLAYER3_TEAM_ID,PLAYER3_TEAM_NICKNAME,SCORE,SCOREMARGIN,VISITORDESCRIPTION,WCTIMESTRING
0,0,12,0,0029800536,,,12:00,1,0,0,0,0,,,,,,0,,,,,,0,,,,,,,,,11:40 AM
1,0,10,1,0029800536,Jump Ball Mourning vs. Simpkins: Tip to Hardaway,,12:00,1,4,5,4,297,Alonzo Mourning,MIA,Miami,1610612748.0,Heat,54,Dickey Simpkins,CHI,Chicago,1610612741.0,Bulls,896,Tim Hardaway,MIA,Miami,1610612748.0,Heat,,,,11:42 AM
2,1,1,2,0029800536,Mourning 10' Jump Shot (2 PTS),,11:45,1,4,0,0,297,Alonzo Mourning,MIA,Miami,1610612748.0,Heat,0,,,,,,0,,,,,,0 - 2,2,,11:43 AM
3,1,2,3,0029800536,,,11:24,1,5,0,0,389,Toni Kukoc,CHI,Chicago,1610612741.0,Bulls,0,,,,,,0,,,,,,,,MISS Kukoc 19' Jump Shot,11:43 AM
4,0,4,4,0029800536,Mourning REBOUND (Off:0 Def:1),,11:22,1,4,0,0,297,Alonzo Mourning,MIA,Miami,1610612748.0,Heat,0,,,,,,0,,,,,,,,,11:43 AM
5,1,1,5,0029800536,Brown 10' Jump Shot (2 PTS) (Hardaway 1 AST),,11:11,1,4,4,0,136,P.J. Brown,MIA,Miami,1610612748.0,Heat,896,Tim Hardaway,MIA,Miami,1610612748.0,Heat,0,,,,,,0 - 4,4,,11:43 AM
6,1,7,6,0029800536,HEAT Violation: Delay of game Violation,,11:08,1,2,0,1,1610612748,,,,,,0,,,,,,0,,,,,,,,,11:43 AM
7,6,2,7,0029800536,Mourning BLOCK (1 BLK),,10:55,1,5,0,4,753,Randy Brown,CHI,Chicago,1610612741.0,Bulls,0,,,,,,297,Alonzo Mourning,MIA,Miami,1610612748.0,Heat,,,MISS Brown  Driving Layup,11:44 AM
8,0,4,8,0029800536,,,10:54,1,3,0,0,1610612741,,,,,,0,,,,,,0,,,,,,,,Bulls Rebound,11:44 AM
9,1,1,9,0029800536,,,10:51,1,5,5,0,1869,Charles R. Jones,CHI,Chicago,1610612741.0,Bulls,166,Ron Harper,CHI,Chicago,1610612741.0,Bulls,0,,,,,,2 - 4,2,Jones 22' Jump Shot (2 PTS) (Harper 1 AST),11:44 AM
10,5,1,10,0029800536,Hardaway  Layup (2 PTS) (Brown 1 AST),,10:38,1,4,4,0,896,Tim Hardaway,MIA,Miami,1610612748.0,Heat,136,P.J. Brown,MIA,Miami,1610612748.0,Heat,0,,,,,,2 - 6,4,,11:44 AM
11,2,5,11,0029800536,Majerle STEAL (1 STL),,10:28,1,5,4,0,753,Randy Brown,CHI,Chicago,1610612741.0,Bulls,105,Dan Majerle,MIA,Miami,1610612748.0,Heat,0,,,,,,,,Brown Lost Ball Turnover (P1.T1),11:44 AM
12,5,2,12,0029800536,MISS Brown  Layup,,10:23,1,4,0,5,136,P.J. Brown,MIA,Miami,1610612748.0,Heat,0,,,,,,1869,Charles R. Jones,CHI,Chicago,1610612741.0,Bulls,,,Jones BLOCK (1 BLK),11:44 AM
13,0,4,13,0029800536,Hardaway REBOUND (Off:1 Def:0),,10:20,1,4,0,0,896,Tim Hardaway,MIA,Miami,1610612748.0,Heat,0,,,,,,0,,,,,,,,,11:44 AM
14,1,2,14,0029800536,MISS Mashburn 21' Jump Shot,,10:17,1,4,0,0,469,Jamal Mashburn,MIA,Miami,1610612748.0,Heat,0,,,,,,0,,,,,,,,,11:44 AM
15,0,4,15,0029800536,,,10:16,1,5,0,0,166,Ron Harper,CHI,Chicago,1610612741.0,Bulls,0,,,,,,0,,,,,,,,Harper REBOUND (Off:0 Def:1),11:44 AM
16,2,9,16,0029800536,,,10:12,1,3,0,0,1610612741,,,,,,0,,,,,,0,,,,,,,,Bulls Timeout: Short (Reg.0 Short 1),11:45 AM
17,2,2,18,0029800536,,,9:56,1,5,0,0,166,Ron Harper,CHI,Chicago,1610612741.0,Bulls,0,,,,,,0,,,,,,,,MISS Harper 7' Running Jump Shot,11:46 AM
18,0,4,19,0029800536,Hardaway REBOUND (Off:1 Def:1),,9:53,1,4,0,0,896,Tim Hardaway,MIA,Miami,1610612748.0,Heat,0,,,,,,0,,,,,,,,,11:46 AM
19,1,6,20,0029800536,,,9:42,1,5,0,0,54,Dickey Simpkins,CHI,Chicago,1610612741.0,Bulls,0,,,,,,0,,,,,,,,Simpkins P.FOUL (P1.T1),11:46 AM
20,1,6,21,0029800536,,,9:32,1,5,0,0,753,Randy Brown,CHI,Chicago,1610612741.0,Bulls,0,,,,,,0,,,,,,,,Brown P.FOUL (P1.T2),11:46 AM
21,4,6,22,0029800536,Brown OFF.Foul (P1),,9:28,1,4,0,0,136,P.J. Brown,MIA,Miami,1610612748.0,Heat,0,,,,,,0,,,,,,,,,11:47 AM
22,5,5,23,0029800536,Brown Foul Turnover (P1.T1),,9:28,1,4,0,0,136,P.J. Brown,MIA,Miami,1610612748.0,Heat,0,,,,,,0,,,,,,,,,11:47 AM
23,5,1,24,0029800536,,,9:15,1,5,5,0,389,Toni Kukoc,CHI,Chicago,1610612741.0,Bulls,166,Ron Harper,CHI,Chicago,1610612741.0,Bulls,0,,,,,,4 - 6,2,Kukoc  Layup (2 PTS) (Harper 2 AST),11:47 AM
24,1,1,25,0029800536,Mashburn 17' Jump Shot (2 PTS) (Hardaway 2 AST),,8:55,1,4,4,0,469,Jamal Mashburn,MIA,Miami,1610612748.0,Heat,896,Tim Hardaway,MIA,Miami,1610612748.0,Heat,0,,,,,,4 - 8,4,,11:47 AM
25,3,1,26,0029800536,,,8:40,1,5,5,0,54,Dickey Simpkins,CHI,Chicago,1610612741.0,Bulls,753,Randy Brown,CHI,Chicago,1610612741.0,Bulls,0,,,,,,6 - 8,2,Simpkins 8' Hook Shot (2 PTS) (Brown 1 AST),11:48 AM
26,2,6,27,0029800536,Mashburn S.FOUL (P1.T1),,8:40,1,4,0,0,469,Jamal Mashburn,MIA,Miami,1610612748.0,Heat,0,,,,,,0,,,,,,,,,11:48 AM
27,10,3,28,0029800536,,,8:40,1,5,0,0,54,Dickey Simpkins,CHI,Chicago,1610612741.0,Bulls,0,,,,,,0,,,,,,7 - 8,1,Simpkins Free Throw 1 of 1 (3 PTS),11:48 AM
28,1,2,29,0029800536,MISS Majerle 24' 3PT Jump Shot,,8:23,1,4,0,0,105,Dan Majerle,MIA,Miami,1610612748.0,Heat,0,,,,,,0,,,,,,,,,11:48 AM
29,0,4,30,0029800536,,,8:21,1,5,0,0,753,Randy Brown,CHI,Chicago,1610612741.0,Bulls,0,,,,,,0,,,,,,,,Brown REBOUND (Off:0 Def:1),11:49 AM
30,3,6,31,0029800536,Brown L.B.FOUL (P2.T2),,8:21,1,4,0,0,136,P.J. Brown,MIA,Miami,1610612748.0,Heat,0,,,,,,0,,,,,,,,,11:49 AM
31,0,8,32,0029800536,SUB: Askins FOR Brown,,8:21,1,4,4,0,136,P.J. Brown,MIA,Miami,1610612748.0,Heat,173,Keith Askins,MIA,Miami,1610612748.0,Heat,0,,,,,,,,,11:49 AM
32,1,1,33,0029800536,,,7:58,1,5,0,0,389,Toni Kukoc,CHI,Chicago,1610612741.0,Bulls,0,,,,,,0,,,,,,9 - 8,-1,Kukoc 11' Jump Shot (4 PTS),11:49 AM
33,1,6,35,0029800536,,,7:50,1,5,0,0,54,Dickey Simpkins,CHI,Chicago,1610612741.0,Bulls,0,,,,,,0,,,,,,,,Simpkins P.FOUL (P2.T3),11:50 AM
34,0,8,36,0029800536,,,7:50,1,5,5,0,54,Dickey Simpkins,CHI,Chicago,1610612741.0,Bulls,82,Bill Wennington,CHI,Chicago,1610612741.0,Bulls,0,,,,,,,,SUB: Wennington FOR Simpkins,11:50 AM
35,4,6,37,0029800536,Mourning OFF.Foul (P1),,7:44,1,4,0,0,297,Alonzo Mourning,MIA,Miami,1610612748.0,Heat,0,,,,,,0,,,,,,,,,11:50 AM
36,5,5,38,0029800536,Mourning Foul Turnover (P1.T2),,7:44,1,4,0,0,297,Alonzo Mourning,MIA,Miami,1610612748.0,Heat,0,,,,,,0,,,,,,,,,11:50 AM
37,2,5,39,0029800536,Askins STEAL (1 STL),,7:23,1,5,4,0,389,Toni Kukoc,CHI,Chicago,1610612741.0,Bulls,173,Keith Askins,MIA,Miami,1610612748.0,Heat,0,,,,,,,,Kukoc Lost Ball Turnover (P1.T2),11:51 AM
38,1,1,40,0029800536,Mashburn 4' Jump Shot (4 PTS) (Hardaway 3 AST),,7:14,1,4,4,0,469,Jamal Mashburn,MIA,Miami,1610612748.0,Heat,896,Tim Hardaway,MIA,Miami,1610612748.0,Heat,0,,,,,,9 - 10,1,,11:51 AM
39,2,6,41,0029800536,,,7:14,1,5,0,0,82,Bill Wennington,CHI,Chicago,1610612741.0,Bulls,0,,,,,,0,,,,,,,,Wennington S.FOUL (P1.T4),11:51 AM
40,10,3,42,0029800536,MISS Mashburn Free Throw 1 of 1,,7:14,1,4,0,0,469,Jamal Mashburn,MIA,Miami,1610612748.0,Heat,0,,,,,,0,,,,,,,,,11:51 AM
41,0,4,43,0029800536,,,7:13,1,5,0,0,166,Ron Harper,CHI,Chicago,1610612741.0,Bulls,0,,,,,,0,,,,,,,,Harper REBOUND (Off:0 Def:2),11:51 AM
42,1,2,44,0029800536,,,6:57,1,5,0,0,753,Randy Brown,CHI,Chicago,1610612741.0,Bulls,0,,,,,,0,,,,,,,,MISS Brown 19' Jump Shot,11:52 AM
43,0,4,45,0029800536,Hardaway REBOUND (Off:1 Def:2),,6:55,1,4,0,0,896,Tim Hardaway,MIA,Miami,1610612748.0,Heat,0,,,,,,0,,,,,,,,,11:52 AM
44,1,9,46,0029800536,HEAT Timeout: Regular (Full 1 Short 0),,6:40,1,2,0,0,1610612748,,,,,,0,,,,,,0,,,,,,,,,11:52 AM
45,1,2,48,0029800536,MISS Majerle 28' 3PT Jump Shot,,6:33,1,4,0,0,105,Dan Majerle,MIA,Miami,1610612748.0,Heat,0,,,,,,0,,,,,,,,,11:54 AM
46,0,4,49,0029800536,,,6:31,1,5,0,0,82,Bill Wennington,CHI,Chicago,1610612741.0,Bulls,0,,,,,,0,,,,,,,,Wennington REBOUND (Off:0 Def:1),11:54 AM
47,1,2,50,0029800536,Askins BLOCK (1 BLK),,6:09,1,5,0,4,389,Toni Kukoc,CHI,Chicago,1610612741.0,Bulls,0,,,,,,173,Keith Askins,MIA,Miami,1610612748.0,Heat,,,MISS Kukoc 10' Jump Shot,11:55 AM
48,0,4,51,0029800536,,,6:07,1,5,0,0,389,Toni Kukoc,CHI,Chicago,1610612741.0,Bulls,0,,,,,,0,,,,,,,,Kukoc REBOUND (Off:1 Def:0),11:55 AM
49,1,1,52,0029800536,,,6:05,1,5,0,0,389,Toni Kukoc,CHI,Chicago,1610612741.0,Bulls,0,,,,,,0,,,,,,11 - 10,-1,Kukoc 8' Jump Shot (6 PTS),11:55 AM
50,1,6,53,0029800536,,,5:53,1,5,0,0,82,Bill Wennington,CHI,Chicago,1610612741.0,Bulls,0,,,,,,0,,,,,,,,Wennington P.FOUL (P2.PN),11:55 AM
51,11,3,54,0029800536,Mourning Free Throw 1 of 2 (3 PTS),,5:53,1,4,0,0,297,Alonzo Mourning,MIA,Miami,1610612748.0,Heat,0,,,,,,0,,,,,,11 - 11,TIE,,11:55 AM
52,12,3,55,0029800536,Mourning Free Throw 2 of 2 (4 PTS),,5:53,1,4,0,0,297,Alonzo Mourning,MIA,Miami,1610612748.0,Heat,0,,,,,,0,,,,,,11 - 12,1,,11:55 AM
53,2,6,56,0029800536,Askins S.FOUL (P1.T3),,5:35,1,4,0,0,173,Keith Askins,MIA,Miami,1610612748.0,Heat,0,,,,,,0,,,,,,,,,11:56 AM
54,11,3,57,0029800536,,,5:35,1,5,0,0,389,Toni Kukoc,CHI,Chicago,1610612741.0,Bulls,0,,,,,,0,,,,,,12 - 12,TIE,Kukoc Free Throw 1 of 2 (7 PTS),11:56 AM
55,12,3,58,0029800536,,,5:35,1,5,0,0,389,Toni Kukoc,CHI,Chicago,1610612741.0,Bulls,0,,,,,,0,,,,,,13 - 12,-1,Kukoc Free Throw 2 of 2 (8 PTS),11:56 AM
56,1,2,59,0029800536,MISS Hardaway 21' Jump Shot,,5:15,1,4,0,0,896,Tim Hardaway,MIA,Miami,1610612748.0,Heat,0,,,,,,0,,,,,,,,,11:57 AM
57,0,4,60,0029800536,Mourning REBOUND (Off:1 Def:1),,5:13,1,4,0,0,297,Alonzo Mourning,MIA,Miami,1610612748.0,Heat,0,,,,,,0,,,,,,,,,11:57 AM
58,1,2,61,0029800536,MISS Hardaway 24' 3PT Jump Shot,,5:08,1,4,0,0,896,Tim Hardaway,MIA,Miami,1610612748.0,Heat,0,,,,,,0,,,,,,,,,11:57 AM
59,0,4,62,0029800536,,,5:07,1,5,0,0,389,Toni Kukoc,CHI,Chicago,1610612741.0,Bulls,0,,,,,,0,,,,,,,,Kukoc REBOUND (Off:1 Def:1),11:57 AM
60,1,6,63,0029800536,Askins P.FOUL (P2.T4),,4:59,1,4,0,0,173,Keith Askins,MIA,Miami,1610612748.0,Heat,0,,,,,,0,,,,,,,,,11:57 AM
61,1,2,64,0029800536,,,4:52,1,5,0,0,82,Bill Wennington,CHI,Chicago,1610612741.0,Bulls,0,,,,,,0,,,,,,,,MISS Wennington 19' Jump Shot,11:58 AM
62,0,4,65,0029800536,Mashburn REBOUND (Off:0 Def:1),,4:49,1,4,0,0,469,Jamal Mashburn,MIA,Miami,1610612748.0,Heat,0,,,,,,0,,,,,,,,,11:58 AM
63,5,2,66,0029800536,MISS Mourning  Layup,,4:41,1,4,0,5,297,Alonzo Mourning,MIA,Miami,1610612748.0,Heat,0,,,,,,166,Ron Harper,CHI,Chicago,1610612741.0,Bulls,,,Harper BLOCK (1 BLK),11:58 AM
64,0,4,67,0029800536,,,4:39,1,5,0,0,166,Ron Harper,CHI,Chicago,1610612741.0,Bulls,0,,,,,,0,,,,,,,,Harper REBOUND (Off:0 Def:3),11:58 AM
65,1,2,68,0029800536,,,4:34,1,5,0,0,389,Toni Kukoc,CHI,Chicago,1610612741.0,Bulls,0,,,,,,0,,,,,,,,MISS Kukoc 20' Jump Shot,11:58 AM
66,0,4,69,0029800536,Hardaway REBOUND (Off:1 Def:3),,4:32,1,4,0,0,896,Tim Hardaway,MIA,Miami,1610612748.0,Heat,0,,,,,,0,,,,,,,,,11:58 AM
67,1,5,70,0029800536,Hardaway Bad Pass Turnover (P1.T3),,4:31,1,4,5,0,896,Tim Hardaway,MIA,Miami,1610612748.0,Heat,166,Ron Harper,CHI,Chicago,1610612741.0,Bulls,0,,,,,,,,Harper STEAL (1 STL),11:58 AM
68,1,2,71,0029800536,,,4:23,1,5,0,0,753,Randy Brown,CHI,Chicago,1610612741.0,Bulls,0,,,,,,0,,,,,,,,MISS Brown 18' Jump Shot,11:58 AM
69,0,4,72,0029800536,Majerle REBOUND (Off:0 Def:1),,4:21,1,4,0,0,105,Dan Majerle,MIA,Miami,1610612748.0,Heat,0,,,,,,0,,,,,,,,,11:58 AM
70,1,5,73,0029800536,Askins Bad Pass Turnover (P1.T4),,4:08,1,4,0,0,173,Keith Askins,MIA,Miami,1610612748.0,Heat,0,,,,,,0,,,,,,,,,11:59 AM
71,6,2,75,0029800536,,,3:45,1,5,0,0,166,Ron Harper,CHI,Chicago,1610612741.0,Bulls,0,,,,,,0,,,,,,,,MISS Harper  Driving Layup,11:59 AM
72,0,4,76,0029800536,Mashburn REBOUND (Off:0 Def:2),,3:43,1,4,0,0,469,Jamal Mashburn,MIA,Miami,1610612748.0,Heat,0,,,,,,0,,,,,,,,,11:59 AM
73,8,5,77,0029800536,Mourning 3 Second Violation Turnover (P2.T5),,3:36,1,4,0,0,297,Alonzo Mourning,MIA,Miami,1610612748.0,Heat,0,,,,,,0,,,,,,,,,11:59 AM
74,1,1,78,0029800536,,,3:15,1,5,5,0,166,Ron Harper,CHI,Chicago,1610612741.0,Bulls,753,Randy Brown,CHI,Chicago,1610612741.0,Bulls,0,,,,,,15 - 12,-3,Harper 5' Jump Shot (2 PTS) (Brown 2 AST),12:00 PM
75,7,1,79,0029800536,Mourning  Dunk (6 PTS) (Hardaway 4 AST),,2:55,1,4,4,0,297,Alonzo Mourning,MIA,Miami,1610612748.0,Heat,896,Tim Hardaway,MIA,Miami,1610612748.0,Heat,0,,,,,,15 - 14,-1,,12:00 PM
76,2,6,81,0029800536,Askins S.FOUL (P3.PN),,2:31,1,4,0,0,173,Keith Askins,MIA,Miami,1610612748.0,Heat,0,,,,,,0,,,,,,,,,12:01 PM
77,1,9,82,0029800536,,,2:31,1,3,0,0,1610612741,,,,,,0,,,,,,0,,,,,,,,Bulls Timeout: Regular (Reg.1 Short 1),12:01 PM
78,0,8,83,0029800536,SUB: Weatherspoon FOR Askins,,2:31,1,4,4,0,173,Keith Askins,MIA,Miami,1610612748.0,Heat,221,Clar. Weatherspoon,MIA,Miami,1610612748.0,Heat,0,,,,,,,,,12:03 PM
79,0,8,84,0029800536,,,2:31,1,5,5,0,166,Ron Harper,CHI,Chicago,1610612741.0,Bulls,1600,Kornel David,CHI,Chicago,1610612741.0,Bulls,0,,,,,,,,SUB: David FOR Harper,12:03 PM
80,11,3,85,0029800536,,,2:31,1,5,0,0,389,Toni Kukoc,CHI,Chicago,1610612741.0,Bulls,0,,,,,,0,,,,,,,,MISS Kukoc Free Throw 1 of 2,12:03 PM
81,0,4,108,0029800536,,,2:31,1,3,0,0,1610612741,,,,,,0,,,,,,0,,,,,,,,Bulls Rebound,12:03 PM
82,12,3,86,0029800536,,,2:31,1,5,0,0,389,Toni Kukoc,CHI,Chicago,1610612741.0,Bulls,0,,,,,,0,,,,,,16 - 14,-2,Kukoc Free Throw 2 of 2 (9 PTS),12:03 PM
83,6,1,87,0029800536,Mashburn  Driving Layup (6 PTS),,2:12,1,4,0,0,469,Jamal Mashburn,MIA,Miami,1610612748.0,Heat,0,,,,,,0,,,,,,16 - 16,TIE,,12:04 PM
84,2,6,88,0029800536,,,2:12,1,5,0,0,1600,Kornel David,CHI,Chicago,1610612741.0,Bulls,0,,,,,,0,,,,,,,,David S.FOUL (P1.PN),12:04 PM
85,10,3,89,0029800536,Mashburn Free Throw 1 of 1 (7 PTS),,2:12,1,4,0,0,469,Jamal Mashburn,MIA,Miami,1610612748.0,Heat,0,,,,,,0,,,,,,16 - 17,1,,12:04 PM
86,1,2,90,0029800536,,,1:49,1,5,0,0,389,Toni Kukoc,CHI,Chicago,1610612741.0,Bulls,0,,,,,,0,,,,,,,,MISS Kukoc 21' Jump Shot,12:05 PM
87,0,4,91,0029800536,Mourning REBOUND (Off:1 Def:2),,1:47,1,4,0,0,297,Alonzo Mourning,MIA,Miami,1610612748.0,Heat,0,,,,,,0,,,,,,,,,12:05 PM
88,1,2,92,0029800536,MISS Hardaway 25' 3PT Jump Shot,,1:40,1,4,0,0,896,Tim Hardaway,MIA,Miami,1610612748.0,Heat,0,,,,,,0,,,,,,,,,12:05 PM
89,0,4,93,0029800536,,,1:39,1,5,0,0,389,Toni Kukoc,CHI,Chicago,1610612741.0,Bulls,0,,,,,,0,,,,,,,,Kukoc REBOUND (Off:1 Def:2),12:05 PM
90,6,1,94,0029800536,,,1:30,1,5,5,0,753,Randy Brown,CHI,Chicago,1610612741.0,Bulls,82,Bill Wennington,CHI,Chicago,1610612741.0,Bulls,0,,,,,,18 - 17,-1,Brown  Driving Layup (2 PTS) (Wennington 1 AST),12:05 PM
91,5,1,95,0029800536,Weatherspoon  Layup (2 PTS) (Mashburn 1 AST),,1:11,1,4,4,0,221,Clar. Weatherspoon,MIA,Miami,1610612748.0,Heat,469,Jamal Mashburn,MIA,Miami,1610612748.0,Heat,0,,,,,,18 - 19,1,,12:05 PM
92,1,2,97,0029800536,,,0:49,1,5,0,0,1869,Charles R. Jones,CHI,Chicago,1610612741.0,Bulls,0,,,,,,0,,,,,,,,MISS Jones 24' 3PT Jump Shot,12:06 PM
93,0,4,98,0029800536,,,0:47,1,5,0,0,82,Bill Wennington,CHI,Chicago,1610612741.0,Bulls,0,,,,,,0,,,,,,,,Wennington REBOUND (Off:1 Def:1),12:06 PM
94,0,8,99,0029800536,SUB: Porter FOR Hardaway,,0:46,1,4,4,0,896,Tim Hardaway,MIA,Miami,1610612748.0,Heat,345,Terry Porter,MIA,Miami,1610612748.0,Heat,0,,,,,,,,,12:06 PM
95,4,6,100,0029800536,,,0:38,1,5,0,0,1600,Kornel David,CHI,Chicago,1610612741.0,Bulls,0,,,,,,0,,,,,,,,David OFF.Foul (P2),12:06 PM
96,5,5,101,0029800536,,,0:38,1,5,0,0,1600,Kornel David,CHI,Chicago,1610612741.0,Bulls,0,,,,,,0,,,,,,,,David Foul Turnover (P1.T3),12:06 PM
97,1,6,102,0029800536,,,0:24,1,5,0,0,82,Bill Wennington,CHI,Chicago,1610612741.0,Bulls,0,,,,,,0,,,,,,,,Wennington P.FOUL (P3.PN),12:07 PM
98,11,3,105,0029800536,Mourning Free Throw 1 of 2 (7 PTS),,0:24,1,4,0,0,297,Alonzo Mourning,MIA,Miami,1610612748.0,Heat,0,,,,,,0,,,,,,18 - 20,2,,12:07 PM
99,0,8,107,0029800536,,,0:24,1,5,5,0,82,Bill Wennington,CHI,Chicago,1610612741.0,Bulls,1522,Keith Booth,CHI,Chicago,1610612741.0,Bulls,0,,,,,,,,SUB: Booth FOR Wennington,12:07 PM
100,12,3,109,0029800536,MISS Mourning Free Throw 2 of 2,,0:24,1,4,0,0,297,Alonzo Mourning,MIA,Miami,1610612748.0,Heat,0,,,,,,0,,,,,,,,,12:07 PM
101,0,4,110,0029800536,HEAT Rebound,,0:23,1,2,0,0,1610612748,,,,,,0,,,,,,0,,,,,,,,,12:08 PM
102,1,2,112,0029800536,MISS Mourning 25' 3PT Jump Shot,,0:02,1,4,0,0,297,Alonzo Mourning,MIA,Miami,1610612748.0,Heat,0,,,,,,0,,,,,,,,,12:08 PM
103,0,4,113,0029800536,Majerle REBOUND (Off:1 Def:1),,0:00,1,4,0,0,105,Dan Majerle,MIA,Miami,1610612748.0,Heat,0,,,,,,0,,,,,,,,,12:08 PM
104,1,2,114,0029800536,MISS Majerle 22' Jump Shot,,0:00,1,4,0,0,105,Dan Majerle,MIA,Miami,1610612748.0,Heat,0,,,,,,0,,,,,,,,,12:08 PM
105,0,4,116,0029800536,HEAT Rebound,,0:00,1,2,0,0,1610612748,,,,,,0,,,,,,0,,,,,,,,,12:08 PM
106,0,13,117,0029800536,,,0:00,1,0,0,0,0,,,,,,0,,,,,,0,,,,,,18 - 20,2,,12:08 PM
107,0,12,119,0029800536,,,12:00,2,0,0,0,0,,,,,,0,,,,,,0,,,,,,18 - 20,2,,12:11 PM
108,3,2,120,0029800536,,,11:35,2,5,0,0,1522,Keith Booth,CHI,Chicago,1610612741.0,Bulls,0,,,,,,0,,,,,,,,MISS Booth 5' Hook Shot,12:11 PM
109,0,4,121,0029800536,,,11:33,2,5,0,0,1600,Kornel David,CHI,Chicago,1610612741.0,Bulls,0,,,,,,0,,,,,,,,David REBOUND (Off:1 Def:0),12:11 PM
110,1,2,122,0029800536,,,11:32,2,5,0,0,1600,Kornel David,CHI,Chicago,1610612741.0,Bulls,0,,,,,,0,,,,,,,,MISS David 5' Jump Shot,12:11 PM
111,0,4,123,0029800536,Mourning REBOUND (Off:1 Def:3),,11:30,2,4,0,0,297,Alonzo Mourning,MIA,Miami,1610612748.0,Heat,0,,,,,,0,,,,,,,,,12:11 PM
112,11,6,124,0029800536,,,11:25,2,7,0,1,1779,,,,,,0,,,,,,0,,,,,,,,,12:12 PM
113,16,3,125,0029800536,Porter Free Throw Technical (1 PTS),,11:25,2,4,0,0,345,Terry Porter,MIA,Miami,1610612748.0,Heat,0,,,,,,0,,,,,,18 - 21,3,,12:12 PM
114,0,8,126,0029800536,SUB: Walters FOR Majerle,,11:25,2,4,4,0,105,Dan Majerle,MIA,Miami,1610612748.0,Heat,777,Rex Walters,MIA,Miami,1610612748.0,Heat,0,,,,,,,,,12:12 PM
115,1,2,127,0029800536,MISS Mashburn 16' Jump Shot,,11:07,2,4,0,0,469,Jamal Mashburn,MIA,Miami,1610612748.0,Heat,0,,,,,,0,,,,,,,,,12:13 PM
116,0,4,128,0029800536,Mourning REBOUND (Off:2 Def:3),,11:05,2,4,0,0,297,Alonzo Mourning,MIA,Miami,1610612748.0,Heat,0,,,,,,0,,,,,,,,,12:13 PM
117,4,2,129,0029800536,MISS Mourning  Tip Shot,,11:03,2,4,0,0,297,Alonzo Mourning,MIA,Miami,1610612748.0,Heat,0,,,,,,0,,,,,,,,,12:13 PM
118,0,4,130,0029800536,Weatherspoon REBOUND (Off:1 Def:0),,11:01,2,4,0,0,221,Clar. Weatherspoon,MIA,Miami,1610612748.0,Heat,0,,,,,,0,,,,,,,,,12:13 PM
119,2,6,131,0029800536,,,11:01,2,5,0,0,389,Toni Kukoc,CHI,Chicago,1610612741.0,Bulls,0,,,,,,0,,,,,,,,Kukoc S.FOUL (P1.T1),12:13 PM
120,11,3,132,0029800536,Weatherspoon Free Throw 1 of 2 (3 PTS),,11:01,2,4,0,0,221,Clar. Weatherspoon,MIA,Miami,1610612748.0,Heat,0,,,,,,0,,,,,,18 - 22,4,,12:13 PM
121,12,3,133,0029800536,Weatherspoon Free Throw 2 of 2 (4 PTS),,11:01,2,4,0,0,221,Clar. Weatherspoon,MIA,Miami,1610612748.0,Heat,0,,,,,,0,,,,,,18 - 23,5,,12:13 PM
122,11,6,134,0029800536,,,10:59,2,7,0,1,1779,,,,,,0,,,,,,0,,,,,,,,,12:13 PM
123,1,11,135,0029800536,,,10:59,2,7,0,1,1779,,,,,,0,,,,,,0,,,,,,,,,12:14 PM
124,16,3,136,0029800536,Porter Free Throw Technical (2 PTS),,10:59,2,4,0,0,345,Terry Porter,MIA,Miami,1610612748.0,Heat,0,,,,,,0,,,,,,18 - 24,6,,12:14 PM
125,1,5,137,0029800536,Porter STEAL (1 STL),,10:44,2,5,4,0,1600,Kornel David,CHI,Chicago,1610612741.0,Bulls,345,Terry Porter,MIA,Miami,1610612748.0,Heat,0,,,,,,,,David Bad Pass Turnover (P2.T4),12:15 PM
126,5,1,138,0029800536,Mashburn  Layup (9 PTS) (Porter 1 AST),,10:36,2,4,4,0,469,Jamal Mashburn,MIA,Miami,1610612748.0,Heat,345,Terry Porter,MIA,Miami,1610612748.0,Heat,0,,,,,,18 - 26,8,,12:15 PM
127,1,2,139,0029800536,Mourning BLOCK (2 BLK),,10:20,2,5,0,4,1522,Keith Booth,CHI,Chicago,1610612741.0,Bulls,0,,,,,,297,Alonzo Mourning,MIA,Miami,1610612748.0,Heat,,,MISS Booth 6' Jump Shot,12:15 PM
128,0,4,140,0029800536,,,10:16,2,5,0,0,1522,Keith Booth,CHI,Chicago,1610612741.0,Bulls,0,,,,,,0,,,,,,,,Booth REBOUND (Off:1 Def:0),12:15 PM
129,1,2,141,0029800536,,,10:14,2,5,0,0,1869,Charles R. Jones,CHI,Chicago,1610612741.0,Bulls,0,,,,,,0,,,,,,,,MISS Jones 26' 3PT Jump Shot,12:15 PM
130,0,4,142,0029800536,Porter REBOUND (Off:0 Def:1),,10:11,2,4,0,0,345,Terry Porter,MIA,Miami,1610612748.0,Heat,0,,,,,,0,,,,,,,,,12:15 PM
131,5,1,143,0029800536,Mashburn  Layup (11 PTS) (Walters 1 AST),,10:09,2,4,4,0,469,Jamal Mashburn,MIA,Miami,1610612748.0,Heat,777,Rex Walters,MIA,Miami,1610612748.0,Heat,0,,,,,,18 - 28,10,,12:15 PM
132,1,9,144,0029800536,,,10:00,2,3,0,0,1610612741,,,,,,0,,,,,,0,,,,,,,,Bulls Timeout: Regular (Reg.2 Short 1),12:15 PM
133,0,8,146,0029800536,,,10:00,2,5,5,0,389,Toni Kukoc,CHI,Chicago,1610612741.0,Bulls,166,Ron Harper,CHI,Chicago,1610612741.0,Bulls,0,,,,,,,,SUB: Harper FOR Kukoc,12:17 PM
134,0,8,147,0029800536,,,10:00,2,5,5,0,1522,Keith Booth,CHI,Chicago,1610612741.0,Bulls,54,Dickey Simpkins,CHI,Chicago,1610612741.0,Bulls,0,,,,,,,,SUB: Simpkins FOR Booth,12:17 PM
135,1,1,148,0029800536,,,9:43,2,5,0,0,166,Ron Harper,CHI,Chicago,1610612741.0,Bulls,0,,,,,,0,,,,,,20 - 28,8,Harper 17' Jump Shot (4 PTS),12:18 PM
136,1,2,149,0029800536,MISS Walters 14' Jump Shot,,9:24,2,4,0,0,777,Rex Walters,MIA,Miami,1610612748.0,Heat,0,,,,,,0,,,,,,,,,12:18 PM
137,0,4,150,0029800536,,,9:24,2,3,0,0,1610612741,,,,,,0,,,,,,0,,,,,,,,Bulls Rebound,12:18 PM
138,1,1,151,0029800536,,,9:03,2,5,0,0,166,Ron Harper,CHI,Chicago,1610612741.0,Bulls,0,,,,,,0,,,,,,22 - 28,6,Harper 14' Jump Shot (6 PTS),12:19 PM
139,4,6,152,0029800536,Weatherspoon OFF.Foul (P1),,8:39,2,4,0,0,221,Clar. Weatherspoon,MIA,Miami,1610612748.0,Heat,0,,,,,,0,,,,,,,,,12:19 PM
140,5,5,153,0029800536,Weatherspoon Foul Turnover (P1.T6),,8:39,2,4,0,0,221,Clar. Weatherspoon,MIA,Miami,1610612748.0,Heat,0,,,,,,0,,,,,,,,,12:19 PM
141,0,8,154,0029800536,SUB: Brown FOR Mourning,,8:39,2,4,4,0,297,Alonzo Mourning,MIA,Miami,1610612748.0,Heat,136,P.J. Brown,MIA,Miami,1610612748.0,Heat,0,,,,,,,,,12:19 PM
142,1,2,155,0029800536,,,8:27,2,5,0,0,1600,Kornel David,CHI,Chicago,1610612741.0,Bulls,0,,,,,,0,,,,,,,,MISS David 20' Jump Shot,12:20 PM
143,0,4,156,0029800536,Brown REBOUND (Off:0 Def:1),,8:24,2,4,0,0,136,P.J. Brown,MIA,Miami,1610612748.0,Heat,0,,,,,,0,,,,,,,,,12:20 PM
144,1,1,157,0029800536,Weatherspoon 11' Jump Shot (6 PTS) (Walters 2 AST),,8:17,2,4,4,0,221,Clar. Weatherspoon,MIA,Miami,1610612748.0,Heat,777,Rex Walters,MIA,Miami,1610612748.0,Heat,0,,,,,,22 - 30,8,,12:20 PM
145,1,2,158,0029800536,,,7:55,2,5,0,0,753,Randy Brown,CHI,Chicago,1610612741.0,Bulls,0,,,,,,0,,,,,,,,MISS Brown 21' Jump Shot,12:20 PM
146,0,4,159,0029800536,Mashburn REBOUND (Off:0 Def:3),,7:53,2,4,0,0,469,Jamal Mashburn,MIA,Miami,1610612748.0,Heat,0,,,,,,0,,,,,,,,,12:20 PM
147,1,2,160,0029800536,MISS Walters 20' Jump Shot,,7:38,2,4,0,0,777,Rex Walters,MIA,Miami,1610612748.0,Heat,0,,,,,,0,,,,,,,,,12:20 PM
148,0,4,161,0029800536,,,7:36,2,5,0,0,54,Dickey Simpkins,CHI,Chicago,1610612741.0,Bulls,0,,,,,,0,,,,,,,,Simpkins REBOUND (Off:0 Def:1),12:20 PM
149,1,6,162,0029800536,Walters P.FOUL (P1.T1),,7:35,2,4,0,0,777,Rex Walters,MIA,Miami,1610612748.0,Heat,0,,,,,,0,,,,,,,,,12:20 PM
150,0,8,163,0029800536,SUB: Hardaway FOR Mashburn,,7:35,2,4,4,0,469,Jamal Mashburn,MIA,Miami,1610612748.0,Heat,896,Tim Hardaway,MIA,Miami,1610612748.0,Heat,0,,,,,,,,,12:21 PM
151,0,8,165,0029800536,,,7:35,2,5,5,0,753,Randy Brown,CHI,Chicago,1610612741.0,Bulls,1601,Rusty LaRue,CHI,Chicago,1610612741.0,Bulls,0,,,,,,,,SUB: LaRue FOR Brown,12:21 PM
152,6,2,166,0029800536,,,7:19,2,5,0,0,166,Ron Harper,CHI,Chicago,1610612741.0,Bulls,0,,,,,,0,,,,,,,,MISS Harper  Driving Layup,12:21 PM
153,0,4,167,0029800536,Walters REBOUND (Off:0 Def:1),,7:18,2,4,0,0,777,Rex Walters,MIA,Miami,1610612748.0,Heat,0,,,,,,0,,,,,,,,,12:21 PM
154,1,1,168,0029800536,Brown 14' Jump Shot (4 PTS) (Porter 2 AST),,6:57,2,4,4,0,136,P.J. Brown,MIA,Miami,1610612748.0,Heat,345,Terry Porter,MIA,Miami,1610612748.0,Heat,0,,,,,,22 - 32,10,,12:21 PM
155,1,2,169,0029800536,,,6:30,2,5,0,0,166,Ron Harper,CHI,Chicago,1610612741.0,Bulls,0,,,,,,0,,,,,,,,MISS Harper 18' Jump Shot,12:22 PM
156,0,4,170,0029800536,Weatherspoon REBOUND (Off:1 Def:1),,6:29,2,4,0,0,221,Clar. Weatherspoon,MIA,Miami,1610612748.0,Heat,0,,,,,,0,,,,,,,,,12:22 PM
157,2,5,171,0029800536,Porter Lost Ball Turnover (P1.T7),,6:24,2,4,0,0,345,Terry Porter,MIA,Miami,1610612748.0,Heat,0,,,,,,0,,,,,,,,,12:22 PM
158,4,9,172,0029800536,,,6:24,2,1,0,0,0,,,,,,0,,,,,,0,,,,,,,,,12:22 PM
159,0,8,174,0029800536,,,6:24,2,5,5,0,54,Dickey Simpkins,CHI,Chicago,1610612741.0,Bulls,389,Toni Kukoc,CHI,Chicago,1610612741.0,Bulls,0,,,,,,,,SUB: Kukoc FOR Simpkins,12:24 PM
160,0,8,175,0029800536,SUB: Majerle FOR Walters,,6:24,2,4,4,0,777,Rex Walters,MIA,Miami,1610612748.0,Heat,105,Dan Majerle,MIA,Miami,1610612748.0,Heat,0,,,,,,,,,12:24 PM
161,1,1,176,0029800536,,,6:03,2,5,5,0,1601,Rusty LaRue,CHI,Chicago,1610612741.0,Bulls,166,Ron Harper,CHI,Chicago,1610612741.0,Bulls,0,,,,,,24 - 32,8,LaRue 20' Jump Shot (2 PTS) (Harper 3 AST),12:25 PM
162,1,1,177,0029800536,Porter 24' 3PT Jump Shot (5 PTS) (Majerle 1 AST),,5:45,2,4,4,0,345,Terry Porter,MIA,Miami,1610612748.0,Heat,105,Dan Majerle,MIA,Miami,1610612748.0,Heat,0,,,,,,24 - 35,11,,12:25 PM
163,2,5,178,0029800536,Porter STEAL (2 STL),,5:22,2,5,4,0,1869,Charles R. Jones,CHI,Chicago,1610612741.0,Bulls,345,Terry Porter,MIA,Miami,1610612748.0,Heat,0,,,,,,,,Jones Lost Ball Turnover (P1.T5),12:25 PM
164,5,1,179,0029800536,Majerle  Layup (2 PTS) (Hardaway 5 AST),,5:17,2,4,4,0,105,Dan Majerle,MIA,Miami,1610612748.0,Heat,896,Tim Hardaway,MIA,Miami,1610612748.0,Heat,0,,,,,,24 - 37,13,,12:26 PM
165,5,2,180,0029800536,Porter BLOCK (1 BLK),,5:02,2,5,0,4,389,Toni Kukoc,CHI,Chicago,1610612741.0,Bulls,0,,,,,,345,Terry Porter,MIA,Miami,1610612748.0,Heat,,,MISS Kukoc  Layup,12:26 PM
166,0,4,181,0029800536,Porter REBOUND (Off:0 Def:2),,4:59,2,4,0,0,345,Terry Porter,MIA,Miami,1610612748.0,Heat,0,,,,,,0,,,,,,,,,12:26 PM
167,1,5,182,0029800536,Porter Bad Pass Turnover (P2.T8),,4:57,2,4,5,0,345,Terry Porter,MIA,Miami,1610612748.0,Heat,166,Ron Harper,CHI,Chicago,1610612741.0,Bulls,0,,,,,,,,Harper STEAL (2 STL),12:26 PM
168,1,2,183,0029800536,,,4:49,2,5,0,0,1601,Rusty LaRue,CHI,Chicago,1610612741.0,Bulls,0,,,,,,0,,,,,,,,MISS LaRue 18' Jump Shot,12:26 PM
169,0,4,184,0029800536,Weatherspoon REBOUND (Off:1 Def:2),,4:47,2,4,0,0,221,Clar. Weatherspoon,MIA,Miami,1610612748.0,Heat,0,,,,,,0,,,,,,,,,12:26 PM
170,3,2,185,0029800536,MISS Hardaway 8' Hook Shot,,4:26,2,4,0,0,896,Tim Hardaway,MIA,Miami,1610612748.0,Heat,0,,,,,,0,,,,,,,,,12:26 PM
171,0,4,186,0029800536,,,4:24,2,5,0,0,389,Toni Kukoc,CHI,Chicago,1610612741.0,Bulls,0,,,,,,0,,,,,,,,Kukoc REBOUND (Off:1 Def:3),12:26 PM
172,1,2,187,0029800536,,,4:08,2,5,0,0,389,Toni Kukoc,CHI,Chicago,1610612741.0,Bulls,0,,,,,,0,,,,,,,,MISS Kukoc 23' Jump Shot,12:27 PM
173,0,4,188,0029800536,Majerle REBOUND (Off:1 Def:2),,4:07,2,4,0,0,105,Dan Majerle,MIA,Miami,1610612748.0,Heat,0,,,,,,0,,,,,,,,,12:27 PM
174,1,1,189,0029800536,Hardaway 25' 3PT Jump Shot (5 PTS),,4:02,2,4,0,0,896,Tim Hardaway,MIA,Miami,1610612748.0,Heat,0,,,,,,0,,,,,,24 - 40,16,,12:27 PM
175,3,2,190,0029800536,,,3:46,2,5,0,0,389,Toni Kukoc,CHI,Chicago,1610612741.0,Bulls,0,,,,,,0,,,,,,,,MISS Kukoc 6' Hook Shot,12:27 PM
176,0,4,191,0029800536,Weatherspoon REBOUND (Off:1 Def:3),,3:43,2,4,0,0,221,Clar. Weatherspoon,MIA,Miami,1610612748.0,Heat,0,,,,,,0,,,,,,,,,12:27 PM
177,1,6,192,0029800536,,,3:40,2,5,0,0,1869,Charles R. Jones,CHI,Chicago,1610612741.0,Bulls,0,,,,,,0,,,,,,,,Jones P.FOUL (P1.T2),12:27 PM
178,0,8,193,0029800536,SUB: Mourning FOR Weatherspoon,,3:40,2,4,4,0,221,Clar. Weatherspoon,MIA,Miami,1610612748.0,Heat,297,Alonzo Mourning,MIA,Miami,1610612748.0,Heat,0,,,,,,,,,12:27 PM
179,0,8,194,0029800536,,,3:40,2,5,5,0,1869,Charles R. Jones,CHI,Chicago,1610612741.0,Bulls,1757,Cory Carr,CHI,Chicago,1610612741.0,Bulls,0,,,,,,,,SUB: Carr FOR Jones,12:27 PM
180,0,8,195,0029800536,,,3:40,2,5,5,0,1600,Kornel David,CHI,Chicago,1610612741.0,Bulls,54,Dickey Simpkins,CHI,Chicago,1610612741.0,Bulls,0,,,,,,,,SUB: Simpkins FOR David,12:28 PM
181,1,9,196,0029800536,HEAT Timeout: Regular (Full 2 Short 0),,3:40,2,2,0,0,1610612748,,,,,,0,,,,,,0,,,,,,,,,12:28 PM
182,3,1,198,0029800536,Mourning 10' Hook Shot (9 PTS) (Porter 3 AST),,3:28,2,4,4,0,297,Alonzo Mourning,MIA,Miami,1610612748.0,Heat,345,Terry Porter,MIA,Miami,1610612748.0,Heat,0,,,,,,24 - 42,18,,12:30 PM
183,1,5,199,0029800536,,,3:09,2,5,0,0,54,Dickey Simpkins,CHI,Chicago,1610612741.0,Bulls,0,,,,,,0,,,,,,,,Simpkins Bad Pass Turnover (P1.T6),12:30 PM
184,1,5,200,0029800536,Hardaway Bad Pass Turnover (P2.T9),,3:01,2,4,0,0,896,Tim Hardaway,MIA,Miami,1610612748.0,Heat,0,,,,,,0,,,,,,,,,12:31 PM
185,1,5,201,0029800536,Porter STEAL (3 STL),,2:56,2,5,4,0,1757,Cory Carr,CHI,Chicago,1610612741.0,Bulls,345,Terry Porter,MIA,Miami,1610612748.0,Heat,0,,,,,,,,Carr Bad Pass Turnover (P1.T7),12:31 PM
186,5,1,202,0029800536,Porter  Layup (7 PTS) (Majerle 2 AST),,2:52,2,4,4,0,345,Terry Porter,MIA,Miami,1610612748.0,Heat,105,Dan Majerle,MIA,Miami,1610612748.0,Heat,0,,,,,,24 - 44,20,,12:31 PM
187,1,1,203,0029800536,,,2:38,2,5,5,0,1601,Rusty LaRue,CHI,Chicago,1610612741.0,Bulls,1757,Cory Carr,CHI,Chicago,1610612741.0,Bulls,0,,,,,,27 - 44,17,LaRue 25' 3PT Jump Shot (5 PTS) (Carr 1 AST),12:31 PM
188,1,5,204,0029800536,Majerle Bad Pass Turnover (P1.T10),,2:31,2,4,0,0,105,Dan Majerle,MIA,Miami,1610612748.0,Heat,0,,,,,,0,,,,,,,,,12:31 PM
189,0,8,205,0029800536,,,2:31,2,5,5,0,1757,Cory Carr,CHI,Chicago,1610612741.0,Bulls,753,Randy Brown,CHI,Chicago,1610612741.0,Bulls,0,,,,,,,,SUB: Brown FOR Carr,12:31 PM
190,1,5,206,0029800536,Mourning STEAL (1 STL),,2:21,2,5,4,0,166,Ron Harper,CHI,Chicago,1610612741.0,Bulls,297,Alonzo Mourning,MIA,Miami,1610612748.0,Heat,0,,,,,,,,Harper Bad Pass Turnover (P1.T8),12:32 PM
191,5,2,207,0029800536,MISS Majerle  Layup,,2:17,2,4,0,0,105,Dan Majerle,MIA,Miami,1610612748.0,Heat,0,,,,,,0,,,,,,,,,12:32 PM
192,0,4,208,0029800536,Mourning REBOUND (Off:3 Def:3),,2:14,2,4,0,0,297,Alonzo Mourning,MIA,Miami,1610612748.0,Heat,0,,,,,,0,,,,,,,,,12:32 PM
193,5,1,209,0029800536,Mourning  Layup (11 PTS),,2:13,2,4,0,0,297,Alonzo Mourning,MIA,Miami,1610612748.0,Heat,0,,,,,,0,,,,,,27 - 46,19,,12:32 PM
194,1,5,210,0029800536,,,2:03,2,5,0,0,54,Dickey Simpkins,CHI,Chicago,1610612741.0,Bulls,0,,,,,,0,,,,,,,,Simpkins Bad Pass Turnover (P2.T9),12:32 PM
195,0,8,211,0029800536,SUB: Mashburn FOR Porter,,2:03,2,4,4,0,345,Terry Porter,MIA,Miami,1610612748.0,Heat,469,Jamal Mashburn,MIA,Miami,1610612748.0,Heat,0,,,,,,,,,12:32 PM
196,1,1,212,0029800536,Mourning 20' Jump Shot (13 PTS) (Hardaway 6 AST),,1:47,2,4,4,0,297,Alonzo Mourning,MIA,Miami,1610612748.0,Heat,896,Tim Hardaway,MIA,Miami,1610612748.0,Heat,0,,,,,,27 - 48,21,,12:32 PM
197,1,1,213,0029800536,,,1:29,2,5,5,0,1601,Rusty LaRue,CHI,Chicago,1610612741.0,Bulls,389,Toni Kukoc,CHI,Chicago,1610612741.0,Bulls,0,,,,,,30 - 48,18,LaRue 24' 3PT Jump Shot (8 PTS) (Kukoc 1 AST),12:33 PM
198,1,2,214,0029800536,MISS Majerle 4' Jump Shot,,1:15,2,4,0,0,105,Dan Majerle,MIA,Miami,1610612748.0,Heat,0,,,,,,0,,,,,,,,,12:33 PM
199,0,4,215,0029800536,,,1:13,2,3,0,0,1610612741,,,,,,0,,,,,,0,,,,,,,,Bulls Rebound,12:33 PM
200,3,6,216,0029800536,Majerle L.B.FOUL (P1.T2),,1:13,2,4,0,0,105,Dan Majerle,MIA,Miami,1610612748.0,Heat,0,,,,,,0,,,,,,,,,12:33 PM
201,1,2,217,0029800536,,,1:00,2,5,0,0,389,Toni Kukoc,CHI,Chicago,1610612741.0,Bulls,0,,,,,,0,,,,,,,,MISS Kukoc 13' Jump Shot,12:34 PM
202,0,4,218,0029800536,,,0:58,2,5,0,0,54,Dickey Simpkins,CHI,Chicago,1610612741.0,Bulls,0,,,,,,0,,,,,,,,Simpkins REBOUND (Off:1 Def:1),12:34 PM
203,5,1,219,0029800536,,,0:57,2,5,0,0,54,Dickey Simpkins,CHI,Chicago,1610612741.0,Bulls,0,,,,,,0,,,,,,32 - 48,16,Simpkins  Layup (5 PTS),12:34 PM
204,1,5,220,0029800536,Hardaway Bad Pass Turnover (P3.T11),,0:52,2,4,5,0,896,Tim Hardaway,MIA,Miami,1610612748.0,Heat,753,Randy Brown,CHI,Chicago,1610612741.0,Bulls,0,,,,,,,,Brown STEAL (1 STL),12:34 PM
205,5,2,221,0029800536,Hardaway BLOCK (1 BLK),,0:44,2,5,0,4,389,Toni Kukoc,CHI,Chicago,1610612741.0,Bulls,0,,,,,,896,Tim Hardaway,MIA,Miami,1610612748.0,Heat,,,MISS Kukoc  Layup,12:34 PM
206,0,4,222,0029800536,Majerle REBOUND (Off:1 Def:3),,0:42,2,4,0,0,105,Dan Majerle,MIA,Miami,1610612748.0,Heat,0,,,,,,0,,,,,,,,,12:34 PM
207,2,6,223,0029800536,,,0:40,2,5,0,0,753,Randy Brown,CHI,Chicago,1610612741.0,Bulls,0,,,,,,0,,,,,,,,Brown S.FOUL (P2.T3),12:34 PM
208,11,6,224,0029800536,,,0:40,2,5,0,1,753,Randy Brown,CHI,Chicago,1610612741.0,Bulls,0,,,,,,0,,,,,,,,Brown T.FOUL (P2.T3),12:34 PM
209,11,6,225,0029800536,,,0:40,2,5,0,1,753,Randy Brown,CHI,Chicago,1610612741.0,Bulls,0,,,,,,0,,,,,,,,Brown T.FOUL (P2.T3),12:34 PM
210,1,11,226,0029800536,,,0:40,2,5,0,1,753,Randy Brown,CHI,Chicago,1610612741.0,Bulls,0,,,,,,0,,,,,,,,Brown Ejection:Second Technical,12:34 PM
211,0,8,227,0029800536,,,0:40,2,5,5,0,753,Randy Brown,CHI,Chicago,1610612741.0,Bulls,1522,Keith Booth,CHI,Chicago,1610612741.0,Bulls,0,,,,,,,,SUB: Booth FOR Brown,12:34 PM
212,16,3,228,0029800536,Hardaway Free Throw Technical (6 PTS),,0:40,2,4,0,0,896,Tim Hardaway,MIA,Miami,1610612748.0,Heat,0,,,,,,0,,,,,,32 - 49,17,,12:35 PM
213,16,3,229,0029800536,Hardaway Free Throw Technical (7 PTS),,0:40,2,4,0,0,896,Tim Hardaway,MIA,Miami,1610612748.0,Heat,0,,,,,,0,,,,,,32 - 50,18,,12:35 PM
214,0,8,230,0029800536,,,0:40,2,5,5,0,166,Ron Harper,CHI,Chicago,1610612741.0,Bulls,1757,Cory Carr,CHI,Chicago,1610612741.0,Bulls,0,,,,,,,,SUB: Carr FOR Harper,12:36 PM
215,13,3,231,0029800536,Hardaway Free Throw 1 of 3 (8 PTS),,0:40,2,4,0,0,896,Tim Hardaway,MIA,Miami,1610612748.0,Heat,0,,,,,,0,,,,,,32 - 51,19,,12:36 PM
216,14,3,232,0029800536,Hardaway Free Throw 2 of 3 (9 PTS),,0:40,2,4,0,0,896,Tim Hardaway,MIA,Miami,1610612748.0,Heat,0,,,,,,0,,,,,,32 - 52,20,,12:36 PM
217,0,8,233,0029800536,SUB: Weatherspoon FOR Brown,,0:40,2,4,4,0,136,P.J. Brown,MIA,Miami,1610612748.0,Heat,221,Clar. Weatherspoon,MIA,Miami,1610612748.0,Heat,0,,,,,,,,,12:36 PM
218,0,8,234,0029800536,,,0:40,2,5,5,0,54,Dickey Simpkins,CHI,Chicago,1610612741.0,Bulls,1600,Kornel David,CHI,Chicago,1610612741.0,Bulls,0,,,,,,,,SUB: David FOR Simpkins,12:36 PM
219,15,3,235,0029800536,MISS Hardaway Free Throw 3 of 3,,0:40,2,4,0,0,896,Tim Hardaway,MIA,Miami,1610612748.0,Heat,0,,,,,,0,,,,,,,,,12:36 PM
220,0,4,236,0029800536,,,0:39,2,5,0,0,1522,Keith Booth,CHI,Chicago,1610612741.0,Bulls,0,,,,,,0,,,,,,,,Booth REBOUND (Off:1 Def:1),12:37 PM
221,1,6,237,0029800536,Weatherspoon P.FOUL (P2.PN),,0:26,2,4,0,0,221,Clar. Weatherspoon,MIA,Miami,1610612748.0,Heat,0,,,,,,0,,,,,,,,,12:37 PM
222,11,3,238,0029800536,,,0:26,2,5,0,0,389,Toni Kukoc,CHI,Chicago,1610612741.0,Bulls,0,,,,,,0,,,,,,33 - 52,19,Kukoc Free Throw 1 of 2 (10 PTS),12:37 PM
223,0,8,239,0029800536,SUB: Porter FOR Weatherspoon,,0:26,2,4,4,0,221,Clar. Weatherspoon,MIA,Miami,1610612748.0,Heat,345,Terry Porter,MIA,Miami,1610612748.0,Heat,0,,,,,,,,,12:37 PM
224,12,3,240,0029800536,,,0:26,2,5,0,0,389,Toni Kukoc,CHI,Chicago,1610612741.0,Bulls,0,,,,,,0,,,,,,34 - 52,18,Kukoc Free Throw 2 of 2 (11 PTS),12:37 PM
225,6,1,242,0029800536,Mashburn  Driving Layup (13 PTS),,0:05,2,4,0,0,469,Jamal Mashburn,MIA,Miami,1610612748.0,Heat,0,,,,,,0,,,,,,34 - 54,20,,12:38 PM
226,1,2,243,0029800536,,,0:02,2,5,0,0,389,Toni Kukoc,CHI,Chicago,1610612741.0,Bulls,0,,,,,,0,,,,,,,,MISS Kukoc 26' 3PT Jump Shot,12:38 PM
227,0,4,244,0029800536,Porter REBOUND (Off:0 Def:3),,0:00,2,4,0,0,345,Terry Porter,MIA,Miami,1610612748.0,Heat,0,,,,,,0,,,,,,,,,12:38 PM
228,11,6,246,0029800536,,,0:00,2,5,0,1,389,Toni Kukoc,CHI,Chicago,1610612741.0,Bulls,0,,,,,,0,,,,,,,,Kukoc T.FOUL (P1.T3),12:38 PM
229,0,13,247,0029800536,,,0:00,2,0,0,0,0,,,,,,0,,,,,,0,,,,,,34 - 54,20,,12:38 PM
230,0,12,249,0029800536,,,12:00,3,0,0,0,0,,,,,,0,,,,,,0,,,,,,34 - 54,20,,12:54 PM
231,16,3,250,0029800536,Hardaway Free Throw Technical (10 PTS),,12:00,3,4,0,0,896,Tim Hardaway,MIA,Miami,1610612748.0,Heat,0,,,,,,0,,,,,,34 - 55,21,,12:55 PM
232,1,2,251,0029800536,,,11:38,3,5,0,0,1601,Rusty LaRue,CHI,Chicago,1610612741.0,Bulls,0,,,,,,0,,,,,,,,MISS LaRue 26' 3PT Jump Shot,12:55 PM
233,0,4,252,0029800536,Brown REBOUND (Off:0 Def:2),,11:35,3,4,0,0,136,P.J. Brown,MIA,Miami,1610612748.0,Heat,0,,,,,,0,,,,,,,,,12:55 PM
234,1,2,253,0029800536,MISS Majerle 26' 3PT Jump Shot,,11:20,3,4,0,0,105,Dan Majerle,MIA,Miami,1610612748.0,Heat,0,,,,,,0,,,,,,,,,12:55 PM
235,0,4,254,0029800536,,,11:18,3,3,0,0,1610612741,,,,,,0,,,,,,0,,,,,,,,Bulls Rebound,12:55 PM
236,1,1,255,0029800536,,,11:10,3,5,5,0,166,Ron Harper,CHI,Chicago,1610612741.0,Bulls,389,Toni Kukoc,CHI,Chicago,1610612741.0,Bulls,0,,,,,,36 - 55,19,Harper 9' Jump Shot (8 PTS) (Kukoc 2 AST),12:56 PM
237,1,2,256,0029800536,MISS Mashburn 24' 3PT Jump Shot,,10:45,3,4,0,0,469,Jamal Mashburn,MIA,Miami,1610612748.0,Heat,0,,,,,,0,,,,,,,,,12:56 PM
238,0,4,257,0029800536,,,10:43,3,3,0,0,1610612741,,,,,,0,,,,,,0,,,,,,,,Bulls Rebound,12:56 PM
239,14,6,258,0029800536,Mourning FLAGRANT.FOUL.TYPE1 (P2.T1),,10:29,3,4,0,1,297,Alonzo Mourning,MIA,Miami,1610612748.0,Heat,0,,,,,,0,,,,,,,,,12:57 PM
240,17,3,259,0029800536,,,10:29,3,5,0,0,54,Dickey Simpkins,CHI,Chicago,1610612741.0,Bulls,0,,,,,,0,,,,,,,,MISS Simpkins Free Throw Clear Path,12:57 PM
241,1,4,260,0029800536,,,10:29,3,3,0,0,1610612741,,,,,,0,,,,,,0,,,,,,,,Bulls Rebound,12:57 PM
242,18,3,261,0029800536,,,10:29,3,5,0,0,54,Dickey Simpkins,CHI,Chicago,1610612741.0,Bulls,0,,,,,,0,,,,,,,,MISS Simpkins Free Throw Flagrant 1 of 2,12:57 PM
243,1,4,262,0029800536,,,10:29,3,3,0,0,1610612741,,,,,,0,,,,,,0,,,,,,,,Bulls Rebound,12:57 PM
244,6,2,263,0029800536,Mourning BLOCK (3 BLK),,10:16,3,5,0,4,54,Dickey Simpkins,CHI,Chicago,1610612741.0,Bulls,0,,,,,,297,Alonzo Mourning,MIA,Miami,1610612748.0,Heat,,,MISS Simpkins  Driving Layup,12:58 PM
245,0,4,264,0029800536,,,10:15,3,3,0,0,1610612741,,,,,,0,,,,,,0,,,,,,,,Bulls Rebound,12:58 PM
246,1,1,265,0029800536,,,10:07,3,5,0,0,389,Toni Kukoc,CHI,Chicago,1610612741.0,Bulls,0,,,,,,0,,,,,,38 - 55,17,Kukoc 18' Jump Shot (13 PTS),12:58 PM
247,1,2,266,0029800536,MISS Brown 15' Jump Shot,,9:48,3,4,0,0,136,P.J. Brown,MIA,Miami,1610612748.0,Heat,0,,,,,,0,,,,,,,,,12:59 PM
248,0,4,267,0029800536,,,9:46,3,5,0,0,1869,Charles R. Jones,CHI,Chicago,1610612741.0,Bulls,0,,,,,,0,,,,,,,,Jones REBOUND (Off:0 Def:1),12:59 PM
249,1,1,268,0029800536,,,9:39,3,5,5,0,166,Ron Harper,CHI,Chicago,1610612741.0,Bulls,1601,Rusty LaRue,CHI,Chicago,1610612741.0,Bulls,0,,,,,,41 - 55,14,Harper 25' 3PT Jump Shot (11 PTS) (LaRue 1 AST),12:59 PM
250,2,9,269,0029800536,HEAT Timeout: Short (Full 2 Short 1),,9:35,3,2,0,0,1610612748,,,,,,0,,,,,,0,,,,,,,,,12:59 PM
251,7,1,271,0029800536,Brown  Dunk (6 PTS) (Mashburn 2 AST),,9:16,3,4,4,0,136,P.J. Brown,MIA,Miami,1610612748.0,Heat,469,Jamal Mashburn,MIA,Miami,1610612748.0,Heat,0,,,,,,41 - 57,16,,1:00 PM
252,2,6,272,0029800536,Mourning S.FOUL (P3.T2),,8:55,3,4,0,0,297,Alonzo Mourning,MIA,Miami,1610612748.0,Heat,0,,,,,,0,,,,,,,,,1:00 PM
253,11,3,273,0029800536,,,8:55,3,5,0,0,54,Dickey Simpkins,CHI,Chicago,1610612741.0,Bulls,0,,,,,,0,,,,,,42 - 57,15,Simpkins Free Throw 1 of 2 (6 PTS),1:01 PM
254,12,3,274,0029800536,,,8:55,3,5,0,0,54,Dickey Simpkins,CHI,Chicago,1610612741.0,Bulls,0,,,,,,0,,,,,,43 - 57,14,Simpkins Free Throw 2 of 2 (7 PTS),1:01 PM
255,1,6,275,0029800536,,,8:43,3,5,0,0,166,Ron Harper,CHI,Chicago,1610612741.0,Bulls,0,,,,,,0,,,,,,,,Harper P.FOUL (P1.T1),1:01 PM
256,5,2,276,0029800536,MISS Mourning  Layup,,8:33,3,4,0,5,297,Alonzo Mourning,MIA,Miami,1610612748.0,Heat,0,,,,,,166,Ron Harper,CHI,Chicago,1610612741.0,Bulls,,,Harper BLOCK (2 BLK),1:02 PM
257,0,4,277,0029800536,Mashburn REBOUND (Off:1 Def:3),,8:30,3,4,0,0,469,Jamal Mashburn,MIA,Miami,1610612748.0,Heat,0,,,,,,0,,,,,,,,,1:02 PM
258,1,1,278,0029800536,Hardaway 26' 3PT Jump Shot (13 PTS) (Mashburn 3 AST),,8:28,3,4,4,0,896,Tim Hardaway,MIA,Miami,1610612748.0,Heat,469,Jamal Mashburn,MIA,Miami,1610612748.0,Heat,0,,,,,,43 - 60,17,,1:02 PM
259,1,2,279,0029800536,,,8:04,3,5,0,0,389,Toni Kukoc,CHI,Chicago,1610612741.0,Bulls,0,,,,,,0,,,,,,,,MISS Kukoc 12' Jump Shot,1:02 PM
260,0,4,280,0029800536,Mourning REBOUND (Off:3 Def:4),,8:02,3,4,0,0,297,Alonzo Mourning,MIA,Miami,1610612748.0,Heat,0,,,,,,0,,,,,,,,,1:02 PM
261,2,6,281,0029800536,,,7:47,3,5,0,0,166,Ron Harper,CHI,Chicago,1610612741.0,Bulls,0,,,,,,0,,,,,,,,Harper S.FOUL (P2.T2),1:02 PM
262,11,3,282,0029800536,Mashburn Free Throw 1 of 2 (14 PTS),,7:47,3,4,0,0,469,Jamal Mashburn,MIA,Miami,1610612748.0,Heat,0,,,,,,0,,,,,,43 - 61,18,,1:03 PM
263,12,3,283,0029800536,MISS Mashburn Free Throw 2 of 2,,7:47,3,4,0,0,469,Jamal Mashburn,MIA,Miami,1610612748.0,Heat,0,,,,,,0,,,,,,,,,1:03 PM
264,0,4,284,0029800536,,,7:46,3,5,0,0,389,Toni Kukoc,CHI,Chicago,1610612741.0,Bulls,0,,,,,,0,,,,,,,,Kukoc REBOUND (Off:1 Def:4),1:03 PM
265,1,1,285,0029800536,,,7:25,3,5,5,0,389,Toni Kukoc,CHI,Chicago,1610612741.0,Bulls,166,Ron Harper,CHI,Chicago,1610612741.0,Bulls,0,,,,,,45 - 61,16,Kukoc 22' Jump Shot (15 PTS) (Harper 4 AST),1:03 PM
266,1,6,286,0029800536,,,6:59,3,5,0,0,54,Dickey Simpkins,CHI,Chicago,1610612741.0,Bulls,0,,,,,,0,,,,,,,,Simpkins P.FOUL (P3.T3),1:04 PM
267,1,9,287,0029800536,HEAT Timeout: Regular (Full 3 Short 1),,6:59,3,2,0,0,1610612748,,,,,,0,,,,,,0,,,,,,,,,1:04 PM
268,0,8,289,0029800536,,,6:59,3,5,5,0,1869,Charles R. Jones,CHI,Chicago,1610612741.0,Bulls,1522,Keith Booth,CHI,Chicago,1610612741.0,Bulls,0,,,,,,,,SUB: Booth FOR Jones,1:06 PM
269,11,3,290,0029800536,MISS Mourning Free Throw 1 of 2,,6:59,3,4,0,0,297,Alonzo Mourning,MIA,Miami,1610612748.0,Heat,0,,,,,,0,,,,,,,,,1:07 PM
270,1,4,291,0029800536,HEAT Rebound,,6:59,3,2,0,0,1610612748,,,,,,0,,,,,,0,,,,,,,,,1:07 PM
271,12,3,292,0029800536,Mourning Free Throw 2 of 2 (14 PTS),,6:59,3,4,0,0,297,Alonzo Mourning,MIA,Miami,1610612748.0,Heat,0,,,,,,0,,,,,,45 - 62,17,,1:07 PM
272,2,7,293,0029800536,HEAT Violation: Def. Goaltending Violation,,6:45,3,2,0,1,1610612748,,,,,,0,,,,,,0,,,,,,,,,1:07 PM
273,1,6,294,0029800536,Hardaway P.FOUL (P1.T3),,6:36,3,4,0,0,896,Tim Hardaway,MIA,Miami,1610612748.0,Heat,0,,,,,,0,,,,,,,,,1:08 PM
274,5,2,295,0029800536,Mourning BLOCK (4 BLK),,6:29,3,5,0,4,1601,Rusty LaRue,CHI,Chicago,1610612741.0,Bulls,0,,,,,,297,Alonzo Mourning,MIA,Miami,1610612748.0,Heat,,,MISS LaRue  Layup,1:08 PM
275,0,4,296,0029800536,Hardaway REBOUND (Off:1 Def:4),,6:27,3,4,0,0,896,Tim Hardaway,MIA,Miami,1610612748.0,Heat,0,,,,,,0,,,,,,,,,1:08 PM
276,5,2,297,0029800536,MISS Mourning  Layup,,6:17,3,4,0,0,297,Alonzo Mourning,MIA,Miami,1610612748.0,Heat,0,,,,,,0,,,,,,,,,1:08 PM
277,0,4,298,0029800536,,,6:16,3,5,0,0,389,Toni Kukoc,CHI,Chicago,1610612741.0,Bulls,0,,,,,,0,,,,,,,,Kukoc REBOUND (Off:1 Def:5),1:08 PM
278,5,2,299,0029800536,Mourning BLOCK (5 BLK),,6:09,3,5,0,4,54,Dickey Simpkins,CHI,Chicago,1610612741.0,Bulls,0,,,,,,297,Alonzo Mourning,MIA,Miami,1610612748.0,Heat,,,MISS Simpkins  Layup,1:08 PM
279,0,4,300,0029800536,,,6:07,3,5,0,0,1522,Keith Booth,CHI,Chicago,1610612741.0,Bulls,0,,,,,,0,,,,,,,,Booth REBOUND (Off:2 Def:1),1:08 PM
280,5,2,301,0029800536,Brown BLOCK (1 BLK),,6:06,3,5,0,4,1522,Keith Booth,CHI,Chicago,1610612741.0,Bulls,0,,,,,,136,P.J. Brown,MIA,Miami,1610612748.0,Heat,,,MISS Booth  Layup,1:08 PM
281,0,4,302,0029800536,Brown REBOUND (Off:0 Def:3),,6:03,3,4,0,0,136,P.J. Brown,MIA,Miami,1610612748.0,Heat,0,,,,,,0,,,,,,,,,1:08 PM
282,1,5,303,0029800536,Brown Bad Pass Turnover (P2.T12),,6:00,3,4,5,0,136,P.J. Brown,MIA,Miami,1610612748.0,Heat,166,Ron Harper,CHI,Chicago,1610612741.0,Bulls,0,,,,,,,,Harper STEAL (3 STL),1:08 PM
283,5,2,304,0029800536,,,5:56,3,5,0,0,1522,Keith Booth,CHI,Chicago,1610612741.0,Bulls,0,,,,,,0,,,,,,,,MISS Booth  Layup,1:08 PM
284,0,4,305,0029800536,HEAT Rebound,,5:55,3,2,0,0,1610612748,,,,,,0,,,,,,0,,,,,,,,,1:09 PM
285,1,5,306,0029800536,Hardaway Bad Pass Turnover (P4.T13),,5:51,3,4,5,0,896,Tim Hardaway,MIA,Miami,1610612748.0,Heat,389,Toni Kukoc,CHI,Chicago,1610612741.0,Bulls,0,,,,,,,,Kukoc STEAL (1 STL),1:09 PM
286,1,1,307,0029800536,,,5:45,3,5,0,0,1601,Rusty LaRue,CHI,Chicago,1610612741.0,Bulls,0,,,,,,0,,,,,,47 - 62,15,LaRue 20' Jump Shot (10 PTS),1:09 PM
287,2,6,308,0029800536,,,5:19,3,5,0,0,389,Toni Kukoc,CHI,Chicago,1610612741.0,Bulls,0,,,,,,0,,,,,,,,Kukoc S.FOUL (P2.T4),1:09 PM
288,0,8,309,0029800536,,,5:19,3,5,5,0,166,Ron Harper,CHI,Chicago,1610612741.0,Bulls,1600,Kornel David,CHI,Chicago,1610612741.0,Bulls,0,,,,,,,,SUB: David FOR Harper,1:09 PM
289,0,8,310,0029800536,SUB: Porter FOR Hardaway,,5:19,3,4,4,0,896,Tim Hardaway,MIA,Miami,1610612748.0,Heat,345,Terry Porter,MIA,Miami,1610612748.0,Heat,0,,,,,,,,,1:09 PM
290,11,3,311,0029800536,MISS Mashburn Free Throw 1 of 2,,5:19,3,4,0,0,469,Jamal Mashburn,MIA,Miami,1610612748.0,Heat,0,,,,,,0,,,,,,,,,1:10 PM
291,1,4,312,0029800536,HEAT Rebound,,5:19,3,2,0,0,1610612748,,,,,,0,,,,,,0,,,,,,,,,1:10 PM
292,12,3,313,0029800536,Mashburn Free Throw 2 of 2 (15 PTS),,5:19,3,4,0,0,469,Jamal Mashburn,MIA,Miami,1610612748.0,Heat,0,,,,,,0,,,,,,47 - 63,16,,1:10 PM
293,1,6,314,0029800536,Brown P.FOUL (P3.T4),,5:08,3,4,0,0,136,P.J. Brown,MIA,Miami,1610612748.0,Heat,0,,,,,,0,,,,,,,,,1:10 PM
294,2,6,316,0029800536,Mashburn S.FOUL (P2.PN),,5:03,3,4,0,0,469,Jamal Mashburn,MIA,Miami,1610612748.0,Heat,0,,,,,,0,,,,,,,,,1:11 PM
295,11,3,317,0029800536,,,5:03,3,5,0,0,54,Dickey Simpkins,CHI,Chicago,1610612741.0,Bulls,0,,,,,,0,,,,,,48 - 63,15,Simpkins Free Throw 1 of 2 (8 PTS),1:11 PM
296,12,3,318,0029800536,,,5:03,3,5,0,0,54,Dickey Simpkins,CHI,Chicago,1610612741.0,Bulls,0,,,,,,0,,,,,,49 - 63,14,Simpkins Free Throw 2 of 2 (9 PTS),1:11 PM
297,6,5,319,0029800536,Mourning Double Dribble Turnover (P3.T14),,4:44,3,4,0,0,297,Alonzo Mourning,MIA,Miami,1610612748.0,Heat,0,,,,,,0,,,,,,,,,1:12 PM
298,2,1,320,0029800536,,,4:23,3,5,0,0,389,Toni Kukoc,CHI,Chicago,1610612741.0,Bulls,0,,,,,,0,,,,,,51 - 63,12,Kukoc 7' Running Jump Shot (17 PTS),1:12 PM
299,1,2,321,0029800536,MISS Brown 20' Jump Shot,,4:10,3,4,0,0,136,P.J. Brown,MIA,Miami,1610612748.0,Heat,0,,,,,,0,,,,,,,,,1:12 PM
300,0,4,322,0029800536,,,4:08,3,5,0,0,389,Toni Kukoc,CHI,Chicago,1610612741.0,Bulls,0,,,,,,0,,,,,,,,Kukoc REBOUND (Off:1 Def:6),1:12 PM
301,2,5,323,0029800536,Majerle STEAL (2 STL),,3:52,3,5,4,0,389,Toni Kukoc,CHI,Chicago,1610612741.0,Bulls,105,Dan Majerle,MIA,Miami,1610612748.0,Heat,0,,,,,,,,Kukoc Lost Ball Turnover (P2.T10),1:13 PM
302,6,2,324,0029800536,MISS Porter  Driving Layup,,3:48,3,4,0,0,345,Terry Porter,MIA,Miami,1610612748.0,Heat,0,,,,,,0,,,,,,,,,1:13 PM
303,0,4,325,0029800536,,,3:45,3,5,0,0,54,Dickey Simpkins,CHI,Chicago,1610612741.0,Bulls,0,,,,,,0,,,,,,,,Simpkins REBOUND (Off:1 Def:2),1:13 PM
304,1,5,326,0029800536,Mourning STEAL (2 STL),,3:41,3,5,4,0,54,Dickey Simpkins,CHI,Chicago,1610612741.0,Bulls,297,Alonzo Mourning,MIA,Miami,1610612748.0,Heat,0,,,,,,,,Simpkins Bad Pass Turnover (P3.T11),1:13 PM
305,1,5,327,0029800536,Mashburn Bad Pass Turnover (P1.T15),,3:30,3,4,5,0,469,Jamal Mashburn,MIA,Miami,1610612748.0,Heat,1601,Rusty LaRue,CHI,Chicago,1610612741.0,Bulls,0,,,,,,,,LaRue STEAL (1 STL),1:13 PM
306,1,5,328,0029800536,Mourning STEAL (3 STL),,3:11,3,5,4,0,1522,Keith Booth,CHI,Chicago,1610612741.0,Bulls,297,Alonzo Mourning,MIA,Miami,1610612748.0,Heat,0,,,,,,,,Booth Bad Pass Turnover (P1.T12),1:13 PM
307,3,2,329,0029800536,MISS Mashburn 6' Hook Shot,,3:02,3,4,0,0,469,Jamal Mashburn,MIA,Miami,1610612748.0,Heat,0,,,,,,0,,,,,,,,,1:13 PM
308,0,4,330,0029800536,,,3:00,3,5,0,0,1600,Kornel David,CHI,Chicago,1610612741.0,Bulls,0,,,,,,0,,,,,,,,David REBOUND (Off:1 Def:1),1:13 PM
309,1,9,331,0029800536,,,2:54,3,3,0,0,1610612741,,,,,,0,,,,,,0,,,,,,,,Bulls Timeout: Regular (Reg.3 Short 1),1:14 PM
310,0,8,333,0029800536,,,2:54,3,5,5,0,54,Dickey Simpkins,CHI,Chicago,1610612741.0,Bulls,82,Bill Wennington,CHI,Chicago,1610612741.0,Bulls,0,,,,,,,,SUB: Wennington FOR Simpkins,1:16 PM
311,6,2,334,0029800536,,,2:43,3,5,0,0,82,Bill Wennington,CHI,Chicago,1610612741.0,Bulls,0,,,,,,0,,,,,,,,MISS Wennington  Driving Layup,1:16 PM
312,0,4,335,0029800536,Mourning REBOUND (Off:3 Def:5),,2:41,3,4,0,0,297,Alonzo Mourning,MIA,Miami,1610612748.0,Heat,0,,,,,,0,,,,,,,,,1:16 PM
313,1,1,336,0029800536,Mourning 16' Jump Shot (16 PTS) (Majerle 3 AST),,2:20,3,4,4,0,297,Alonzo Mourning,MIA,Miami,1610612748.0,Heat,105,Dan Majerle,MIA,Miami,1610612748.0,Heat,0,,,,,,51 - 65,14,,1:17 PM
314,3,2,337,0029800536,,,2:02,3,5,0,0,1600,Kornel David,CHI,Chicago,1610612741.0,Bulls,0,,,,,,0,,,,,,,,MISS David 6' Hook Shot,1:17 PM
315,0,4,338,0029800536,,,2:01,3,3,0,0,1610612741,,,,,,0,,,,,,0,,,,,,,,Bulls Rebound,1:17 PM
316,0,8,339,0029800536,SUB: Weatherspoon FOR Mourning,,2:01,3,4,4,0,297,Alonzo Mourning,MIA,Miami,1610612748.0,Heat,221,Clar. Weatherspoon,MIA,Miami,1610612748.0,Heat,0,,,,,,,,,1:17 PM
317,2,5,340,0029800536,Porter STEAL (4 STL),,1:58,3,5,4,0,1600,Kornel David,CHI,Chicago,1610612741.0,Bulls,345,Terry Porter,MIA,Miami,1610612748.0,Heat,0,,,,,,,,David Lost Ball Turnover (P3.T13),1:17 PM
318,5,1,341,0029800536,Mashburn  Layup (17 PTS) (Porter 4 AST),,1:52,3,4,4,0,469,Jamal Mashburn,MIA,Miami,1610612748.0,Heat,345,Terry Porter,MIA,Miami,1610612748.0,Heat,0,,,,,,51 - 67,16,,1:17 PM
319,2,2,342,0029800536,,,1:33,3,5,0,0,389,Toni Kukoc,CHI,Chicago,1610612741.0,Bulls,0,,,,,,0,,,,,,,,MISS Kukoc 8' Running Jump Shot,1:18 PM
320,0,4,343,0029800536,Weatherspoon REBOUND (Off:1 Def:4),,1:31,3,4,0,0,221,Clar. Weatherspoon,MIA,Miami,1610612748.0,Heat,0,,,,,,0,,,,,,,,,1:18 PM
321,1,2,344,0029800536,MISS Brown 19' Jump Shot,,1:06,3,4,0,0,136,P.J. Brown,MIA,Miami,1610612748.0,Heat,0,,,,,,0,,,,,,,,,1:18 PM
322,0,4,345,0029800536,Weatherspoon REBOUND (Off:2 Def:4),,1:04,3,4,0,0,221,Clar. Weatherspoon,MIA,Miami,1610612748.0,Heat,0,,,,,,0,,,,,,,,,1:18 PM
323,5,1,346,0029800536,Weatherspoon  Layup (8 PTS),,1:03,3,4,0,0,221,Clar. Weatherspoon,MIA,Miami,1610612748.0,Heat,0,,,,,,0,,,,,,51 - 69,18,,1:18 PM
324,1,2,347,0029800536,,,0:52,3,5,0,0,1522,Keith Booth,CHI,Chicago,1610612741.0,Bulls,0,,,,,,0,,,,,,,,MISS Booth 19' Jump Shot,1:18 PM
325,0,4,348,0029800536,Weatherspoon REBOUND (Off:2 Def:5),,0:49,3,4,0,0,221,Clar. Weatherspoon,MIA,Miami,1610612748.0,Heat,0,,,,,,0,,,,,,,,,1:19 PM
326,1,2,349,0029800536,MISS Weatherspoon 12' Jump Shot,,0:39,3,4,0,0,221,Clar. Weatherspoon,MIA,Miami,1610612748.0,Heat,0,,,,,,0,,,,,,,,,1:19 PM
327,0,4,350,0029800536,,,0:37,3,5,0,0,1522,Keith Booth,CHI,Chicago,1610612741.0,Bulls,0,,,,,,0,,,,,,,,Booth REBOUND (Off:2 Def:2),1:19 PM
328,1,1,351,0029800536,,,0:26,3,5,5,0,1601,Rusty LaRue,CHI,Chicago,1610612741.0,Bulls,389,Toni Kukoc,CHI,Chicago,1610612741.0,Bulls,0,,,,,,54 - 69,15,LaRue 25' 3PT Jump Shot (13 PTS) (Kukoc 3 AST),1:19 PM
329,1,2,352,0029800536,MISS Porter 25' 3PT Jump Shot,,0:04,3,4,0,0,345,Terry Porter,MIA,Miami,1610612748.0,Heat,0,,,,,,0,,,,,,,,,1:19 PM
330,0,4,353,0029800536,,,0:02,3,5,0,0,1522,Keith Booth,CHI,Chicago,1610612741.0,Bulls,0,,,,,,0,,,,,,,,Booth REBOUND (Off:2 Def:3),1:19 PM
331,1,2,354,0029800536,,,0:00,3,5,0,0,1522,Keith Booth,CHI,Chicago,1610612741.0,Bulls,0,,,,,,0,,,,,,,,MISS Booth 42' 3PT Jump Shot,1:19 PM
332,0,4,355,0029800536,,,0:00,3,3,0,0,1610612741,,,,,,0,,,,,,0,,,,,,,,Bulls Rebound,1:20 PM
333,0,13,356,0029800536,,,0:00,3,0,0,0,0,,,,,,0,,,,,,0,,,,,,54 - 69,15,,1:20 PM
334,0,12,358,0029800536,,,12:00,4,0,0,0,0,,,,,,0,,,,,,0,,,,,,54 - 69,15,,1:22 PM
335,8,5,359,0029800536,Weatherspoon 3 Second Violation Turnover (P2.T16),,11:46,4,4,0,0,221,Clar. Weatherspoon,MIA,Miami,1610612748.0,Heat,0,,,,,,0,,,,,,,,,1:22 PM
336,0,8,360,0029800536,SUB: Lenard FOR Majerle,,11:46,4,4,4,0,105,Dan Majerle,MIA,Miami,1610612748.0,Heat,702,Voshon Lenard,MIA,Miami,1610612748.0,Heat,0,,,,,,,,,1:22 PM
337,1,2,361,0029800536,,,11:27,4,5,0,0,1600,Kornel David,CHI,Chicago,1610612741.0,Bulls,0,,,,,,0,,,,,,,,MISS David 18' Jump Shot,1:23 PM
338,0,4,362,0029800536,HEAT Rebound,,11:26,4,2,0,0,1610612748,,,,,,0,,,,,,0,,,,,,,,,1:23 PM
339,3,6,363,0029800536,,,11:26,4,5,0,0,1522,Keith Booth,CHI,Chicago,1610612741.0,Bulls,0,,,,,,0,,,,,,,,Booth L.B.FOUL (P1.T1),1:23 PM
340,4,5,364,0029800536,Brown Traveling Turnover (P3.T17),,11:09,4,4,0,0,136,P.J. Brown,MIA,Miami,1610612748.0,Heat,0,,,,,,0,,,,,,,,,1:23 PM
341,1,1,365,0029800536,,,10:46,4,5,0,0,166,Ron Harper,CHI,Chicago,1610612741.0,Bulls,0,,,,,,0,,,,,,56 - 69,13,Harper 18' Jump Shot (13 PTS),1:24 PM
342,1,6,366,0029800536,,,10:32,4,5,0,0,1522,Keith Booth,CHI,Chicago,1610612741.0,Bulls,0,,,,,,0,,,,,,,,Booth P.FOUL (P2.T2),1:24 PM
343,0,8,367,0029800536,SUB: Mourning FOR Brown,,10:32,4,4,4,0,136,P.J. Brown,MIA,Miami,1610612748.0,Heat,297,Alonzo Mourning,MIA,Miami,1610612748.0,Heat,0,,,,,,,,,1:24 PM
344,6,2,368,0029800536,MISS Mashburn  Driving Layup,,10:21,4,4,0,0,469,Jamal Mashburn,MIA,Miami,1610612748.0,Heat,0,,,,,,0,,,,,,,,,1:25 PM
345,0,4,369,0029800536,HEAT Rebound,,10:19,4,2,0,0,1610612748,,,,,,0,,,,,,0,,,,,,,,,1:25 PM
346,1,1,370,0029800536,Lenard 20' Jump Shot (2 PTS) (Mourning 1 AST),,10:11,4,4,4,0,702,Voshon Lenard,MIA,Miami,1610612748.0,Heat,297,Alonzo Mourning,MIA,Miami,1610612748.0,Heat,0,,,,,,56 - 71,15,,1:25 PM
347,1,2,371,0029800536,,,9:56,4,5,0,0,82,Bill Wennington,CHI,Chicago,1610612741.0,Bulls,0,,,,,,0,,,,,,,,MISS Wennington 18' Jump Shot,1:25 PM
348,0,4,372,0029800536,Mourning REBOUND (Off:3 Def:6),,9:53,4,4,0,0,297,Alonzo Mourning,MIA,Miami,1610612748.0,Heat,0,,,,,,0,,,,,,,,,1:25 PM
349,4,6,373,0029800536,Porter OFF.Foul (P1),,9:50,4,4,0,0,345,Terry Porter,MIA,Miami,1610612748.0,Heat,0,,,,,,0,,,,,,,,,1:26 PM
350,5,5,374,0029800536,Porter Foul Turnover (P3.T18),,9:50,4,4,0,0,345,Terry Porter,MIA,Miami,1610612748.0,Heat,0,,,,,,0,,,,,,,,,1:26 PM
351,4,9,375,0029800536,,,9:50,4,1,0,0,0,,,,,,0,,,,,,0,,,,,,,,,1:26 PM
352,0,8,377,0029800536,,,9:50,4,5,5,0,82,Bill Wennington,CHI,Chicago,1610612741.0,Bulls,54,Dickey Simpkins,CHI,Chicago,1610612741.0,Bulls,0,,,,,,,,SUB: Simpkins FOR Wennington,1:28 PM
353,0,8,378,0029800536,,,9:50,4,5,5,0,1600,Kornel David,CHI,Chicago,1610612741.0,Bulls,389,Toni Kukoc,CHI,Chicago,1610612741.0,Bulls,0,,,,,,,,SUB: Kukoc FOR David,1:28 PM
354,11,5,379,0029800536,,,9:25,4,3,0,0,1610612741,,,,,,0,,,,,,0,,,,,,,,Bulls Turnover: Shot Clock (T#14),1:28 PM
355,1,2,380,0029800536,MISS Lenard 22' Jump Shot,,9:12,4,4,0,0,702,Voshon Lenard,MIA,Miami,1610612748.0,Heat,0,,,,,,0,,,,,,,,,1:29 PM
356,0,4,381,0029800536,,,9:08,4,5,0,0,389,Toni Kukoc,CHI,Chicago,1610612741.0,Bulls,0,,,,,,0,,,,,,,,Kukoc REBOUND (Off:1 Def:7),1:29 PM
357,7,1,382,0029800536,,,8:59,4,5,5,0,1522,Keith Booth,CHI,Chicago,1610612741.0,Bulls,166,Ron Harper,CHI,Chicago,1610612741.0,Bulls,0,,,,,,58 - 71,13,Booth  Dunk (2 PTS) (Harper 5 AST),1:29 PM
358,1,2,383,0029800536,MISS Weatherspoon 16' Jump Shot,,8:32,4,4,0,0,221,Clar. Weatherspoon,MIA,Miami,1610612748.0,Heat,0,,,,,,0,,,,,,,,,1:29 PM
359,0,4,384,0029800536,,,8:31,4,5,0,0,1601,Rusty LaRue,CHI,Chicago,1610612741.0,Bulls,0,,,,,,0,,,,,,,,LaRue REBOUND (Off:0 Def:1),1:29 PM
360,6,1,385,0029800536,,,8:21,4,5,5,0,1522,Keith Booth,CHI,Chicago,1610612741.0,Bulls,166,Ron Harper,CHI,Chicago,1610612741.0,Bulls,0,,,,,,60 - 71,11,Booth  Driving Layup (4 PTS) (Harper 6 AST),1:29 PM
361,2,2,386,0029800536,MISS Porter 5' Running Jump Shot,,8:05,4,4,0,0,345,Terry Porter,MIA,Miami,1610612748.0,Heat,0,,,,,,0,,,,,,,,,1:30 PM
362,0,4,387,0029800536,,,8:03,4,5,0,0,54,Dickey Simpkins,CHI,Chicago,1610612741.0,Bulls,0,,,,,,0,,,,,,,,Simpkins REBOUND (Off:1 Def:3),1:30 PM
363,1,2,388,0029800536,,,7:58,4,5,0,0,166,Ron Harper,CHI,Chicago,1610612741.0,Bulls,0,,,,,,0,,,,,,,,MISS Harper 26' 3PT Jump Shot,1:30 PM
364,0,4,389,0029800536,Weatherspoon REBOUND (Off:2 Def:6),,7:56,4,4,0,0,221,Clar. Weatherspoon,MIA,Miami,1610612748.0,Heat,0,,,,,,0,,,,,,,,,1:30 PM
365,1,1,390,0029800536,Lenard 26' 3PT Jump Shot (5 PTS) (Porter 5 AST),,7:38,4,4,4,0,702,Voshon Lenard,MIA,Miami,1610612748.0,Heat,345,Terry Porter,MIA,Miami,1610612748.0,Heat,0,,,,,,60 - 74,14,,1:30 PM
366,1,1,391,0029800536,,,7:21,4,5,5,0,389,Toni Kukoc,CHI,Chicago,1610612741.0,Bulls,166,Ron Harper,CHI,Chicago,1610612741.0,Bulls,0,,,,,,62 - 74,12,Kukoc 14' Jump Shot (19 PTS) (Harper 7 AST),1:30 PM
367,14,6,392,0029800536,,,7:04,4,5,0,1,54,Dickey Simpkins,CHI,Chicago,1610612741.0,Bulls,0,,,,,,0,,,,,,,,Simpkins FLAGRANT.FOUL.TYPE1 (P4.T3),1:31 PM
368,1,9,393,0029800536,HEAT Timeout: Regular (Full 4 Short 1),,7:04,4,2,0,0,1610612748,,,,,,0,,,,,,0,,,,,,,,,1:31 PM
369,0,8,394,0029800536,SUB: Hardaway FOR Mashburn,,7:04,4,4,4,0,469,Jamal Mashburn,MIA,Miami,1610612748.0,Heat,896,Tim Hardaway,MIA,Miami,1610612748.0,Heat,0,,,,,,,,,1:34 PM
370,17,3,395,0029800536,Mourning Free Throw Clear Path (17 PTS),,7:04,4,4,0,0,297,Alonzo Mourning,MIA,Miami,1610612748.0,Heat,0,,,,,,0,,,,,,62 - 75,13,,1:34 PM
371,18,3,396,0029800536,MISS Mourning Free Throw Flagrant 1 of 2,,7:04,4,4,0,0,297,Alonzo Mourning,MIA,Miami,1610612748.0,Heat,0,,,,,,0,,,,,,,,,1:34 PM
372,1,4,397,0029800536,HEAT Rebound,,7:04,4,2,0,0,1610612748,,,,,,0,,,,,,0,,,,,,,,,1:34 PM
373,1,2,398,0029800536,MISS Lenard 24' 3PT Jump Shot,,6:47,4,4,0,0,702,Voshon Lenard,MIA,Miami,1610612748.0,Heat,0,,,,,,0,,,,,,,,,1:35 PM
374,0,4,399,0029800536,Weatherspoon REBOUND (Off:3 Def:6),,6:46,4,4,0,0,221,Clar. Weatherspoon,MIA,Miami,1610612748.0,Heat,0,,,,,,0,,,,,,,,,1:35 PM
375,6,1,400,0029800536,Hardaway  Driving Layup (15 PTS) (Weatherspoon 1 AST),,6:29,4,4,4,0,896,Tim Hardaway,MIA,Miami,1610612748.0,Heat,221,Clar. Weatherspoon,MIA,Miami,1610612748.0,Heat,0,,,,,,62 - 77,15,,1:35 PM
376,1,6,401,0029800536,Porter P.FOUL (P2.T1),,6:09,4,4,0,0,345,Terry Porter,MIA,Miami,1610612748.0,Heat,0,,,,,,0,,,,,,,,,1:35 PM
377,1,1,402,0029800536,,,6:01,4,5,0,0,1601,Rusty LaRue,CHI,Chicago,1610612741.0,Bulls,0,,,,,,0,,,,,,64 - 77,13,LaRue 22' Jump Shot (15 PTS),1:36 PM
378,3,2,403,0029800536,MISS Mourning 9' Hook Shot,,5:34,4,4,0,0,297,Alonzo Mourning,MIA,Miami,1610612748.0,Heat,0,,,,,,0,,,,,,,,,1:36 PM
379,0,4,404,0029800536,,,5:32,4,5,0,0,166,Ron Harper,CHI,Chicago,1610612741.0,Bulls,0,,,,,,0,,,,,,,,Harper REBOUND (Off:0 Def:4),1:36 PM
380,1,6,405,0029800536,Weatherspoon P.FOUL (P3.T2),,5:23,4,4,0,0,221,Clar. Weatherspoon,MIA,Miami,1610612748.0,Heat,0,,,,,,0,,,,,,,,,1:36 PM
381,2,6,406,0029800536,Weatherspoon S.FOUL (P4.T3),,5:11,4,4,0,0,221,Clar. Weatherspoon,MIA,Miami,1610612748.0,Heat,0,,,,,,0,,,,,,,,,1:37 PM
382,11,3,407,0029800536,,,5:11,4,5,0,0,389,Toni Kukoc,CHI,Chicago,1610612741.0,Bulls,0,,,,,,0,,,,,,65 - 77,12,Kukoc Free Throw 1 of 2 (20 PTS),1:37 PM
383,0,8,408,0029800536,SUB: Brown FOR Weatherspoon,,5:11,4,4,4,0,221,Clar. Weatherspoon,MIA,Miami,1610612748.0,Heat,136,P.J. Brown,MIA,Miami,1610612748.0,Heat,0,,,,,,,,,1:37 PM
384,12,3,409,0029800536,,,5:11,4,5,0,0,389,Toni Kukoc,CHI,Chicago,1610612741.0,Bulls,0,,,,,,0,,,,,,66 - 77,11,Kukoc Free Throw 2 of 2 (21 PTS),1:37 PM
385,1,1,410,0029800536,Hardaway 26' 3PT Jump Shot (18 PTS) (Brown 2 AST),,4:48,4,4,4,0,896,Tim Hardaway,MIA,Miami,1610612748.0,Heat,136,P.J. Brown,MIA,Miami,1610612748.0,Heat,0,,,,,,66 - 80,14,,1:38 PM
386,2,6,411,0029800536,Mourning S.FOUL (P4.T4),,4:26,4,4,0,0,297,Alonzo Mourning,MIA,Miami,1610612748.0,Heat,0,,,,,,0,,,,,,,,,1:38 PM
387,0,8,412,0029800536,SUB: Majerle FOR Lenard,,4:26,4,4,4,0,702,Voshon Lenard,MIA,Miami,1610612748.0,Heat,105,Dan Majerle,MIA,Miami,1610612748.0,Heat,0,,,,,,,,,1:38 PM
388,11,3,413,0029800536,,,4:26,4,5,0,0,54,Dickey Simpkins,CHI,Chicago,1610612741.0,Bulls,0,,,,,,0,,,,,,,,MISS Simpkins Free Throw 1 of 2,1:39 PM
389,1,4,414,0029800536,,,4:26,4,3,0,0,1610612741,,,,,,0,,,,,,0,,,,,,,,Bulls Rebound,1:39 PM
390,12,3,416,0029800536,,,4:26,4,5,0,0,54,Dickey Simpkins,CHI,Chicago,1610612741.0,Bulls,0,,,,,,0,,,,,,,,MISS Simpkins Free Throw 2 of 2,1:39 PM
391,0,4,418,0029800536,Mourning REBOUND (Off:3 Def:7),,4:25,4,4,0,0,297,Alonzo Mourning,MIA,Miami,1610612748.0,Heat,0,,,,,,0,,,,,,,,,1:39 PM
392,2,5,419,0029800536,Mourning Lost Ball Turnover (P4.T19),,4:20,4,4,5,0,297,Alonzo Mourning,MIA,Miami,1610612748.0,Heat,1522,Keith Booth,CHI,Chicago,1610612741.0,Bulls,0,,,,,,,,Booth STEAL (1 STL),1:39 PM
393,1,2,420,0029800536,,,4:14,4,5,0,0,1601,Rusty LaRue,CHI,Chicago,1610612741.0,Bulls,0,,,,,,0,,,,,,,,MISS LaRue 22' Jump Shot,1:39 PM
394,0,4,421,0029800536,Majerle REBOUND (Off:1 Def:4),,4:13,4,4,0,0,105,Dan Majerle,MIA,Miami,1610612748.0,Heat,0,,,,,,0,,,,,,,,,1:39 PM
395,4,6,422,0029800536,Mourning OFF.Foul (P5),,4:01,4,4,0,0,297,Alonzo Mourning,MIA,Miami,1610612748.0,Heat,0,,,,,,0,,,,,,,,,1:39 PM
396,5,5,423,0029800536,Mourning Foul Turnover (P5.T20),,4:01,4,4,0,0,297,Alonzo Mourning,MIA,Miami,1610612748.0,Heat,0,,,,,,0,,,,,,,,,1:39 PM
397,1,1,424,0029800536,,,3:51,4,5,0,0,166,Ron Harper,CHI,Chicago,1610612741.0,Bulls,0,,,,,,0,,,,,,68 - 80,12,Harper 13' Jump Shot (15 PTS),1:40 PM
398,1,6,425,0029800536,,,3:35,4,5,0,0,1522,Keith Booth,CHI,Chicago,1610612741.0,Bulls,0,,,,,,0,,,,,,,,Booth P.FOUL (P3.T4),1:40 PM
399,8,5,426,0029800536,Mourning 3 Second Violation Turnover (P6.T21),,3:25,4,4,0,0,297,Alonzo Mourning,MIA,Miami,1610612748.0,Heat,0,,,,,,0,,,,,,,,,1:41 PM
400,2,6,428,0029800536,Majerle S.FOUL (P2.PN),,3:09,4,4,0,0,105,Dan Majerle,MIA,Miami,1610612748.0,Heat,0,,,,,,0,,,,,,,,,1:43 PM
401,11,3,429,0029800536,,,3:09,4,5,0,0,1522,Keith Booth,CHI,Chicago,1610612741.0,Bulls,0,,,,,,0,,,,,,69 - 80,11,Booth Free Throw 1 of 2 (5 PTS),1:44 PM
402,12,3,430,0029800536,,,3:09,4,5,0,0,1522,Keith Booth,CHI,Chicago,1610612741.0,Bulls,0,,,,,,0,,,,,,70 - 80,10,Booth Free Throw 2 of 2 (6 PTS),1:44 PM
403,4,6,431,0029800536,Brown OFF.Foul (P4),,2:55,4,4,0,0,136,P.J. Brown,MIA,Miami,1610612748.0,Heat,0,,,,,,0,,,,,,,,,1:44 PM
404,5,5,432,0029800536,Brown Foul Turnover (P4.T22),,2:55,4,4,0,0,136,P.J. Brown,MIA,Miami,1610612748.0,Heat,0,,,,,,0,,,,,,,,,1:44 PM
405,6,1,433,0029800536,,,2:36,4,5,0,0,389,Toni Kukoc,CHI,Chicago,1610612741.0,Bulls,0,,,,,,0,,,,,,72 - 80,8,Kukoc  Driving Layup (23 PTS),1:45 PM
406,1,1,434,0029800536,Brown 19' Jump Shot (8 PTS) (Hardaway 7 AST),,2:22,4,4,4,0,136,P.J. Brown,MIA,Miami,1610612748.0,Heat,896,Tim Hardaway,MIA,Miami,1610612748.0,Heat,0,,,,,,72 - 82,10,,1:45 PM
407,1,1,435,0029800536,,,2:08,4,5,0,0,389,Toni Kukoc,CHI,Chicago,1610612741.0,Bulls,0,,,,,,0,,,,,,74 - 82,8,Kukoc 15' Jump Shot (25 PTS),1:45 PM
408,1,1,436,0029800536,Majerle 14' Jump Shot (4 PTS),,1:42,4,4,0,0,105,Dan Majerle,MIA,Miami,1610612748.0,Heat,0,,,,,,0,,,,,,74 - 84,10,,1:46 PM
409,1,9,437,0029800536,,,1:42,4,3,0,0,1610612741,,,,,,0,,,,,,0,,,,,,,,Bulls Timeout: Regular (Reg.4 Short 1),1:46 PM
410,0,8,439,0029800536,,,1:42,4,5,5,0,54,Dickey Simpkins,CHI,Chicago,1610612741.0,Bulls,82,Bill Wennington,CHI,Chicago,1610612741.0,Bulls,0,,,,,,,,SUB: Wennington FOR Simpkins,1:48 PM
411,2,5,440,0029800536,Majerle STEAL (3 STL),,1:28,4,5,4,0,82,Bill Wennington,CHI,Chicago,1610612741.0,Bulls,105,Dan Majerle,MIA,Miami,1610612748.0,Heat,0,,,,,,,,Wennington Lost Ball Turnover (P1.T15),1:48 PM
412,1,1,441,0029800536,Brown 20' Jump Shot (10 PTS) (Majerle 4 AST),,1:09,4,4,4,0,136,P.J. Brown,MIA,Miami,1610612748.0,Heat,105,Dan Majerle,MIA,Miami,1610612748.0,Heat,0,,,,,,74 - 86,12,,1:49 PM
413,1,2,442,0029800536,,,0:53,4,5,0,0,389,Toni Kukoc,CHI,Chicago,1610612741.0,Bulls,0,,,,,,0,,,,,,,,MISS Kukoc 25' 3PT Jump Shot,1:49 PM
414,0,4,443,0029800536,,,0:51,4,5,0,0,82,Bill Wennington,CHI,Chicago,1610612741.0,Bulls,0,,,,,,0,,,,,,,,Wennington REBOUND (Off:2 Def:1),1:49 PM
415,2,5,444,0029800536,Hardaway STEAL (1 STL),,0:50,4,5,4,0,82,Bill Wennington,CHI,Chicago,1610612741.0,Bulls,896,Tim Hardaway,MIA,Miami,1610612748.0,Heat,0,,,,,,,,Wennington Lost Ball Turnover (P2.T16),1:49 PM
416,1,2,445,0029800536,MISS Porter 27' 3PT Jump Shot,,0:25,4,4,0,0,345,Terry Porter,MIA,Miami,1610612748.0,Heat,0,,,,,,0,,,,,,,,,1:50 PM
417,0,4,446,0029800536,,,0:23,4,5,0,0,389,Toni Kukoc,CHI,Chicago,1610612741.0,Bulls,0,,,,,,0,,,,,,,,Kukoc REBOUND (Off:1 Def:8),1:50 PM
418,14,6,447,0029800536,,,0:19,4,5,0,1,1522,Keith Booth,CHI,Chicago,1610612741.0,Bulls,0,,,,,,0,,,,,,,,Booth FLAGRANT.FOUL.TYPE1 (P4.PN),1:50 PM
419,5,5,448,0029800536,,,0:19,4,5,0,0,1522,Keith Booth,CHI,Chicago,1610612741.0,Bulls,0,,,,,,0,,,,,,,,Booth Foul Turnover (P2.T17),1:50 PM
420,17,3,449,0029800536,Mourning Free Throw Clear Path (18 PTS),,0:19,4,4,0,0,297,Alonzo Mourning,MIA,Miami,1610612748.0,Heat,0,,,,,,0,,,,,,74 - 87,13,,1:50 PM
421,18,3,450,0029800536,Mourning Free Throw Flagrant 1 of 2 (19 PTS),,0:19,4,4,0,0,297,Alonzo Mourning,MIA,Miami,1610612748.0,Heat,0,,,,,,0,,,,,,74 - 88,14,,1:51 PM
422,0,8,451,0029800536,SUB: Weatherspoon FOR Mourning,,0:19,4,4,4,0,297,Alonzo Mourning,MIA,Miami,1610612748.0,Heat,221,Clar. Weatherspoon,MIA,Miami,1610612748.0,Heat,0,,,,,,,,,1:51 PM
423,0,8,452,0029800536,SUB: Walters FOR Porter,,0:19,4,4,4,0,345,Terry Porter,MIA,Miami,1610612748.0,Heat,777,Rex Walters,MIA,Miami,1610612748.0,Heat,0,,,,,,,,,1:51 PM
424,0,8,453,0029800536,SUB: Lenard FOR Hardaway,,0:19,4,4,4,0,896,Tim Hardaway,MIA,Miami,1610612748.0,Heat,702,Voshon Lenard,MIA,Miami,1610612748.0,Heat,0,,,,,,,,,1:51 PM
425,0,8,454,0029800536,,,0:19,4,5,5,0,166,Ron Harper,CHI,Chicago,1610612741.0,Bulls,1736,Corey Benjamin,CHI,Chicago,1610612741.0,Bulls,0,,,,,,,,SUB: Benjamin FOR Harper,1:51 PM
426,0,8,455,0029800536,,,0:19,4,5,5,0,389,Toni Kukoc,CHI,Chicago,1610612741.0,Bulls,1600,Kornel David,CHI,Chicago,1610612741.0,Bulls,0,,,,,,,,SUB: David FOR Kukoc,1:51 PM
427,6,1,456,0029800536,Walters  Driving Layup (2 PTS),,0:06,4,4,0,0,777,Rex Walters,MIA,Miami,1610612748.0,Heat,0,,,,,,0,,,,,,74 - 90,16,,1:52 PM
428,0,13,457,0029800536,,,0:00,4,0,0,0,0,,,,,,0,,,,,,0,,,,,,74 - 90,16,,1:52 PM
