,EVENTMSGACTIONTYPE,EVENTMSGTYPE,EVENTNUM,GAME_ID,HOMEDESCRIPTION,NEUTRALDESCRIPTION,PCTIMESTRING,PERIOD,PERSON1TYPE,PERSON2TYPE,PERSON3TYPE,PLAYER1_ID,PLAYER1_NAME,PLAYER1_TEAM_ABBREVIATION,PLAYER1_TEAM_CITY,PLAYER1_TEAM_ID,PLAYER1_TEAM_NICKNAME,PLAYER2_ID,PLAYER2_NAME,PLAYER2_TEAM_ABBREVIATION,PLAYER2_TEAM_CITY,PLAYER2_TEAM_ID,PLAYER2_TEAM_NICKNAME,PLAYER3_ID,PLAYER3_NAME,PLAYER3_TEAM_ABBREVIATION,PLAYER3_TEAM_CITY,PLAYER3_TEAM_ID,PLAYER3_TEAM_NICKNAME,SCORE,SCOREMARGIN,VISITORDESCRIPTION,WCTIMESTRING
0,0,12,0,0020701181,,,12:00,1,0,0,0,0,,,,,,0,,,,,,0,,,,,,,,,7:26 PM
1,0,10,1,0020701181,Jump Ball Jeffries vs. Smith: Tip to Johnson,,12:00,1,4,5,5,2407,Jared Jeffries,NYK,New York,1610612752.0,Knicks,2746,Josh Smith,ATL,Atlanta,1610612737.0,Hawks,2207,Joe Johnson,ATL,Atlanta,1610612737.0,Hawks,,,,7:26 PM
2,5,1,2,0020701181,,,11:41,1,5,5,0,2746,Josh Smith,ATL,Atlanta,1610612737.0,Hawks,2207,Joe Johnson,ATL,Atlanta,1610612737.0,Hawks,0,,,,,,2 - 0,-2,Smith  Layup (2 PTS) (Johnson 1 AST),7:26 PM
3,1,2,3,0020701181,MISS Richardson 11' Jump Shot,,11:30,1,4,0,0,2047,Quentin Richardson,NYK,New York,1610612752.0,Knicks,0,,,,,,0,,,,,,,,,7:26 PM
4,0,4,4,0020701181,,,11:29,1,5,0,0,1710,Mike Bibby,ATL,Atlanta,1610612737.0,Hawks,0,,,,,,0,,,,,,,,Bibby REBOUND (Off:0 Def:1),7:27 PM
5,1,1,5,0020701181,,,11:22,1,5,5,0,2207,Joe Johnson,ATL,Atlanta,1610612737.0,Hawks,1710,Mike Bibby,ATL,Atlanta,1610612737.0,Hawks,0,,,,,,5 - 0,-5,Johnson 24' 3PT Jump Shot (3 PTS) (Bibby 1 AST),7:27 PM
6,5,2,6,0020701181,MISS Richardson  Layup,,11:07,1,4,0,5,2047,Quentin Richardson,NYK,New York,1610612752.0,Knicks,0,,,,,,2746,Josh Smith,ATL,Atlanta,1610612737.0,Hawks,,,Smith BLOCK (1 BLK),7:27 PM
7,0,4,7,0020701181,,,11:05,1,5,0,0,2207,Joe Johnson,ATL,Atlanta,1610612737.0,Hawks,0,,,,,,0,,,,,,,,Johnson REBOUND (Off:0 Def:1),7:27 PM
8,1,2,8,0020701181,,,11:01,1,5,0,0,1710,Mike Bibby,ATL,Atlanta,1610612737.0,Hawks,0,,,,,,0,,,,,,,,MISS Bibby 25' 3PT Jump Shot,7:27 PM
9,0,4,9,0020701181,Lee REBOUND (Off:0 Def:1),,10:59,1,4,0,0,101135,David Lee,NYK,New York,1610612752.0,Knicks,0,,,,,,0,,,,,,,,,7:27 PM
10,5,2,10,0020701181,MISS Jeffries  Layup,,10:39,1,4,0,0,2407,Jared Jeffries,NYK,New York,1610612752.0,Knicks,0,,,,,,0,,,,,,,,,7:27 PM
11,0,4,12,0020701181,Jeffries REBOUND (Off:1 Def:0),,10:38,1,4,0,0,2407,Jared Jeffries,NYK,New York,1610612752.0,Knicks,0,,,,,,0,,,,,,,,,7:27 PM
12,4,2,11,0020701181,MISS Jeffries  Tip Shot,,10:38,1,4,0,5,2407,Jared Jeffries,NYK,New York,1610612752.0,Knicks,0,,,,,,201143,Al Horford,ATL,Atlanta,1610612737.0,Hawks,,,Horford BLOCK (1 BLK),7:27 PM
13,0,4,13,0020701181,,,10:37,1,5,0,0,1710,Mike Bibby,ATL,Atlanta,1610612737.0,Hawks,0,,,,,,0,,,,,,,,Bibby REBOUND (Off:0 Def:2),7:27 PM
14,42,1,14,0020701181,,,10:32,1,5,0,0,1710,Mike Bibby,ATL,Atlanta,1610612737.0,Hawks,0,,,,,,0,,,,,,7 - 0,-7,Bibby  Driving Layup (2 PTS),7:27 PM
15,1,2,15,0020701181,MISS Richardson 24' 3PT Jump Shot,,10:19,1,4,0,0,2047,Quentin Richardson,NYK,New York,1610612752.0,Knicks,0,,,,,,0,,,,,,,,,7:28 PM
16,0,4,16,0020701181,,,10:17,1,5,0,0,1710,Mike Bibby,ATL,Atlanta,1610612737.0,Hawks,0,,,,,,0,,,,,,,,Bibby REBOUND (Off:0 Def:3),7:28 PM
17,2,6,17,0020701181,Jeffries S.FOUL (P1.T1),,10:13,1,4,5,1,2407,Jared Jeffries,NYK,New York,1610612752.0,Knicks,2746,Josh Smith,ATL,Atlanta,1610612737.0,Hawks,0,,,,,,,,,7:28 PM
18,11,3,18,0020701181,,,10:13,1,5,0,0,2746,Josh Smith,ATL,Atlanta,1610612737.0,Hawks,0,,,,,,0,,,,,,8 - 0,-8,Smith Free Throw 1 of 2 (3 PTS),7:28 PM
19,2,9,20,0020701181,KNICKS Timeout: Short (Full 0 Short 1),,10:13,1,2,0,0,1610612752,,,,,,0,,,,,,0,,,,,,,,,7:28 PM
20,12,3,22,0020701181,,,10:13,1,5,0,0,2746,Josh Smith,ATL,Atlanta,1610612737.0,Hawks,0,,,,,,0,,,,,,9 - 0,-9,Smith Free Throw 2 of 2 (4 PTS),7:29 PM
21,5,1,23,0020701181,Randolph  Layup (2 PTS),,10:00,1,4,0,0,2216,Zach Randolph,NYK,New York,1610612752.0,Knicks,0,,,,,,0,,,,,,9 - 2,-7,,7:30 PM
22,1,1,24,0020701181,,,9:37,1,5,0,0,1710,Mike Bibby,ATL,Atlanta,1610612737.0,Hawks,0,,,,,,0,,,,,,11 - 2,-9,Bibby 19' Jump Shot (4 PTS),7:30 PM
23,42,2,25,0020701181,MISS Lee  Driving Layup,,9:18,1,4,0,5,101135,David Lee,NYK,New York,1610612752.0,Knicks,0,,,,,,2746,Josh Smith,ATL,Atlanta,1610612737.0,Hawks,,,Smith BLOCK (2 BLK),7:30 PM
24,0,4,26,0020701181,,,9:16,1,5,0,0,2746,Josh Smith,ATL,Atlanta,1610612737.0,Hawks,0,,,,,,0,,,,,,,,Smith REBOUND (Off:0 Def:1),7:30 PM
25,1,5,27,0020701181,,,9:12,1,5,0,0,1710,Mike Bibby,ATL,Atlanta,1610612737.0,Hawks,0,,,,,,0,,,,,,,,Bibby Bad Pass Turnover (P1.T1),7:31 PM
26,1,6,28,0020701181,,,9:00,1,5,4,1,201143,Al Horford,ATL,Atlanta,1610612737.0,Hawks,2047,Quentin Richardson,NYK,New York,1610612752.0,Knicks,0,,,,,,,,Horford P.FOUL (P1.T1),7:31 PM
27,1,1,29,0020701181,Crawford 24' 3PT Jump Shot (3 PTS) (Lee 1 AST),,8:55,1,4,4,0,2037,Jamal Crawford,NYK,New York,1610612752.0,Knicks,101135,David Lee,NYK,New York,1610612752.0,Knicks,0,,,,,,11 - 5,-6,,7:31 PM
28,42,1,30,0020701181,,,8:31,1,5,0,0,201143,Al Horford,ATL,Atlanta,1610612737.0,Hawks,0,,,,,,0,,,,,,13 - 5,-8,Horford  Driving Layup (2 PTS),7:32 PM
29,66,1,31,0020701181,Randolph 7' Jump Bank Shot (4 PTS),,8:12,1,4,0,0,2216,Zach Randolph,NYK,New York,1610612752.0,Knicks,0,,,,,,0,,,,,,13 - 7,-6,,7:32 PM
30,1,2,32,0020701181,,,8:04,1,5,0,0,101107,Marvin Williams,ATL,Atlanta,1610612737.0,Hawks,0,,,,,,0,,,,,,,,MISS Williams 12' Jump Shot,7:32 PM
31,0,4,33,0020701181,Lee REBOUND (Off:0 Def:2),,8:02,1,4,0,0,101135,David Lee,NYK,New York,1610612752.0,Knicks,0,,,,,,0,,,,,,,,,7:32 PM
32,1,2,34,0020701181,MISS Crawford 20' Jump Shot,,7:54,1,4,0,0,2037,Jamal Crawford,NYK,New York,1610612752.0,Knicks,0,,,,,,0,,,,,,,,,7:32 PM
33,0,4,35,0020701181,Lee REBOUND (Off:1 Def:2),,7:52,1,4,0,0,101135,David Lee,NYK,New York,1610612752.0,Knicks,0,,,,,,0,,,,,,,,,7:32 PM
34,5,2,36,0020701181,MISS Lee  Layup,,7:49,1,4,0,0,101135,David Lee,NYK,New York,1610612752.0,Knicks,0,,,,,,0,,,,,,,,,7:32 PM
35,0,4,37,0020701181,,,7:48,1,5,0,0,1710,Mike Bibby,ATL,Atlanta,1610612737.0,Hawks,0,,,,,,0,,,,,,,,Bibby REBOUND (Off:0 Def:4),7:32 PM
36,1,2,38,0020701181,,,7:41,1,5,0,0,101107,Marvin Williams,ATL,Atlanta,1610612737.0,Hawks,0,,,,,,0,,,,,,,,MISS Williams 17' Jump Shot,7:32 PM
37,0,4,39,0020701181,Lee REBOUND (Off:1 Def:3),,7:39,1,4,0,0,101135,David Lee,NYK,New York,1610612752.0,Knicks,0,,,,,,0,,,,,,,,,7:32 PM
38,1,2,40,0020701181,MISS Richardson 17' Jump Shot,,7:26,1,4,0,0,2047,Quentin Richardson,NYK,New York,1610612752.0,Knicks,0,,,,,,0,,,,,,,,,7:33 PM
39,0,4,41,0020701181,,,7:24,1,5,0,0,2207,Joe Johnson,ATL,Atlanta,1610612737.0,Hawks,0,,,,,,0,,,,,,,,Johnson REBOUND (Off:0 Def:2),7:33 PM
40,47,2,42,0020701181,,,7:01,1,5,0,0,201143,Al Horford,ATL,Atlanta,1610612737.0,Hawks,0,,,,,,0,,,,,,,,MISS Horford 13' Turnaround Jump Shot,7:33 PM
41,0,4,43,0020701181,Richardson REBOUND (Off:0 Def:1),,6:59,1,4,0,0,2047,Quentin Richardson,NYK,New York,1610612752.0,Knicks,0,,,,,,0,,,,,,,,,7:33 PM
42,1,2,44,0020701181,MISS Randolph 18' Jump Shot,,6:51,1,4,0,0,2216,Zach Randolph,NYK,New York,1610612752.0,Knicks,0,,,,,,0,,,,,,,,,7:33 PM
43,0,4,45,0020701181,Jeffries REBOUND (Off:2 Def:0),,6:50,1,4,0,0,2407,Jared Jeffries,NYK,New York,1610612752.0,Knicks,0,,,,,,0,,,,,,,,,7:33 PM
44,63,1,46,0020701181,Crawford 12' Fadeaway Jumper (5 PTS),,6:43,1,4,0,0,2037,Jamal Crawford,NYK,New York,1610612752.0,Knicks,0,,,,,,0,,,,,,13 - 9,-4,,7:33 PM
45,7,1,47,0020701181,,,6:31,1,5,5,0,201143,Al Horford,ATL,Atlanta,1610612737.0,Hawks,2207,Joe Johnson,ATL,Atlanta,1610612737.0,Hawks,0,,,,,,15 - 9,-6,Horford  Dunk (4 PTS) (Johnson 2 AST),7:34 PM
46,5,1,48,0020701181,Richardson  Layup (2 PTS) (Randolph 1 AST),,6:14,1,4,4,0,2047,Quentin Richardson,NYK,New York,1610612752.0,Knicks,2216,Zach Randolph,NYK,New York,1610612752.0,Knicks,0,,,,,,15 - 11,-4,,7:34 PM
47,1,2,49,0020701181,,,5:57,1,5,0,0,1710,Mike Bibby,ATL,Atlanta,1610612737.0,Hawks,0,,,,,,0,,,,,,,,MISS Bibby 18' Jump Shot,7:34 PM
48,0,4,50,0020701181,Randolph REBOUND (Off:0 Def:1),,5:55,1,4,0,0,2216,Zach Randolph,NYK,New York,1610612752.0,Knicks,0,,,,,,0,,,,,,,,,7:34 PM
49,1,1,51,0020701181,Randolph 27' 3PT Jump Shot (7 PTS) (Crawford 1 AST),,5:45,1,4,4,0,2216,Zach Randolph,NYK,New York,1610612752.0,Knicks,2037,Jamal Crawford,NYK,New York,1610612752.0,Knicks,0,,,,,,15 - 14,-1,,7:34 PM
50,1,9,53,0020701181,,,5:38,1,3,0,0,1610612737,,,,,,0,,,,,,0,,,,,,,,Hawks Timeout: Regular (Reg.1 Short 0),7:35 PM
51,0,8,55,0020701181,,,5:38,1,5,5,0,101107,Marvin Williams,ATL,Atlanta,1610612737.0,Hawks,2735,Josh Childress,ATL,Atlanta,1610612737.0,Hawks,0,,,,,,,,SUB: Childress FOR Williams,7:37 PM
52,1,5,56,0020701181,,,5:26,1,5,0,0,1710,Mike Bibby,ATL,Atlanta,1610612737.0,Hawks,0,,,,,,0,,,,,,,,Bibby Bad Pass Turnover (P2.T2),7:37 PM
53,1,2,57,0020701181,MISS Randolph 7' Jump Shot,,5:10,1,4,0,0,2216,Zach Randolph,NYK,New York,1610612752.0,Knicks,0,,,,,,0,,,,,,,,,7:38 PM
54,0,4,59,0020701181,Jeffries REBOUND (Off:3 Def:0),,5:09,1,4,0,0,2407,Jared Jeffries,NYK,New York,1610612752.0,Knicks,0,,,,,,0,,,,,,,,,7:38 PM
55,4,1,58,0020701181,Jeffries  Tip Shot (2 PTS),,5:09,1,4,0,0,2407,Jared Jeffries,NYK,New York,1610612752.0,Knicks,0,,,,,,0,,,,,,15 - 16,1,,7:38 PM
56,1,1,60,0020701181,,,4:53,1,5,5,0,2207,Joe Johnson,ATL,Atlanta,1610612737.0,Hawks,2746,Josh Smith,ATL,Atlanta,1610612737.0,Hawks,0,,,,,,17 - 16,-1,Johnson 19' Jump Shot (5 PTS) (Smith 1 AST),7:38 PM
57,1,2,61,0020701181,MISS Richardson 8' Jump Shot,,4:37,1,4,0,5,2047,Quentin Richardson,NYK,New York,1610612752.0,Knicks,0,,,,,,2735,Josh Childress,ATL,Atlanta,1610612737.0,Hawks,,,Childress BLOCK (1 BLK),7:38 PM
58,0,4,62,0020701181,Jeffries REBOUND (Off:4 Def:0),,4:34,1,4,0,0,2407,Jared Jeffries,NYK,New York,1610612752.0,Knicks,0,,,,,,0,,,,,,,,,7:38 PM
59,5,2,63,0020701181,MISS Jeffries  Layup,,4:33,1,4,0,0,2407,Jared Jeffries,NYK,New York,1610612752.0,Knicks,0,,,,,,0,,,,,,,,,7:38 PM
60,0,4,64,0020701181,,,4:32,1,5,0,0,2207,Joe Johnson,ATL,Atlanta,1610612737.0,Hawks,0,,,,,,0,,,,,,,,Johnson REBOUND (Off:0 Def:3),7:38 PM
61,88,1,65,0020701181,,,4:28,1,5,5,0,2746,Josh Smith,ATL,Atlanta,1610612737.0,Hawks,1710,Mike Bibby,ATL,Atlanta,1610612737.0,Hawks,0,,,,,,19 - 16,-3,Smith  Driving Slam Dunk (6 PTS) (Bibby 2 AST),7:38 PM
62,1,2,66,0020701181,MISS Crawford 24' 3PT Jump Shot,,4:10,1,4,0,0,2037,Jamal Crawford,NYK,New York,1610612752.0,Knicks,0,,,,,,0,,,,,,,,,7:39 PM
63,0,4,67,0020701181,,,4:08,1,5,0,0,2746,Josh Smith,ATL,Atlanta,1610612737.0,Hawks,0,,,,,,0,,,,,,,,Smith REBOUND (Off:0 Def:2),7:39 PM
64,1,1,68,0020701181,,,4:01,1,5,5,0,2207,Joe Johnson,ATL,Atlanta,1610612737.0,Hawks,2735,Josh Childress,ATL,Atlanta,1610612737.0,Hawks,0,,,,,,22 - 16,-6,Johnson 24' 3PT Jump Shot (8 PTS) (Childress 1 AST),7:39 PM
65,1,2,69,0020701181,MISS Crawford 16' Jump Shot,,3:38,1,4,0,0,2037,Jamal Crawford,NYK,New York,1610612752.0,Knicks,0,,,,,,0,,,,,,,,,7:39 PM
66,0,4,70,0020701181,Lee REBOUND (Off:2 Def:3),,3:36,1,4,0,0,101135,David Lee,NYK,New York,1610612752.0,Knicks,0,,,,,,0,,,,,,,,,7:39 PM
67,49,1,71,0020701181,Lee  Driving Dunk (2 PTS),,3:34,1,4,0,0,101135,David Lee,NYK,New York,1610612752.0,Knicks,0,,,,,,0,,,,,,22 - 18,-4,,7:39 PM
68,1,1,72,0020701181,,,3:21,1,5,5,0,2207,Joe Johnson,ATL,Atlanta,1610612737.0,Hawks,2746,Josh Smith,ATL,Atlanta,1610612737.0,Hawks,0,,,,,,25 - 18,-7,Johnson  3PT Jump Shot (11 PTS) (Smith 2 AST),7:40 PM
69,1,5,73,0020701181,Randolph Bad Pass Turnover (P1.T1),,3:09,1,4,5,0,2216,Zach Randolph,NYK,New York,1610612752.0,Knicks,2746,Josh Smith,ATL,Atlanta,1610612737.0,Hawks,0,,,,,,,,Smith STEAL (1 STL),7:40 PM
70,1,1,74,0020701181,,,3:03,1,5,0,0,2207,Joe Johnson,ATL,Atlanta,1610612737.0,Hawks,0,,,,,,0,,,,,,28 - 18,-10,Johnson 24' 3PT Jump Shot (14 PTS),7:40 PM
71,1,2,75,0020701181,MISS Richardson 25' 3PT Jump Shot,,2:45,1,4,0,0,2047,Quentin Richardson,NYK,New York,1610612752.0,Knicks,0,,,,,,0,,,,,,,,,7:40 PM
72,0,4,76,0020701181,,,2:43,1,5,0,0,201143,Al Horford,ATL,Atlanta,1610612737.0,Hawks,0,,,,,,0,,,,,,,,Horford REBOUND (Off:0 Def:1),7:40 PM
73,1,2,77,0020701181,,,2:35,1,5,0,0,1710,Mike Bibby,ATL,Atlanta,1610612737.0,Hawks,0,,,,,,0,,,,,,,,MISS Bibby 16' Jump Shot,7:40 PM
74,0,4,78,0020701181,Richardson REBOUND (Off:0 Def:2),,2:34,1,4,0,0,2047,Quentin Richardson,NYK,New York,1610612752.0,Knicks,0,,,,,,0,,,,,,,,,7:40 PM
75,1,5,79,0020701181,Randolph Bad Pass Turnover (P2.T2),,2:11,1,4,5,0,2216,Zach Randolph,NYK,New York,1610612752.0,Knicks,201143,Al Horford,ATL,Atlanta,1610612737.0,Hawks,0,,,,,,,,Horford STEAL (1 STL),7:41 PM
76,1,2,80,0020701181,,,2:06,1,5,0,0,2207,Joe Johnson,ATL,Atlanta,1610612737.0,Hawks,0,,,,,,0,,,,,,,,MISS Johnson  3PT Jump Shot,7:41 PM
77,0,4,81,0020701181,KNICKS Rebound,,2:05,1,2,0,0,1610612752,,,,,,0,,,,,,0,,,,,,,,,7:41 PM
78,1,9,82,0020701181,KNICKS Timeout: Regular (Full 1 Short 1),,2:05,1,2,0,0,1610612752,,,,,,0,,,,,,0,,,,,,,,,7:41 PM
79,0,8,84,0020701181,SUB: Chandler FOR Lee,,2:05,1,4,4,0,101135,David Lee,NYK,New York,1610612752.0,Knicks,201163,Wilson Chandler,NYK,New York,1610612752.0,Knicks,0,,,,,,,,,7:43 PM
80,0,8,85,0020701181,,,2:05,1,5,5,0,201143,Al Horford,ATL,Atlanta,1610612737.0,Hawks,2585,Zaza Pachulia,ATL,Atlanta,1610612737.0,Hawks,0,,,,,,,,SUB: Pachulia FOR Horford,7:43 PM
81,0,8,86,0020701181,,,2:05,1,5,5,0,1710,Mike Bibby,ATL,Atlanta,1610612737.0,Hawks,101107,Marvin Williams,ATL,Atlanta,1610612737.0,Hawks,0,,,,,,,,SUB: Williams FOR Bibby,7:43 PM
82,42,1,87,0020701181,Richardson  Driving Layup (4 PTS),,1:47,1,4,0,0,2047,Quentin Richardson,NYK,New York,1610612752.0,Knicks,0,,,,,,0,,,,,,28 - 20,-8,,7:44 PM
83,42,1,88,0020701181,,,1:23,1,5,0,0,2207,Joe Johnson,ATL,Atlanta,1610612737.0,Hawks,0,,,,,,0,,,,,,30 - 20,-10,Johnson  Driving Layup (16 PTS),7:44 PM
84,1,5,89,0020701181,Randolph Bad Pass Turnover (P3.T3),,1:04,1,4,5,0,2216,Zach Randolph,NYK,New York,1610612752.0,Knicks,101107,Marvin Williams,ATL,Atlanta,1610612737.0,Hawks,0,,,,,,,,Williams STEAL (1 STL),7:44 PM
85,42,1,90,0020701181,,,1:00,1,5,5,0,2735,Josh Childress,ATL,Atlanta,1610612737.0,Hawks,2207,Joe Johnson,ATL,Atlanta,1610612737.0,Hawks,0,,,,,,32 - 20,-12,Childress  Driving Layup (2 PTS) (Johnson 3 AST),7:44 PM
86,39,5,91,0020701181,Randolph Step Out of Bounds Turnover (P4.T4),,0:45,1,4,0,0,2216,Zach Randolph,NYK,New York,1610612752.0,Knicks,0,,,,,,0,,,,,,,,,7:45 PM
87,49,1,92,0020701181,,,0:23,1,5,0,0,2746,Josh Smith,ATL,Atlanta,1610612737.0,Hawks,0,,,,,,0,,,,,,34 - 20,-14,Smith  Driving Dunk (8 PTS),7:45 PM
88,1,6,93,0020701181,,,0:06,1,5,4,1,2735,Josh Childress,ATL,Atlanta,1610612737.0,Hawks,201163,Wilson Chandler,NYK,New York,1610612752.0,Knicks,0,,,,,,,,Childress P.FOUL (P1.T2),7:46 PM
89,0,8,94,0020701181,,,0:06,1,5,5,0,2585,Zaza Pachulia,ATL,Atlanta,1610612737.0,Hawks,201238,Mario West,ATL,Atlanta,1610612737.0,Hawks,0,,,,,,,,SUB: West FOR Pachulia,7:46 PM
90,1,1,95,0020701181,Crawford 27' 3PT Jump Shot (8 PTS),,0:00,1,4,0,0,2037,Jamal Crawford,NYK,New York,1610612752.0,Knicks,0,,,,,,0,,,,,,34 - 23,-11,,7:47 PM
91,0,18,97,0020701181,,,0:00,1,0,0,1,0,,,,,,0,,,,,,0,,,,,,34 - 23,-11,,7:47 PM
92,0,13,96,0020701181,,,0:00,1,0,0,0,0,,,,,,0,,,,,,0,,,,,,34 - 23,-11,,7:47 PM
93,0,12,99,0020701181,,,12:00,2,0,0,0,0,,,,,,0,,,,,,0,,,,,,34 - 23,-11,,7:50 PM
94,5,2,100,0020701181,MISS Jeffries  Layup,,11:39,2,4,0,0,2407,Jared Jeffries,NYK,New York,1610612752.0,Knicks,0,,,,,,0,,,,,,,,,7:50 PM
95,0,4,101,0020701181,Randolph REBOUND (Off:1 Def:1),,11:38,2,4,0,0,2216,Zach Randolph,NYK,New York,1610612752.0,Knicks,0,,,,,,0,,,,,,,,,7:50 PM
96,5,2,102,0020701181,MISS Randolph  Layup,,11:36,2,4,0,0,2216,Zach Randolph,NYK,New York,1610612752.0,Knicks,0,,,,,,0,,,,,,,,,7:50 PM
97,0,4,103,0020701181,Randolph REBOUND (Off:2 Def:1),,11:35,2,4,0,0,2216,Zach Randolph,NYK,New York,1610612752.0,Knicks,0,,,,,,0,,,,,,,,,7:50 PM
98,5,1,104,0020701181,Randolph  Layup (9 PTS),,11:32,2,4,0,0,2216,Zach Randolph,NYK,New York,1610612752.0,Knicks,0,,,,,,0,,,,,,34 - 25,-9,,7:50 PM
99,56,1,105,0020701181,,,11:13,2,5,0,0,101107,Marvin Williams,ATL,Atlanta,1610612737.0,Hawks,0,,,,,,0,,,,,,36 - 25,-11,Williams 6' Running Hook Shot (2 PTS),7:51 PM
100,5,2,106,0020701181,MISS Crawford  Layup,,10:55,2,4,0,0,2037,Jamal Crawford,NYK,New York,1610612752.0,Knicks,0,,,,,,0,,,,,,,,,7:51 PM
101,0,4,107,0020701181,,,10:54,2,5,0,0,2585,Zaza Pachulia,ATL,Atlanta,1610612737.0,Hawks,0,,,,,,0,,,,,,,,Pachulia REBOUND (Off:0 Def:1),7:51 PM
102,1,2,108,0020701181,,,10:38,2,5,0,0,2207,Joe Johnson,ATL,Atlanta,1610612737.0,Hawks,0,,,,,,0,,,,,,,,MISS Johnson 25' 3PT Jump Shot,7:51 PM
103,0,4,109,0020701181,Randolph REBOUND (Off:2 Def:2),,10:37,2,4,0,0,2216,Zach Randolph,NYK,New York,1610612752.0,Knicks,0,,,,,,0,,,,,,,,,7:51 PM
104,3,6,110,0020701181,,,10:37,2,5,4,1,2585,Zaza Pachulia,ATL,Atlanta,1610612737.0,Hawks,2216,Zach Randolph,NYK,New York,1610612752.0,Knicks,0,,,,,,,,Pachulia L.B.FOUL (P1.T1),7:51 PM
105,0,8,111,0020701181,SUB: Lee FOR Jeffries,,10:37,2,4,4,0,2407,Jared Jeffries,NYK,New York,1610612752.0,Knicks,101135,David Lee,NYK,New York,1610612752.0,Knicks,0,,,,,,,,,7:51 PM
106,41,5,112,0020701181,Randolph Poss Lost Ball Turnover (P5.T5),,10:20,2,4,0,0,2216,Zach Randolph,NYK,New York,1610612752.0,Knicks,0,,,,,,0,,,,,,,,,7:52 PM
107,1,2,113,0020701181,,,10:03,2,5,0,0,201143,Al Horford,ATL,Atlanta,1610612737.0,Hawks,0,,,,,,0,,,,,,,,MISS Horford 17' Jump Shot,7:52 PM
108,0,4,114,0020701181,,,10:01,2,5,0,0,2585,Zaza Pachulia,ATL,Atlanta,1610612737.0,Hawks,0,,,,,,0,,,,,,,,Pachulia REBOUND (Off:1 Def:1),7:52 PM
109,5,1,115,0020701181,,,10:00,2,5,0,0,2585,Zaza Pachulia,ATL,Atlanta,1610612737.0,Hawks,0,,,,,,0,,,,,,38 - 25,-13,Pachulia  Layup (2 PTS),7:52 PM
110,21,5,116,0020701181,Lee Palming Turnover (P1.T6),,9:53,2,4,0,1,101135,David Lee,NYK,New York,1610612752.0,Knicks,0,,,,,,0,,,,,,,,,7:52 PM
111,2,6,117,0020701181,Richardson S.FOUL (P1.T1),,9:34,2,4,5,1,2047,Quentin Richardson,NYK,New York,1610612752.0,Knicks,101107,Marvin Williams,ATL,Atlanta,1610612737.0,Hawks,0,,,,,,,,,7:53 PM
112,0,8,118,0020701181,SUB: Robinson FOR Crawford,,9:34,2,4,4,0,2037,Jamal Crawford,NYK,New York,1610612752.0,Knicks,101126,Nate Robinson,NYK,New York,1610612752.0,Knicks,0,,,,,,,,,7:53 PM
113,0,8,119,0020701181,,,9:34,2,5,5,0,2207,Joe Johnson,ATL,Atlanta,1610612737.0,Hawks,1710,Mike Bibby,ATL,Atlanta,1610612737.0,Hawks,0,,,,,,,,SUB: Bibby FOR Johnson,7:53 PM
114,11,3,120,0020701181,,,9:34,2,5,0,0,101107,Marvin Williams,ATL,Atlanta,1610612737.0,Hawks,0,,,,,,0,,,,,,39 - 25,-14,Williams Free Throw 1 of 2 (3 PTS),7:53 PM
115,0,8,121,0020701181,SUB: Jones FOR Richardson,,9:34,2,4,4,0,2047,Quentin Richardson,NYK,New York,1610612752.0,Knicks,2410,Fred Jones,NYK,New York,1610612752.0,Knicks,0,,,,,,,,,7:54 PM
116,12,3,122,0020701181,,,9:34,2,5,0,0,101107,Marvin Williams,ATL,Atlanta,1610612737.0,Hawks,0,,,,,,0,,,,,,40 - 25,-15,Williams Free Throw 2 of 2 (4 PTS),7:54 PM
117,1,2,123,0020701181,MISS Lee 19' Jump Shot,,9:23,2,4,0,0,101135,David Lee,NYK,New York,1610612752.0,Knicks,0,,,,,,0,,,,,,,,,7:54 PM
118,0,4,124,0020701181,Randolph REBOUND (Off:3 Def:2),,9:21,2,4,0,0,2216,Zach Randolph,NYK,New York,1610612752.0,Knicks,0,,,,,,0,,,,,,,,,7:54 PM
119,1,2,125,0020701181,MISS Chandler 25' 3PT Jump Shot,,9:16,2,4,0,0,201163,Wilson Chandler,NYK,New York,1610612752.0,Knicks,0,,,,,,0,,,,,,,,,7:54 PM
120,0,4,126,0020701181,Chandler REBOUND (Off:1 Def:0),,9:15,2,4,0,0,201163,Wilson Chandler,NYK,New York,1610612752.0,Knicks,0,,,,,,0,,,,,,,,,7:54 PM
121,42,1,127,0020701181,Chandler  Driving Layup (2 PTS),,9:13,2,4,0,0,201163,Wilson Chandler,NYK,New York,1610612752.0,Knicks,0,,,,,,0,,,,,,40 - 27,-13,,7:54 PM
122,5,2,128,0020701181,,,8:54,2,5,0,0,2585,Zaza Pachulia,ATL,Atlanta,1610612737.0,Hawks,0,,,,,,0,,,,,,,,MISS Pachulia  Layup,7:55 PM
123,0,4,129,0020701181,Lee REBOUND (Off:2 Def:4),,8:53,2,4,0,0,101135,David Lee,NYK,New York,1610612752.0,Knicks,0,,,,,,0,,,,,,,,,7:55 PM
124,4,9,130,0020701181,,,8:49,2,1,0,0,0,,,,,,0,,,,,,0,,,,,,,,,7:55 PM
125,1,2,132,0020701181,MISS Jones 24' 3PT Jump Shot,,8:36,2,4,0,0,2410,Fred Jones,NYK,New York,1610612752.0,Knicks,0,,,,,,0,,,,,,,,,7:58 PM
126,0,4,133,0020701181,,,8:34,2,5,0,0,201143,Al Horford,ATL,Atlanta,1610612737.0,Hawks,0,,,,,,0,,,,,,,,Horford REBOUND (Off:0 Def:2),7:58 PM
127,1,1,134,0020701181,,,8:16,2,5,5,0,1710,Mike Bibby,ATL,Atlanta,1610612737.0,Hawks,201143,Al Horford,ATL,Atlanta,1610612737.0,Hawks,0,,,,,,43 - 27,-16,Bibby 24' 3PT Jump Shot (7 PTS) (Horford 1 AST),7:58 PM
128,1,2,135,0020701181,MISS Robinson 16' Jump Shot,,7:59,2,4,0,0,101126,Nate Robinson,NYK,New York,1610612752.0,Knicks,0,,,,,,0,,,,,,,,,7:58 PM
129,0,4,136,0020701181,,,7:58,2,5,0,0,201143,Al Horford,ATL,Atlanta,1610612737.0,Hawks,0,,,,,,0,,,,,,,,Horford REBOUND (Off:0 Def:3),7:58 PM
130,1,1,137,0020701181,,,7:51,2,5,0,0,1710,Mike Bibby,ATL,Atlanta,1610612737.0,Hawks,0,,,,,,0,,,,,,45 - 27,-18,Bibby 21' Jump Shot (9 PTS),7:58 PM
131,1,6,138,0020701181,,,7:42,2,5,4,1,2585,Zaza Pachulia,ATL,Atlanta,1610612737.0,Hawks,2216,Zach Randolph,NYK,New York,1610612752.0,Knicks,0,,,,,,,,Pachulia P.FOUL (P2.T2),7:59 PM
132,0,8,139,0020701181,SUB: Crawford FOR Randolph,,7:42,2,4,4,0,2216,Zach Randolph,NYK,New York,1610612752.0,Knicks,2037,Jamal Crawford,NYK,New York,1610612752.0,Knicks,0,,,,,,,,,7:59 PM
133,0,8,140,0020701181,,,7:42,2,5,5,0,2585,Zaza Pachulia,ATL,Atlanta,1610612737.0,Hawks,2746,Josh Smith,ATL,Atlanta,1610612737.0,Hawks,0,,,,,,,,SUB: Smith FOR Pachulia,7:59 PM
134,1,5,141,0020701181,Robinson Bad Pass Turnover (P1.T7),,7:36,2,4,0,0,101126,Nate Robinson,NYK,New York,1610612752.0,Knicks,0,,,,,,0,,,,,,,,,7:59 PM
135,1,2,142,0020701181,,,7:24,2,5,0,0,101107,Marvin Williams,ATL,Atlanta,1610612737.0,Hawks,0,,,,,,0,,,,,,,,MISS Williams 18' Jump Shot,7:59 PM
136,0,4,143,0020701181,Chandler REBOUND (Off:1 Def:1),,7:23,2,4,0,0,201163,Wilson Chandler,NYK,New York,1610612752.0,Knicks,0,,,,,,0,,,,,,,,,7:59 PM
137,5,1,144,0020701181,Lee  Layup (4 PTS),,7:12,2,4,0,0,101135,David Lee,NYK,New York,1610612752.0,Knicks,0,,,,,,0,,,,,,45 - 29,-16,,8:00 PM
138,5,1,145,0020701181,,,6:49,2,5,5,0,201143,Al Horford,ATL,Atlanta,1610612737.0,Hawks,2735,Josh Childress,ATL,Atlanta,1610612737.0,Hawks,0,,,,,,47 - 29,-18,Horford  Layup (6 PTS) (Childress 2 AST),8:00 PM
139,1,5,146,0020701181,Jones Bad Pass Turnover (P1.T8),,6:33,2,4,5,0,2410,Fred Jones,NYK,New York,1610612752.0,Knicks,1710,Mike Bibby,ATL,Atlanta,1610612737.0,Hawks,0,,,,,,,,Bibby STEAL (1 STL),8:00 PM
140,5,2,147,0020701181,,,6:30,2,5,0,0,2735,Josh Childress,ATL,Atlanta,1610612737.0,Hawks,0,,,,,,0,,,,,,,,MISS Childress  Layup,8:00 PM
141,0,4,148,0020701181,Crawford REBOUND (Off:0 Def:1),,6:28,2,4,0,0,2037,Jamal Crawford,NYK,New York,1610612752.0,Knicks,0,,,,,,0,,,,,,,,,8:00 PM
142,1,2,149,0020701181,MISS Chandler 9' Jump Shot,,6:21,2,4,0,0,201163,Wilson Chandler,NYK,New York,1610612752.0,Knicks,0,,,,,,0,,,,,,,,,8:00 PM
143,0,4,150,0020701181,Lee REBOUND (Off:3 Def:4),,6:20,2,4,0,0,101135,David Lee,NYK,New York,1610612752.0,Knicks,0,,,,,,0,,,,,,,,,8:00 PM
144,1,1,151,0020701181,Lee 15' Jump Shot (6 PTS),,6:12,2,4,0,0,101135,David Lee,NYK,New York,1610612752.0,Knicks,0,,,,,,0,,,,,,47 - 31,-16,,8:01 PM
145,5,1,152,0020701181,,,5:55,2,5,5,0,2735,Josh Childress,ATL,Atlanta,1610612737.0,Hawks,2746,Josh Smith,ATL,Atlanta,1610612737.0,Hawks,0,,,,,,49 - 31,-18,Childress  Layup (4 PTS) (Smith 3 AST),8:01 PM
146,1,1,153,0020701181,Jones 18' Jump Shot (2 PTS) (Chandler 1 AST),,5:42,2,4,4,0,2410,Fred Jones,NYK,New York,1610612752.0,Knicks,201163,Wilson Chandler,NYK,New York,1610612752.0,Knicks,0,,,,,,49 - 33,-16,,8:01 PM
147,1,2,154,0020701181,,,5:27,2,5,0,0,101107,Marvin Williams,ATL,Atlanta,1610612737.0,Hawks,0,,,,,,0,,,,,,,,MISS Williams 17' Jump Shot,8:01 PM
148,0,4,155,0020701181,,,5:26,2,5,0,0,201143,Al Horford,ATL,Atlanta,1610612737.0,Hawks,0,,,,,,0,,,,,,,,Horford REBOUND (Off:1 Def:3),8:01 PM
149,5,1,156,0020701181,,,5:23,2,5,0,0,201143,Al Horford,ATL,Atlanta,1610612737.0,Hawks,0,,,,,,0,,,,,,51 - 33,-18,Horford  Layup (8 PTS),8:01 PM
150,3,2,157,0020701181,MISS Lee 5' Hook Shot,,5:07,2,4,0,0,101135,David Lee,NYK,New York,1610612752.0,Knicks,0,,,,,,0,,,,,,,,,8:02 PM
151,0,4,158,0020701181,,,5:05,2,5,0,0,2746,Josh Smith,ATL,Atlanta,1610612737.0,Hawks,0,,,,,,0,,,,,,,,Smith REBOUND (Off:0 Def:3),8:02 PM
152,7,1,159,0020701181,,,5:01,2,5,5,0,201143,Al Horford,ATL,Atlanta,1610612737.0,Hawks,2746,Josh Smith,ATL,Atlanta,1610612737.0,Hawks,0,,,,,,53 - 33,-20,Horford  Dunk (10 PTS) (Smith 4 AST),8:02 PM
153,2,6,160,0020701181,Jones S.FOUL (P1.T2),,5:01,2,4,5,1,2410,Fred Jones,NYK,New York,1610612752.0,Knicks,201143,Al Horford,ATL,Atlanta,1610612737.0,Hawks,0,,,,,,,,,8:02 PM
154,1,9,161,0020701181,KNICKS Timeout: Regular (Full 2 Short 1),,5:01,2,2,0,0,1610612752,,,,,,0,,,,,,0,,,,,,,,,8:02 PM
155,0,8,163,0020701181,SUB: Jeffries FOR Lee,,5:01,2,4,4,0,101135,David Lee,NYK,New York,1610612752.0,Knicks,2407,Jared Jeffries,NYK,New York,1610612752.0,Knicks,0,,,,,,,,,8:04 PM
156,0,8,164,0020701181,SUB: Randolph FOR Robinson,,5:01,2,4,4,0,101126,Nate Robinson,NYK,New York,1610612752.0,Knicks,2216,Zach Randolph,NYK,New York,1610612752.0,Knicks,0,,,,,,,,,8:04 PM
157,0,8,165,0020701181,,,5:01,2,5,5,0,2735,Josh Childress,ATL,Atlanta,1610612737.0,Hawks,2207,Joe Johnson,ATL,Atlanta,1610612737.0,Hawks,0,,,,,,,,SUB: Johnson FOR Childress,8:04 PM
158,10,3,166,0020701181,,,5:01,2,5,0,0,201143,Al Horford,ATL,Atlanta,1610612737.0,Hawks,0,,,,,,0,,,,,,54 - 33,-21,Horford Free Throw 1 of 1 (11 PTS),8:04 PM
159,1,1,167,0020701181,Chandler 21' Jump Shot (4 PTS),,4:41,2,4,0,0,201163,Wilson Chandler,NYK,New York,1610612752.0,Knicks,0,,,,,,0,,,,,,54 - 35,-19,,8:05 PM
160,3,2,168,0020701181,,,4:23,2,5,0,0,2746,Josh Smith,ATL,Atlanta,1610612737.0,Hawks,0,,,,,,0,,,,,,,,MISS Smith 4' Hook Shot,8:05 PM
161,0,4,169,0020701181,Randolph REBOUND (Off:3 Def:3),,4:21,2,4,0,0,2216,Zach Randolph,NYK,New York,1610612752.0,Knicks,0,,,,,,0,,,,,,,,,8:05 PM
162,1,2,170,0020701181,MISS Jeffries 7' Jump Shot,,4:04,2,4,0,0,2407,Jared Jeffries,NYK,New York,1610612752.0,Knicks,0,,,,,,0,,,,,,,,,8:06 PM
163,0,4,171,0020701181,Chandler REBOUND (Off:2 Def:1),,4:02,2,4,0,0,201163,Wilson Chandler,NYK,New York,1610612752.0,Knicks,0,,,,,,0,,,,,,,,,8:06 PM
164,2,6,172,0020701181,,,4:02,2,5,4,1,201143,Al Horford,ATL,Atlanta,1610612737.0,Hawks,201163,Wilson Chandler,NYK,New York,1610612752.0,Knicks,0,,,,,,,,Horford S.FOUL (P2.T3),8:06 PM
165,11,3,173,0020701181,MISS Chandler Free Throw 1 of 2,,4:02,2,4,0,0,201163,Wilson Chandler,NYK,New York,1610612752.0,Knicks,0,,,,,,0,,,,,,,,,8:06 PM
166,1,4,174,0020701181,KNICKS Rebound,,4:02,2,2,0,0,1610612752,,,,,,0,,,,,,0,,,,,,,,,8:06 PM
167,0,8,175,0020701181,,,4:02,2,5,5,0,201143,Al Horford,ATL,Atlanta,1610612737.0,Hawks,2735,Josh Childress,ATL,Atlanta,1610612737.0,Hawks,0,,,,,,,,SUB: Childress FOR Horford,8:06 PM
168,12,3,176,0020701181,Chandler Free Throw 2 of 2 (5 PTS),,4:02,2,4,0,0,201163,Wilson Chandler,NYK,New York,1610612752.0,Knicks,0,,,,,,0,,,,,,54 - 36,-18,,8:06 PM
169,1,1,177,0020701181,,,3:45,2,5,5,0,101107,Marvin Williams,ATL,Atlanta,1610612737.0,Hawks,2207,Joe Johnson,ATL,Atlanta,1610612737.0,Hawks,0,,,,,,56 - 36,-20,Williams 19' Jump Shot (6 PTS) (Johnson 4 AST),8:07 PM
170,1,2,178,0020701181,MISS Chandler 5' Jump Shot,,3:25,2,4,0,0,201163,Wilson Chandler,NYK,New York,1610612752.0,Knicks,0,,,,,,0,,,,,,,,,8:07 PM
171,0,4,179,0020701181,Chandler REBOUND (Off:3 Def:1),,3:23,2,4,0,0,201163,Wilson Chandler,NYK,New York,1610612752.0,Knicks,0,,,,,,0,,,,,,,,,8:07 PM
172,5,1,180,0020701181,Chandler  Layup (7 PTS),,3:22,2,4,0,0,201163,Wilson Chandler,NYK,New York,1610612752.0,Knicks,0,,,,,,0,,,,,,56 - 38,-18,,8:07 PM
173,1,5,181,0020701181,Chandler STEAL (1 STL),,3:10,2,5,4,0,1710,Mike Bibby,ATL,Atlanta,1610612737.0,Hawks,201163,Wilson Chandler,NYK,New York,1610612752.0,Knicks,0,,,,,,,,Bibby Bad Pass Turnover (P3.T3),8:07 PM
174,5,1,182,0020701181,Randolph  Layup (11 PTS) (Crawford 2 AST),,3:01,2,4,4,0,2216,Zach Randolph,NYK,New York,1610612752.0,Knicks,2037,Jamal Crawford,NYK,New York,1610612752.0,Knicks,0,,,,,,56 - 40,-16,,8:08 PM
175,63,1,183,0020701181,,,2:38,2,5,0,0,2207,Joe Johnson,ATL,Atlanta,1610612737.0,Hawks,0,,,,,,0,,,,,,58 - 40,-18,Johnson 12' Fadeaway Jumper (18 PTS),8:08 PM
176,1,2,184,0020701181,MISS Crawford 25' 3PT Jump Shot,,2:24,2,4,0,0,2037,Jamal Crawford,NYK,New York,1610612752.0,Knicks,0,,,,,,0,,,,,,,,,8:08 PM
177,0,4,185,0020701181,,,2:22,2,5,0,0,101107,Marvin Williams,ATL,Atlanta,1610612737.0,Hawks,0,,,,,,0,,,,,,,,Williams REBOUND (Off:0 Def:1),8:08 PM
178,5,2,186,0020701181,,,2:10,2,5,0,0,2746,Josh Smith,ATL,Atlanta,1610612737.0,Hawks,0,,,,,,0,,,,,,,,MISS Smith  Layup,8:08 PM
179,0,4,188,0020701181,,,2:08,2,5,0,0,2735,Josh Childress,ATL,Atlanta,1610612737.0,Hawks,0,,,,,,0,,,,,,,,Childress REBOUND (Off:1 Def:0),8:08 PM
180,4,2,187,0020701181,,,2:08,2,5,0,0,2735,Josh Childress,ATL,Atlanta,1610612737.0,Hawks,0,,,,,,0,,,,,,,,MISS Childress  Tip Shot,8:08 PM
181,0,4,189,0020701181,Jones REBOUND (Off:0 Def:1),,2:06,2,4,0,0,2410,Fred Jones,NYK,New York,1610612752.0,Knicks,0,,,,,,0,,,,,,,,,8:08 PM
182,5,2,190,0020701181,MISS Jones  Layup,,2:04,2,4,0,0,2410,Fred Jones,NYK,New York,1610612752.0,Knicks,0,,,,,,0,,,,,,,,,8:09 PM
183,0,4,191,0020701181,,,2:03,2,5,0,0,2746,Josh Smith,ATL,Atlanta,1610612737.0,Hawks,0,,,,,,0,,,,,,,,Smith REBOUND (Off:0 Def:4),8:09 PM
184,1,6,192,0020701181,Randolph P.FOUL (P1.T3),,2:02,2,4,5,1,2216,Zach Randolph,NYK,New York,1610612752.0,Knicks,2746,Josh Smith,ATL,Atlanta,1610612737.0,Hawks,0,,,,,,,,,8:09 PM
185,1,9,193,0020701181,,,2:02,2,3,0,0,1610612737,,,,,,0,,,,,,0,,,,,,,,Hawks Timeout: Regular (Reg.2 Short 0),8:09 PM
186,5,2,197,0020701181,,,1:49,2,5,0,0,2746,Josh Smith,ATL,Atlanta,1610612737.0,Hawks,0,,,,,,0,,,,,,,,MISS Smith  Layup,8:12 PM
187,0,4,198,0020701181,Randolph REBOUND (Off:3 Def:4),,1:48,2,4,0,0,2216,Zach Randolph,NYK,New York,1610612752.0,Knicks,0,,,,,,0,,,,,,,,,8:12 PM
188,42,2,199,0020701181,MISS Crawford  Driving Layup,,1:34,2,4,0,5,2037,Jamal Crawford,NYK,New York,1610612752.0,Knicks,0,,,,,,2207,Joe Johnson,ATL,Atlanta,1610612737.0,Hawks,,,Johnson BLOCK (1 BLK),8:12 PM
189,0,4,200,0020701181,,,1:32,2,5,0,0,2735,Josh Childress,ATL,Atlanta,1610612737.0,Hawks,0,,,,,,0,,,,,,,,Childress REBOUND (Off:1 Def:1),8:12 PM
190,1,6,201,0020701181,Randolph P.FOUL (P2.T4),,1:31,2,4,5,1,2216,Zach Randolph,NYK,New York,1610612752.0,Knicks,2207,Joe Johnson,ATL,Atlanta,1610612737.0,Hawks,0,,,,,,,,,8:12 PM
191,1,2,202,0020701181,,,1:17,2,5,0,0,1710,Mike Bibby,ATL,Atlanta,1610612737.0,Hawks,0,,,,,,0,,,,,,,,MISS Bibby 15' Jump Shot,8:12 PM
192,0,4,203,0020701181,Chandler REBOUND (Off:3 Def:2),,1:16,2,4,0,0,201163,Wilson Chandler,NYK,New York,1610612752.0,Knicks,0,,,,,,0,,,,,,,,,8:13 PM
193,42,1,204,0020701181,Chandler  Driving Layup (9 PTS),,1:09,2,4,0,0,201163,Wilson Chandler,NYK,New York,1610612752.0,Knicks,0,,,,,,0,,,,,,58 - 42,-16,,8:13 PM
194,1,1,205,0020701181,,,0:53,2,5,5,0,1710,Mike Bibby,ATL,Atlanta,1610612737.0,Hawks,2207,Joe Johnson,ATL,Atlanta,1610612737.0,Hawks,0,,,,,,61 - 42,-19,Bibby  3PT Jump Shot (12 PTS) (Johnson 5 AST),8:13 PM
195,1,6,206,0020701181,,,0:37,2,5,4,1,101107,Marvin Williams,ATL,Atlanta,1610612737.0,Hawks,201163,Wilson Chandler,NYK,New York,1610612752.0,Knicks,0,,,,,,,,Williams P.FOUL (P1.T4),8:13 PM
196,2,6,207,0020701181,,,0:24,2,5,4,1,101107,Marvin Williams,ATL,Atlanta,1610612737.0,Hawks,2407,Jared Jeffries,NYK,New York,1610612752.0,Knicks,0,,,,,,,,Williams S.FOUL (P2.PN),8:14 PM
197,11,3,208,0020701181,MISS Jeffries Free Throw 1 of 2,,0:24,2,4,0,0,2407,Jared Jeffries,NYK,New York,1610612752.0,Knicks,0,,,,,,0,,,,,,,,,8:14 PM
198,1,4,209,0020701181,KNICKS Rebound,,0:24,2,2,0,0,1610612752,,,,,,0,,,,,,0,,,,,,,,,8:14 PM
199,0,8,210,0020701181,SUB: Richardson FOR Crawford,,0:24,2,4,4,0,2037,Jamal Crawford,NYK,New York,1610612752.0,Knicks,2047,Quentin Richardson,NYK,New York,1610612752.0,Knicks,0,,,,,,,,,8:14 PM
200,12,3,211,0020701181,Jeffries Free Throw 2 of 2 (3 PTS),,0:24,2,4,0,0,2407,Jared Jeffries,NYK,New York,1610612752.0,Knicks,0,,,,,,0,,,,,,61 - 43,-18,,8:14 PM
201,2,6,212,0020701181,Jeffries S.FOUL (P2.PN),,0:03,2,4,5,1,2407,Jared Jeffries,NYK,New York,1610612752.0,Knicks,2207,Joe Johnson,ATL,Atlanta,1610612737.0,Hawks,0,,,,,,,,,8:15 PM
202,11,3,213,0020701181,,,0:03,2,5,0,0,2207,Joe Johnson,ATL,Atlanta,1610612737.0,Hawks,0,,,,,,0,,,,,,,,MISS Johnson Free Throw 1 of 2,8:15 PM
203,1,4,214,0020701181,,,0:03,2,3,0,0,1610612737,,,,,,0,,,,,,0,,,,,,,,Hawks Rebound,8:15 PM
204,0,8,215,0020701181,SUB: Crawford FOR Jeffries,,0:03,2,4,4,0,2407,Jared Jeffries,NYK,New York,1610612752.0,Knicks,2037,Jamal Crawford,NYK,New York,1610612752.0,Knicks,0,,,,,,,,,8:15 PM
205,0,8,216,0020701181,,,0:03,2,5,5,0,101107,Marvin Williams,ATL,Atlanta,1610612737.0,Hawks,201238,Mario West,ATL,Atlanta,1610612737.0,Hawks,0,,,,,,,,SUB: West FOR Williams,8:16 PM
206,12,3,217,0020701181,,,0:03,2,5,0,0,2207,Joe Johnson,ATL,Atlanta,1610612737.0,Hawks,0,,,,,,0,,,,,,62 - 43,-19,Johnson Free Throw 2 of 2 (19 PTS),8:16 PM
207,1,2,218,0020701181,MISS Randolph 42' 3PT Jump Shot,,0:00,2,4,0,0,2216,Zach Randolph,NYK,New York,1610612752.0,Knicks,0,,,,,,0,,,,,,,,,8:16 PM
208,0,4,219,0020701181,KNICKS Rebound,,0:00,2,2,0,0,1610612752,,,,,,0,,,,,,0,,,,,,,,,8:16 PM
209,0,13,220,0020701181,,,0:00,2,0,0,0,0,,,,,,0,,,,,,0,,,,,,62 - 43,-19,,8:16 PM
210,0,12,222,0020701181,,,12:00,3,0,0,0,0,,,,,,0,,,,,,0,,,,,,62 - 43,-19,,8:33 PM
211,1,2,223,0020701181,MISS Randolph  3PT Jump Shot,,11:35,3,4,0,0,2216,Zach Randolph,NYK,New York,1610612752.0,Knicks,0,,,,,,0,,,,,,,,,8:33 PM
212,0,4,224,0020701181,Richardson REBOUND (Off:1 Def:2),,11:33,3,4,0,0,2047,Quentin Richardson,NYK,New York,1610612752.0,Knicks,0,,,,,,0,,,,,,,,,8:33 PM
213,5,1,225,0020701181,Lee  Layup (8 PTS) (Richardson 1 AST),,11:32,3,4,4,0,101135,David Lee,NYK,New York,1610612752.0,Knicks,2047,Quentin Richardson,NYK,New York,1610612752.0,Knicks,0,,,,,,62 - 45,-17,,8:33 PM
214,2,6,226,0020701181,Richardson S.FOUL (P2.T1),,11:15,3,4,5,1,2047,Quentin Richardson,NYK,New York,1610612752.0,Knicks,201143,Al Horford,ATL,Atlanta,1610612737.0,Hawks,0,,,,,,,,,8:34 PM
215,11,3,227,0020701181,,,11:15,3,5,0,0,201143,Al Horford,ATL,Atlanta,1610612737.0,Hawks,0,,,,,,0,,,,,,63 - 45,-18,Horford Free Throw 1 of 2 (12 PTS),8:34 PM
216,12,3,228,0020701181,,,11:15,3,5,0,0,201143,Al Horford,ATL,Atlanta,1610612737.0,Hawks,0,,,,,,0,,,,,,64 - 45,-19,Horford Free Throw 2 of 2 (13 PTS),8:34 PM
217,1,1,229,0020701181,Randolph 17' Jump Shot (13 PTS) (Richardson 2 AST),,10:54,3,4,4,0,2216,Zach Randolph,NYK,New York,1610612752.0,Knicks,2047,Quentin Richardson,NYK,New York,1610612752.0,Knicks,0,,,,,,64 - 47,-17,,8:35 PM
218,1,2,230,0020701181,,,10:36,3,5,0,0,2746,Josh Smith,ATL,Atlanta,1610612737.0,Hawks,0,,,,,,0,,,,,,,,MISS Smith 19' Jump Shot,8:35 PM
219,0,4,231,0020701181,Richardson REBOUND (Off:1 Def:3),,10:35,3,4,0,0,2047,Quentin Richardson,NYK,New York,1610612752.0,Knicks,0,,,,,,0,,,,,,,,,8:35 PM
220,1,2,232,0020701181,MISS Crawford 15' Jump Shot,,10:16,3,4,0,0,2037,Jamal Crawford,NYK,New York,1610612752.0,Knicks,0,,,,,,0,,,,,,,,,8:35 PM
221,0,4,233,0020701181,,,10:15,3,5,0,0,201143,Al Horford,ATL,Atlanta,1610612737.0,Hawks,0,,,,,,0,,,,,,,,Horford REBOUND (Off:1 Def:4),8:36 PM
222,1,2,234,0020701181,,,10:03,3,5,0,0,1710,Mike Bibby,ATL,Atlanta,1610612737.0,Hawks,0,,,,,,0,,,,,,,,MISS Bibby 19' Jump Shot,8:36 PM
223,0,4,235,0020701181,,,10:02,3,5,0,0,2746,Josh Smith,ATL,Atlanta,1610612737.0,Hawks,0,,,,,,0,,,,,,,,Smith REBOUND (Off:1 Def:4),8:36 PM
224,2,6,236,0020701181,Lee S.FOUL (P1.T2),,9:58,3,4,5,1,101135,David Lee,NYK,New York,1610612752.0,Knicks,2746,Josh Smith,ATL,Atlanta,1610612737.0,Hawks,0,,,,,,,,,8:36 PM
225,11,3,237,0020701181,,,9:58,3,5,0,0,2746,Josh Smith,ATL,Atlanta,1610612737.0,Hawks,0,,,,,,0,,,,,,,,MISS Smith Free Throw 1 of 2,8:36 PM
226,1,4,238,0020701181,,,9:58,3,3,0,0,1610612737,,,,,,0,,,,,,0,,,,,,,,Hawks Rebound,8:36 PM
227,0,8,239,0020701181,SUB: Robinson FOR Jeffries,,9:58,3,4,4,0,2407,Jared Jeffries,NYK,New York,1610612752.0,Knicks,101126,Nate Robinson,NYK,New York,1610612752.0,Knicks,0,,,,,,,,,8:36 PM
228,12,3,240,0020701181,,,9:58,3,5,0,0,2746,Josh Smith,ATL,Atlanta,1610612737.0,Hawks,0,,,,,,0,,,,,,65 - 47,-18,Smith Free Throw 2 of 2 (9 PTS),8:36 PM
229,3,2,241,0020701181,MISS Randolph 6' Hook Shot,,9:37,3,4,0,0,2216,Zach Randolph,NYK,New York,1610612752.0,Knicks,0,,,,,,0,,,,,,,,,8:37 PM
230,0,4,242,0020701181,Lee REBOUND (Off:4 Def:4),,9:36,3,4,0,0,101135,David Lee,NYK,New York,1610612752.0,Knicks,0,,,,,,0,,,,,,,,,8:37 PM
231,2,6,243,0020701181,,,9:35,3,5,4,1,2746,Josh Smith,ATL,Atlanta,1610612737.0,Hawks,101135,David Lee,NYK,New York,1610612752.0,Knicks,0,,,,,,,,Smith S.FOUL (P1.T1),8:37 PM
232,11,3,244,0020701181,Lee Free Throw 1 of 2 (9 PTS),,9:35,3,4,0,0,101135,David Lee,NYK,New York,1610612752.0,Knicks,0,,,,,,0,,,,,,65 - 48,-17,,8:37 PM
233,12,3,245,0020701181,Lee Free Throw 2 of 2 (10 PTS),,9:35,3,4,0,0,101135,David Lee,NYK,New York,1610612752.0,Knicks,0,,,,,,0,,,,,,65 - 49,-16,,8:37 PM
234,1,6,246,0020701181,Robinson P.FOUL (P1.T3),,9:28,3,4,5,1,101126,Nate Robinson,NYK,New York,1610612752.0,Knicks,1710,Mike Bibby,ATL,Atlanta,1610612737.0,Hawks,0,,,,,,,,,8:38 PM
235,2,6,247,0020701181,Richardson S.FOUL (P3.T4),,9:22,3,4,5,1,2047,Quentin Richardson,NYK,New York,1610612752.0,Knicks,201143,Al Horford,ATL,Atlanta,1610612737.0,Hawks,0,,,,,,,,,8:38 PM
236,11,3,248,0020701181,,,9:22,3,5,0,0,201143,Al Horford,ATL,Atlanta,1610612737.0,Hawks,0,,,,,,0,,,,,,66 - 49,-17,Horford Free Throw 1 of 2 (14 PTS),8:38 PM
237,12,3,249,0020701181,,,9:22,3,5,0,0,201143,Al Horford,ATL,Atlanta,1610612737.0,Hawks,0,,,,,,0,,,,,,,,MISS Horford Free Throw 2 of 2,8:39 PM
238,0,4,250,0020701181,Randolph REBOUND (Off:3 Def:5),,9:21,3,4,0,0,2216,Zach Randolph,NYK,New York,1610612752.0,Knicks,0,,,,,,0,,,,,,,,,8:39 PM
239,4,5,251,0020701181,Robinson Traveling Turnover (P2.T9),,9:11,3,4,0,1,101126,Nate Robinson,NYK,New York,1610612752.0,Knicks,0,,,,,,0,,,,,,,,,8:39 PM
240,1,1,252,0020701181,,,8:54,3,5,5,0,2207,Joe Johnson,ATL,Atlanta,1610612737.0,Hawks,101107,Marvin Williams,ATL,Atlanta,1610612737.0,Hawks,0,,,,,,69 - 49,-20,Johnson 27' 3PT Jump Shot (22 PTS) (Williams 1 AST),8:40 PM
241,5,1,253,0020701181,Randolph  Layup (15 PTS),,8:36,3,4,0,0,2216,Zach Randolph,NYK,New York,1610612752.0,Knicks,0,,,,,,0,,,,,,69 - 51,-18,,8:40 PM
242,4,6,254,0020701181,,,8:22,3,5,4,1,101107,Marvin Williams,ATL,Atlanta,1610612737.0,Hawks,2037,Jamal Crawford,NYK,New York,1610612752.0,Knicks,0,,,,,,,,Williams OFF.Foul (P3),8:40 PM
243,5,5,255,0020701181,,,8:22,3,5,0,1,101107,Marvin Williams,ATL,Atlanta,1610612737.0,Hawks,0,,,,,,0,,,,,,,,Williams Foul Turnover (P1.T4),8:40 PM
244,42,1,256,0020701181,Lee  Driving Layup (12 PTS),,8:00,3,4,0,0,101135,David Lee,NYK,New York,1610612752.0,Knicks,0,,,,,,0,,,,,,69 - 53,-16,,8:41 PM
245,1,1,257,0020701181,,,7:38,3,5,0,0,2207,Joe Johnson,ATL,Atlanta,1610612737.0,Hawks,0,,,,,,0,,,,,,71 - 53,-18,Johnson 6' Jump Shot (24 PTS),8:41 PM
246,1,2,258,0020701181,MISS Robinson 24' 3PT Jump Shot,,7:14,3,4,0,0,101126,Nate Robinson,NYK,New York,1610612752.0,Knicks,0,,,,,,0,,,,,,,,,8:42 PM
247,0,4,259,0020701181,,,7:12,3,5,0,0,1710,Mike Bibby,ATL,Atlanta,1610612737.0,Hawks,0,,,,,,0,,,,,,,,Bibby REBOUND (Off:0 Def:5),8:42 PM
248,42,1,260,0020701181,,,7:03,3,5,0,0,2746,Josh Smith,ATL,Atlanta,1610612737.0,Hawks,0,,,,,,0,,,,,,73 - 53,-20,Smith  Driving Layup (11 PTS),8:42 PM
249,42,1,261,0020701181,Lee  Driving Layup (14 PTS),,6:48,3,4,0,0,101135,David Lee,NYK,New York,1610612752.0,Knicks,0,,,,,,0,,,,,,73 - 55,-18,,8:42 PM
250,41,5,262,0020701181,,,6:35,3,5,0,0,201143,Al Horford,ATL,Atlanta,1610612737.0,Hawks,0,,,,,,0,,,,,,,,Horford Poss Lost Ball Turnover (P1.T5),8:42 PM
251,1,1,263,0020701181,Randolph 17' Jump Shot (17 PTS) (Crawford 3 AST),,6:24,3,4,4,0,2216,Zach Randolph,NYK,New York,1610612752.0,Knicks,2037,Jamal Crawford,NYK,New York,1610612752.0,Knicks,0,,,,,,73 - 57,-16,,8:43 PM
252,5,2,264,0020701181,Randolph BLOCK (1 BLK),,6:04,3,5,0,4,2207,Joe Johnson,ATL,Atlanta,1610612737.0,Hawks,0,,,,,,2216,Zach Randolph,NYK,New York,1610612752.0,Knicks,,,MISS Johnson  Layup,8:43 PM
253,0,4,265,0020701181,,,6:03,3,5,0,0,2207,Joe Johnson,ATL,Atlanta,1610612737.0,Hawks,0,,,,,,0,,,,,,,,Johnson REBOUND (Off:1 Def:3),8:43 PM
254,1,1,266,0020701181,,,6:01,3,5,0,0,2207,Joe Johnson,ATL,Atlanta,1610612737.0,Hawks,0,,,,,,0,,,,,,76 - 57,-19,Johnson  3PT Jump Shot (27 PTS),8:43 PM
255,1,1,267,0020701181,Crawford 24' 3PT Jump Shot (11 PTS) (Robinson 1 AST),,5:51,3,4,4,0,2037,Jamal Crawford,NYK,New York,1610612752.0,Knicks,101126,Nate Robinson,NYK,New York,1610612752.0,Knicks,0,,,,,,76 - 60,-16,,8:43 PM
256,1,5,268,0020701181,,,5:44,3,5,0,0,1710,Mike Bibby,ATL,Atlanta,1610612737.0,Hawks,0,,,,,,0,,,,,,,,Bibby Bad Pass Turnover (P4.T6),8:43 PM
257,1,9,269,0020701181,KNICKS Timeout: Regular (Full 3 Short 1),,5:44,3,2,0,0,1610612752,,,,,,0,,,,,,0,,,,,,,,,8:43 PM
258,0,8,271,0020701181,,,5:44,3,5,5,0,101107,Marvin Williams,ATL,Atlanta,1610612737.0,Hawks,2735,Josh Childress,ATL,Atlanta,1610612737.0,Hawks,0,,,,,,,,SUB: Childress FOR Williams,8:46 PM
259,0,8,272,0020701181,SUB: Jeffries FOR Richardson,,5:44,3,4,4,0,2047,Quentin Richardson,NYK,New York,1610612752.0,Knicks,2407,Jared Jeffries,NYK,New York,1610612752.0,Knicks,0,,,,,,,,,8:46 PM
260,0,8,273,0020701181,SUB: Chandler FOR Robinson,,5:44,3,4,4,0,101126,Nate Robinson,NYK,New York,1610612752.0,Knicks,201163,Wilson Chandler,NYK,New York,1610612752.0,Knicks,0,,,,,,,,,8:46 PM
261,1,1,274,0020701181,Crawford  3PT Jump Shot (14 PTS) (Lee 2 AST),,5:35,3,4,4,0,2037,Jamal Crawford,NYK,New York,1610612752.0,Knicks,101135,David Lee,NYK,New York,1610612752.0,Knicks,0,,,,,,76 - 63,-13,,8:46 PM
262,63,1,275,0020701181,,,5:10,3,5,0,0,2207,Joe Johnson,ATL,Atlanta,1610612737.0,Hawks,0,,,,,,0,,,,,,78 - 63,-15,Johnson 16' Fadeaway Jumper (29 PTS),8:47 PM
263,2,5,276,0020701181,Chandler Lost Ball Turnover (P1.T10),,4:57,3,4,5,0,201163,Wilson Chandler,NYK,New York,1610612752.0,Knicks,2207,Joe Johnson,ATL,Atlanta,1610612737.0,Hawks,0,,,,,,,,Johnson STEAL (1 STL),8:47 PM
264,52,1,277,0020701181,,,4:54,3,5,5,0,2746,Josh Smith,ATL,Atlanta,1610612737.0,Hawks,2207,Joe Johnson,ATL,Atlanta,1610612737.0,Hawks,0,,,,,,80 - 63,-17,Smith  Alley Oop Dunk (13 PTS) (Johnson 6 AST),8:47 PM
265,1,2,278,0020701181,MISS Randolph 12' Jump Shot,,4:30,3,4,0,0,2216,Zach Randolph,NYK,New York,1610612752.0,Knicks,0,,,,,,0,,,,,,,,,8:48 PM
266,0,4,279,0020701181,,,4:28,3,5,0,0,201143,Al Horford,ATL,Atlanta,1610612737.0,Hawks,0,,,,,,0,,,,,,,,Horford REBOUND (Off:1 Def:5),8:48 PM
267,42,1,280,0020701181,,,4:24,3,5,0,0,201143,Al Horford,ATL,Atlanta,1610612737.0,Hawks,0,,,,,,0,,,,,,82 - 63,-19,Horford  Driving Layup (16 PTS),8:48 PM
268,1,9,281,0020701181,KNICKS Timeout: Regular (Full 4 Short 1),,4:23,3,2,0,0,1610612752,,,,,,0,,,,,,0,,,,,,,,,8:48 PM
269,0,8,283,0020701181,SUB: Richardson FOR Lee,,4:23,3,4,4,0,101135,David Lee,NYK,New York,1610612752.0,Knicks,2047,Quentin Richardson,NYK,New York,1610612752.0,Knicks,0,,,,,,,,,8:50 PM
270,1,5,285,0020701181,Jeffries Bad Pass Turnover (P1.T11),,4:07,3,4,0,0,2407,Jared Jeffries,NYK,New York,1610612752.0,Knicks,0,,,,,,0,,,,,,,,,8:51 PM
271,1,2,286,0020701181,,,3:55,3,5,0,0,201143,Al Horford,ATL,Atlanta,1610612737.0,Hawks,0,,,,,,0,,,,,,,,MISS Horford 7' Jump Shot,8:51 PM
272,0,4,287,0020701181,Randolph REBOUND (Off:3 Def:6),,3:54,3,4,0,0,2216,Zach Randolph,NYK,New York,1610612752.0,Knicks,0,,,,,,0,,,,,,,,,8:51 PM
273,66,1,288,0020701181,Richardson 7' Jump Bank Shot (6 PTS),,3:39,3,4,0,0,2047,Quentin Richardson,NYK,New York,1610612752.0,Knicks,0,,,,,,0,,,,,,82 - 65,-17,,8:51 PM
274,2,6,289,0020701181,,,3:39,3,5,4,1,2735,Josh Childress,ATL,Atlanta,1610612737.0,Hawks,2047,Quentin Richardson,NYK,New York,1610612752.0,Knicks,0,,,,,,,,Childress S.FOUL (P2.T2),8:51 PM
275,10,3,290,0020701181,MISS Richardson Free Throw 1 of 1,,3:39,3,4,0,0,2047,Quentin Richardson,NYK,New York,1610612752.0,Knicks,0,,,,,,0,,,,,,,,,8:51 PM
276,0,4,291,0020701181,,,3:38,3,5,0,0,201143,Al Horford,ATL,Atlanta,1610612737.0,Hawks,0,,,,,,0,,,,,,,,Horford REBOUND (Off:1 Def:6),8:52 PM
277,1,2,292,0020701181,,,3:16,3,5,0,0,2207,Joe Johnson,ATL,Atlanta,1610612737.0,Hawks,0,,,,,,0,,,,,,,,MISS Johnson 18' Jump Shot,8:52 PM
278,0,4,293,0020701181,Richardson REBOUND (Off:1 Def:4),,3:14,3,4,0,0,2047,Quentin Richardson,NYK,New York,1610612752.0,Knicks,0,,,,,,0,,,,,,,,,8:52 PM
279,1,5,294,0020701181,Richardson Bad Pass Turnover (P1.T12),,2:59,3,4,5,0,2047,Quentin Richardson,NYK,New York,1610612752.0,Knicks,201143,Al Horford,ATL,Atlanta,1610612737.0,Hawks,0,,,,,,,,Horford STEAL (2 STL),8:52 PM
280,49,2,295,0020701181,,,2:46,3,5,0,0,2735,Josh Childress,ATL,Atlanta,1610612737.0,Hawks,0,,,,,,0,,,,,,,,MISS Childress  Driving Dunk,8:52 PM
281,0,4,296,0020701181,Richardson REBOUND (Off:1 Def:5),,2:45,3,4,0,0,2047,Quentin Richardson,NYK,New York,1610612752.0,Knicks,0,,,,,,0,,,,,,,,,8:52 PM
282,1,2,297,0020701181,MISS Chandler 7' Jump Shot,,2:38,3,4,0,0,201163,Wilson Chandler,NYK,New York,1610612752.0,Knicks,0,,,,,,0,,,,,,,,,8:53 PM
283,0,4,298,0020701181,,,2:36,3,5,0,0,201143,Al Horford,ATL,Atlanta,1610612737.0,Hawks,0,,,,,,0,,,,,,,,Horford REBOUND (Off:1 Def:7),8:53 PM
284,1,9,299,0020701181,,,2:26,3,3,0,0,1610612737,,,,,,0,,,,,,0,,,,,,,,Hawks Timeout: Regular (Reg.3 Short 0),8:53 PM
285,0,8,302,0020701181,SUB: Robinson FOR Randolph,,2:26,3,4,4,0,2216,Zach Randolph,NYK,New York,1610612752.0,Knicks,101126,Nate Robinson,NYK,New York,1610612752.0,Knicks,0,,,,,,,,,8:55 PM
286,1,2,303,0020701181,,,2:11,3,5,0,0,2746,Josh Smith,ATL,Atlanta,1610612737.0,Hawks,0,,,,,,0,,,,,,,,MISS Smith 13' Jump Shot,8:55 PM
287,0,4,304,0020701181,Chandler REBOUND (Off:3 Def:3),,2:09,3,4,0,0,201163,Wilson Chandler,NYK,New York,1610612752.0,Knicks,0,,,,,,0,,,,,,,,,8:55 PM
288,2,7,306,0020701181,,,1:56,3,5,0,1,201143,Al Horford,ATL,Atlanta,1610612737.0,Hawks,0,,,,,,0,,,,,,,,Horford Violation:Defensive Goaltending,8:55 PM
289,47,1,305,0020701181,Richardson 8' Turnaround Jump Shot (8 PTS),,1:56,3,4,0,0,2047,Quentin Richardson,NYK,New York,1610612752.0,Knicks,0,,,,,,0,,,,,,82 - 67,-15,,8:55 PM
290,1,5,307,0020701181,,,1:38,3,5,0,0,2746,Josh Smith,ATL,Atlanta,1610612737.0,Hawks,0,,,,,,0,,,,,,,,Smith Bad Pass Turnover (P1.T7),8:56 PM
291,0,8,308,0020701181,,,1:38,3,5,5,0,1710,Mike Bibby,ATL,Atlanta,1610612737.0,Hawks,101107,Marvin Williams,ATL,Atlanta,1610612737.0,Hawks,0,,,,,,,,SUB: Williams FOR Bibby,8:56 PM
292,42,2,309,0020701181,MISS Richardson  Driving Layup,,1:23,3,4,0,5,2047,Quentin Richardson,NYK,New York,1610612752.0,Knicks,0,,,,,,201143,Al Horford,ATL,Atlanta,1610612737.0,Hawks,,,Horford BLOCK (2 BLK),8:56 PM
293,0,4,310,0020701181,,,1:22,3,5,0,0,201143,Al Horford,ATL,Atlanta,1610612737.0,Hawks,0,,,,,,0,,,,,,,,Horford REBOUND (Off:1 Def:8),8:56 PM
294,4,6,311,0020701181,,,1:04,3,5,4,1,2746,Josh Smith,ATL,Atlanta,1610612737.0,Hawks,2407,Jared Jeffries,NYK,New York,1610612752.0,Knicks,0,,,,,,,,Smith OFF.Foul (P2),8:57 PM
295,5,5,312,0020701181,,,1:04,3,5,0,1,2746,Josh Smith,ATL,Atlanta,1610612737.0,Hawks,0,,,,,,0,,,,,,,,Smith Foul Turnover (P2.T8),8:57 PM
296,1,7,313,0020701181,,,1:04,3,3,0,1,1610612737,,,,,,0,,,,,,0,,,,,,,,Hawks Violation: Delay of game Violation,8:57 PM
297,11,6,314,0020701181,,,1:04,3,5,0,1,2746,Josh Smith,ATL,Atlanta,1610612737.0,Hawks,0,,,,,,0,,,,,,,,Smith T.FOUL (P2.T2),8:57 PM
298,16,3,315,0020701181,MISS Crawford Free Throw Technical,,1:04,3,4,0,0,2037,Jamal Crawford,NYK,New York,1610612752.0,Knicks,0,,,,,,0,,,,,,,,,8:57 PM
299,1,4,316,0020701181,KNICKS Rebound,,1:04,3,2,0,0,1610612752,,,,,,0,,,,,,0,,,,,,,,,8:57 PM
300,0,8,317,0020701181,,,1:04,3,5,5,0,2746,Josh Smith,ATL,Atlanta,1610612737.0,Hawks,1710,Mike Bibby,ATL,Atlanta,1610612737.0,Hawks,0,,,,,,,,SUB: Bibby FOR Smith,8:57 PM
301,84,1,318,0020701181,Robinson 9' Running Bank Shot (2 PTS),,0:53,3,4,0,0,101126,Nate Robinson,NYK,New York,1610612752.0,Knicks,0,,,,,,0,,,,,,82 - 69,-13,,8:58 PM
302,1,2,319,0020701181,,,0:41,3,5,0,0,2207,Joe Johnson,ATL,Atlanta,1610612737.0,Hawks,0,,,,,,0,,,,,,,,MISS Johnson 6' Jump Shot,8:58 PM
303,0,4,320,0020701181,,,0:40,3,5,0,0,201143,Al Horford,ATL,Atlanta,1610612737.0,Hawks,0,,,,,,0,,,,,,,,Horford REBOUND (Off:2 Def:8),8:58 PM
304,2,6,321,0020701181,Richardson S.FOUL (P4.PN),,0:39,3,4,5,1,2047,Quentin Richardson,NYK,New York,1610612752.0,Knicks,201143,Al Horford,ATL,Atlanta,1610612737.0,Hawks,0,,,,,,,,,8:58 PM
305,11,3,322,0020701181,,,0:39,3,5,0,0,201143,Al Horford,ATL,Atlanta,1610612737.0,Hawks,0,,,,,,0,,,,,,,,MISS Horford Free Throw 1 of 2,8:59 PM
306,1,4,323,0020701181,,,0:39,3,3,0,0,1610612737,,,,,,0,,,,,,0,,,,,,,,Hawks Rebound,8:59 PM
307,12,3,324,0020701181,,,0:39,3,5,0,0,201143,Al Horford,ATL,Atlanta,1610612737.0,Hawks,0,,,,,,0,,,,,,83 - 69,-14,Horford Free Throw 2 of 2 (17 PTS),8:59 PM
308,42,1,325,0020701181,Robinson  Driving Layup (4 PTS),,0:31,3,4,0,0,101126,Nate Robinson,NYK,New York,1610612752.0,Knicks,0,,,,,,0,,,,,,83 - 71,-12,,8:59 PM
309,1,2,326,0020701181,,,0:11,3,5,0,0,1710,Mike Bibby,ATL,Atlanta,1610612737.0,Hawks,0,,,,,,0,,,,,,,,MISS Bibby 17' Jump Shot,9:00 PM
310,0,4,327,0020701181,Crawford REBOUND (Off:0 Def:2),,0:09,3,4,0,0,2037,Jamal Crawford,NYK,New York,1610612752.0,Knicks,0,,,,,,0,,,,,,,,,9:00 PM
311,1,2,328,0020701181,MISS Richardson  3PT Jump Shot,,0:02,3,4,0,0,2047,Quentin Richardson,NYK,New York,1610612752.0,Knicks,0,,,,,,0,,,,,,,,,9:00 PM
312,0,4,329,0020701181,,,0:01,3,5,0,0,201143,Al Horford,ATL,Atlanta,1610612737.0,Hawks,0,,,,,,0,,,,,,,,Horford REBOUND (Off:2 Def:9),9:00 PM
313,1,6,330,0020701181,Robinson P.FOUL (P2.PN),,0:00,3,4,5,1,101126,Nate Robinson,NYK,New York,1610612752.0,Knicks,201143,Al Horford,ATL,Atlanta,1610612737.0,Hawks,0,,,,,,,,,9:00 PM
314,11,3,331,0020701181,,,0:00,3,5,0,0,201143,Al Horford,ATL,Atlanta,1610612737.0,Hawks,0,,,,,,0,,,,,,84 - 71,-13,Horford Free Throw 1 of 2 (18 PTS),9:00 PM
315,12,3,332,0020701181,,,0:00,3,5,0,0,201143,Al Horford,ATL,Atlanta,1610612737.0,Hawks,0,,,,,,0,,,,,,85 - 71,-14,Horford Free Throw 2 of 2 (19 PTS),9:00 PM
316,0,13,333,0020701181,,,0:00,3,0,0,0,0,,,,,,0,,,,,,0,,,,,,85 - 71,-14,,9:01 PM
317,0,12,335,0020701181,,,12:00,4,0,0,0,0,,,,,,0,,,,,,0,,,,,,85 - 71,-14,,9:04 PM
318,1,1,336,0020701181,,,11:46,4,5,0,0,1710,Mike Bibby,ATL,Atlanta,1610612737.0,Hawks,0,,,,,,0,,,,,,87 - 71,-16,Bibby 16' Jump Shot (14 PTS),9:04 PM
319,5,2,337,0020701181,MISS Robinson  Layup,,11:34,4,4,0,0,101126,Nate Robinson,NYK,New York,1610612752.0,Knicks,0,,,,,,0,,,,,,,,,9:04 PM
320,0,4,339,0020701181,Jeffries REBOUND (Off:5 Def:0),,11:33,4,4,0,0,2407,Jared Jeffries,NYK,New York,1610612752.0,Knicks,0,,,,,,0,,,,,,,,,9:04 PM
321,72,1,338,0020701181,Jeffries  Putback Layup (5 PTS),,11:32,4,4,0,0,2407,Jared Jeffries,NYK,New York,1610612752.0,Knicks,0,,,,,,0,,,,,,87 - 73,-14,,9:04 PM
322,63,1,340,0020701181,,,11:16,4,5,0,0,1710,Mike Bibby,ATL,Atlanta,1610612737.0,Hawks,0,,,,,,0,,,,,,89 - 73,-16,Bibby 15' Fadeaway Jumper (16 PTS),9:04 PM
323,1,2,341,0020701181,MISS Robinson 15' Jump Shot,,11:06,4,4,0,0,101126,Nate Robinson,NYK,New York,1610612752.0,Knicks,0,,,,,,0,,,,,,,,,9:05 PM
324,0,4,342,0020701181,,,11:04,4,5,0,0,101107,Marvin Williams,ATL,Atlanta,1610612737.0,Hawks,0,,,,,,0,,,,,,,,Williams REBOUND (Off:0 Def:2),9:05 PM
325,2,5,343,0020701181,Jeffries STEAL (1 STL),,10:49,4,5,4,0,201143,Al Horford,ATL,Atlanta,1610612737.0,Hawks,2407,Jared Jeffries,NYK,New York,1610612752.0,Knicks,0,,,,,,,,Horford Lost Ball Turnover (P2.T9),9:05 PM
326,1,2,344,0020701181,MISS Chandler 18' Jump Shot,,10:39,4,4,0,0,201163,Wilson Chandler,NYK,New York,1610612752.0,Knicks,0,,,,,,0,,,,,,,,,9:05 PM
327,0,4,345,0020701181,Richardson REBOUND (Off:2 Def:5),,10:37,4,4,0,0,2047,Quentin Richardson,NYK,New York,1610612752.0,Knicks,0,,,,,,0,,,,,,,,,9:05 PM
328,1,2,346,0020701181,MISS Richardson 18' Jump Shot,,10:32,4,4,0,0,2047,Quentin Richardson,NYK,New York,1610612752.0,Knicks,0,,,,,,0,,,,,,,,,9:05 PM
329,0,4,347,0020701181,,,10:32,4,3,0,0,1610612737,,,,,,0,,,,,,0,,,,,,,,Hawks Rebound,9:05 PM
330,3,6,348,0020701181,Chandler L.B.FOUL (P1.T1),,10:32,4,4,5,1,201163,Wilson Chandler,NYK,New York,1610612752.0,Knicks,2207,Joe Johnson,ATL,Atlanta,1610612737.0,Hawks,0,,,,,,,,,9:05 PM
331,42,1,349,0020701181,,,10:16,4,5,0,0,2207,Joe Johnson,ATL,Atlanta,1610612737.0,Hawks,0,,,,,,0,,,,,,91 - 73,-18,Johnson  Driving Layup (31 PTS),9:06 PM
332,1,2,350,0020701181,MISS Chandler 5' Jump Shot,,10:08,4,4,0,0,201163,Wilson Chandler,NYK,New York,1610612752.0,Knicks,0,,,,,,0,,,,,,,,,9:06 PM
333,0,4,351,0020701181,Jeffries REBOUND (Off:6 Def:0),,10:06,4,4,0,0,2407,Jared Jeffries,NYK,New York,1610612752.0,Knicks,0,,,,,,0,,,,,,,,,9:06 PM
334,2,6,352,0020701181,,,9:59,4,5,4,1,201143,Al Horford,ATL,Atlanta,1610612737.0,Hawks,201163,Wilson Chandler,NYK,New York,1610612752.0,Knicks,0,,,,,,,,Horford S.FOUL (P3.T1),9:06 PM
335,11,3,353,0020701181,MISS Chandler Free Throw 1 of 2,,9:59,4,4,0,0,201163,Wilson Chandler,NYK,New York,1610612752.0,Knicks,0,,,,,,0,,,,,,,,,9:06 PM
336,1,4,354,0020701181,KNICKS Rebound,,9:59,4,2,0,0,1610612752,,,,,,0,,,,,,0,,,,,,,,,9:06 PM
337,12,3,355,0020701181,Chandler Free Throw 2 of 2 (10 PTS),,9:59,4,4,0,0,201163,Wilson Chandler,NYK,New York,1610612752.0,Knicks,0,,,,,,0,,,,,,91 - 74,-17,,9:07 PM
338,1,2,356,0020701181,,,9:43,4,5,0,0,1710,Mike Bibby,ATL,Atlanta,1610612737.0,Hawks,0,,,,,,0,,,,,,,,MISS Bibby 26' 3PT Jump Shot,9:07 PM
339,0,4,357,0020701181,Jeffries REBOUND (Off:6 Def:1),,9:41,4,4,0,0,2407,Jared Jeffries,NYK,New York,1610612752.0,Knicks,0,,,,,,0,,,,,,,,,9:07 PM
340,88,1,358,0020701181,Chandler  Driving Slam Dunk (12 PTS) (Richardson 3 AST),,9:38,4,4,4,0,201163,Wilson Chandler,NYK,New York,1610612752.0,Knicks,2047,Quentin Richardson,NYK,New York,1610612752.0,Knicks,0,,,,,,91 - 76,-15,,9:07 PM
341,1,2,359,0020701181,,,9:17,4,5,0,0,201143,Al Horford,ATL,Atlanta,1610612737.0,Hawks,0,,,,,,0,,,,,,,,MISS Horford 16' Jump Shot,9:08 PM
342,0,4,360,0020701181,Jeffries REBOUND (Off:6 Def:2),,9:15,4,4,0,0,2407,Jared Jeffries,NYK,New York,1610612752.0,Knicks,0,,,,,,0,,,,,,,,,9:08 PM
343,1,5,361,0020701181,Crawford Bad Pass Turnover (P1.T13),,9:09,4,4,5,0,2037,Jamal Crawford,NYK,New York,1610612752.0,Knicks,2735,Josh Childress,ATL,Atlanta,1610612737.0,Hawks,0,,,,,,,,Childress STEAL (1 STL),9:08 PM
344,5,1,362,0020701181,,,9:02,4,5,0,0,1710,Mike Bibby,ATL,Atlanta,1610612737.0,Hawks,0,,,,,,0,,,,,,93 - 76,-17,Bibby  Layup (18 PTS),9:08 PM
345,1,1,363,0020701181,Crawford  3PT Jump Shot (17 PTS),,8:49,4,4,0,0,2037,Jamal Crawford,NYK,New York,1610612752.0,Knicks,0,,,,,,0,,,,,,93 - 79,-14,,9:08 PM
346,2,6,364,0020701181,,,8:49,4,5,4,1,201143,Al Horford,ATL,Atlanta,1610612737.0,Hawks,2037,Jamal Crawford,NYK,New York,1610612752.0,Knicks,0,,,,,,,,Horford S.FOUL (P4.T2),9:08 PM
347,4,9,365,0020701181,,,8:49,4,1,0,0,0,,,,,,0,,,,,,0,,,,,,,,,9:08 PM
348,0,8,367,0020701181,,,8:49,4,5,5,0,201143,Al Horford,ATL,Atlanta,1610612737.0,Hawks,2746,Josh Smith,ATL,Atlanta,1610612737.0,Hawks,0,,,,,,,,SUB: Smith FOR Horford,9:11 PM
349,10,3,368,0020701181,Crawford Free Throw 1 of 1 (18 PTS),,8:49,4,4,0,0,2037,Jamal Crawford,NYK,New York,1610612752.0,Knicks,0,,,,,,0,,,,,,93 - 80,-13,,9:11 PM
350,1,2,369,0020701181,,,8:35,4,5,0,0,2207,Joe Johnson,ATL,Atlanta,1610612737.0,Hawks,0,,,,,,0,,,,,,,,MISS Johnson  3PT Jump Shot,9:11 PM
351,0,4,370,0020701181,Robinson REBOUND (Off:0 Def:1),,8:33,4,4,0,0,101126,Nate Robinson,NYK,New York,1610612752.0,Knicks,0,,,,,,0,,,,,,,,,9:11 PM
352,8,1,371,0020701181,Chandler  Slam Dunk (14 PTS) (Crawford 4 AST),,8:30,4,4,4,0,201163,Wilson Chandler,NYK,New York,1610612752.0,Knicks,2037,Jamal Crawford,NYK,New York,1610612752.0,Knicks,0,,,,,,93 - 82,-11,,9:11 PM
353,4,6,372,0020701181,,,8:10,4,5,4,1,101107,Marvin Williams,ATL,Atlanta,1610612737.0,Hawks,2407,Jared Jeffries,NYK,New York,1610612752.0,Knicks,0,,,,,,,,Williams OFF.Foul (P4),9:12 PM
354,5,5,373,0020701181,,,8:10,4,5,0,1,101107,Marvin Williams,ATL,Atlanta,1610612737.0,Hawks,0,,,,,,0,,,,,,,,Williams Foul Turnover (P2.T10),9:12 PM
355,73,1,374,0020701181,Robinson  Driving Reverse Layup (6 PTS),,8:00,4,4,0,0,101126,Nate Robinson,NYK,New York,1610612752.0,Knicks,0,,,,,,0,,,,,,93 - 84,-9,,9:12 PM
356,5,2,375,0020701181,Chandler BLOCK (1 BLK),,7:43,4,5,0,4,1710,Mike Bibby,ATL,Atlanta,1610612737.0,Hawks,0,,,,,,201163,Wilson Chandler,NYK,New York,1610612752.0,Knicks,,,MISS Bibby  Layup,9:12 PM
357,0,4,376,0020701181,Chandler REBOUND (Off:3 Def:4),,7:43,4,4,0,0,201163,Wilson Chandler,NYK,New York,1610612752.0,Knicks,0,,,,,,0,,,,,,,,,9:12 PM
358,44,1,377,0020701181,Chandler  Reverse Layup (16 PTS) (Crawford 5 AST),,7:34,4,4,4,0,201163,Wilson Chandler,NYK,New York,1610612752.0,Knicks,2037,Jamal Crawford,NYK,New York,1610612752.0,Knicks,0,,,,,,93 - 86,-7,,9:12 PM
359,1,9,378,0020701181,,,7:33,4,3,0,0,1610612737,,,,,,0,,,,,,0,,,,,,,,Hawks Timeout: Regular (Reg.4 Short 0),9:13 PM
360,2,6,382,0020701181,Jeffries S.FOUL (P3.T2),,7:20,4,4,5,1,2407,Jared Jeffries,NYK,New York,1610612752.0,Knicks,101107,Marvin Williams,ATL,Atlanta,1610612737.0,Hawks,0,,,,,,,,,9:15 PM
361,11,3,383,0020701181,,,7:20,4,5,0,0,101107,Marvin Williams,ATL,Atlanta,1610612737.0,Hawks,0,,,,,,0,,,,,,94 - 86,-8,Williams Free Throw 1 of 2 (7 PTS),9:15 PM
362,12,3,384,0020701181,,,7:20,4,5,0,0,101107,Marvin Williams,ATL,Atlanta,1610612737.0,Hawks,0,,,,,,0,,,,,,,,MISS Williams Free Throw 2 of 2,9:16 PM
363,0,4,385,0020701181,Chandler REBOUND (Off:3 Def:5),,7:19,4,4,0,0,201163,Wilson Chandler,NYK,New York,1610612752.0,Knicks,0,,,,,,0,,,,,,,,,9:16 PM
364,1,1,386,0020701181,Robinson 19' Jump Shot (8 PTS),,7:09,4,4,0,0,101126,Nate Robinson,NYK,New York,1610612752.0,Knicks,0,,,,,,0,,,,,,94 - 88,-6,,9:16 PM
365,1,1,387,0020701181,,,6:55,4,5,5,0,2746,Josh Smith,ATL,Atlanta,1610612737.0,Hawks,101107,Marvin Williams,ATL,Atlanta,1610612737.0,Hawks,0,,,,,,96 - 88,-8,Smith 15' Jump Shot (15 PTS) (Williams 2 AST),9:16 PM
366,1,1,388,0020701181,Richardson 25' 3PT Jump Shot (11 PTS) (Robinson 2 AST),,6:43,4,4,4,0,2047,Quentin Richardson,NYK,New York,1610612752.0,Knicks,101126,Nate Robinson,NYK,New York,1610612752.0,Knicks,0,,,,,,96 - 91,-5,,9:17 PM
367,5,1,389,0020701181,,,6:19,4,5,5,0,2735,Josh Childress,ATL,Atlanta,1610612737.0,Hawks,1710,Mike Bibby,ATL,Atlanta,1610612737.0,Hawks,0,,,,,,98 - 91,-7,Childress  Layup (6 PTS) (Bibby 3 AST),9:17 PM
368,1,2,390,0020701181,MISS Robinson 25' 3PT Jump Shot,,6:10,4,4,0,0,101126,Nate Robinson,NYK,New York,1610612752.0,Knicks,0,,,,,,0,,,,,,,,,9:17 PM
369,0,4,391,0020701181,,,6:08,4,5,0,0,2735,Josh Childress,ATL,Atlanta,1610612737.0,Hawks,0,,,,,,0,,,,,,,,Childress REBOUND (Off:1 Def:2),9:17 PM
370,1,2,392,0020701181,,,5:51,4,5,0,0,1710,Mike Bibby,ATL,Atlanta,1610612737.0,Hawks,0,,,,,,0,,,,,,,,MISS Bibby  3PT Jump Shot,9:17 PM
371,0,4,393,0020701181,Richardson REBOUND (Off:2 Def:6),,5:49,4,4,0,0,2047,Quentin Richardson,NYK,New York,1610612752.0,Knicks,0,,,,,,0,,,,,,,,,9:17 PM
372,1,5,394,0020701181,Jeffries Bad Pass Turnover (P2.T14),,5:32,4,4,5,0,2407,Jared Jeffries,NYK,New York,1610612752.0,Knicks,1710,Mike Bibby,ATL,Atlanta,1610612737.0,Hawks,0,,,,,,,,Bibby STEAL (2 STL),9:18 PM
373,2,6,395,0020701181,Jeffries S.FOUL (P4.T3),,5:28,4,4,5,1,2407,Jared Jeffries,NYK,New York,1610612752.0,Knicks,2746,Josh Smith,ATL,Atlanta,1610612737.0,Hawks,0,,,,,,,,,9:18 PM
374,11,3,396,0020701181,,,5:28,4,5,0,0,2746,Josh Smith,ATL,Atlanta,1610612737.0,Hawks,0,,,,,,0,,,,,,99 - 91,-8,Smith Free Throw 1 of 2 (16 PTS),9:18 PM
375,12,3,397,0020701181,,,5:28,4,5,0,0,2746,Josh Smith,ATL,Atlanta,1610612737.0,Hawks,0,,,,,,0,,,,,,100 - 91,-9,Smith Free Throw 2 of 2 (17 PTS),9:19 PM
376,1,2,398,0020701181,MISS Richardson 5' Jump Shot,,5:15,4,4,0,0,2047,Quentin Richardson,NYK,New York,1610612752.0,Knicks,0,,,,,,0,,,,,,,,,9:19 PM
377,0,4,399,0020701181,,,5:14,4,5,0,0,2746,Josh Smith,ATL,Atlanta,1610612737.0,Hawks,0,,,,,,0,,,,,,,,Smith REBOUND (Off:1 Def:5),9:19 PM
378,1,6,400,0020701181,Crawford P.FOUL (P1.T4),,5:08,4,4,5,1,2037,Jamal Crawford,NYK,New York,1610612752.0,Knicks,2207,Joe Johnson,ATL,Atlanta,1610612737.0,Hawks,0,,,,,,,,,9:19 PM
379,63,1,401,0020701181,,,5:01,4,5,0,0,2207,Joe Johnson,ATL,Atlanta,1610612737.0,Hawks,0,,,,,,0,,,,,,102 - 91,-11,Johnson 16' Fadeaway Jumper (33 PTS),9:20 PM
380,39,5,402,0020701181,Crawford Step Out of Bounds Turnover (P2.T15),,4:42,4,4,0,1,2037,Jamal Crawford,NYK,New York,1610612752.0,Knicks,0,,,,,,0,,,,,,,,,9:20 PM
381,2,6,403,0020701181,Jeffries S.FOUL (P5.PN),,4:22,4,4,5,1,2407,Jared Jeffries,NYK,New York,1610612752.0,Knicks,2746,Josh Smith,ATL,Atlanta,1610612737.0,Hawks,0,,,,,,,,,9:21 PM
382,11,3,404,0020701181,,,4:22,4,5,0,0,2746,Josh Smith,ATL,Atlanta,1610612737.0,Hawks,0,,,,,,0,,,,,,,,MISS Smith Free Throw 1 of 2,9:21 PM
383,1,4,405,0020701181,,,4:22,4,3,0,0,1610612737,,,,,,0,,,,,,0,,,,,,,,Hawks Rebound,9:21 PM
384,12,3,406,0020701181,,,4:22,4,5,0,0,2746,Josh Smith,ATL,Atlanta,1610612737.0,Hawks,0,,,,,,0,,,,,,103 - 91,-12,Smith Free Throw 2 of 2 (18 PTS),9:21 PM
385,4,5,407,0020701181,Chandler Traveling Turnover (P2.T16),,4:09,4,4,0,1,201163,Wilson Chandler,NYK,New York,1610612752.0,Knicks,0,,,,,,0,,,,,,,,,9:22 PM
386,1,2,408,0020701181,,,3:46,4,5,0,0,2207,Joe Johnson,ATL,Atlanta,1610612737.0,Hawks,0,,,,,,0,,,,,,,,MISS Johnson 23' Jump Shot,9:22 PM
387,0,4,409,0020701181,KNICKS Rebound,,3:44,4,2,0,0,1610612752,,,,,,0,,,,,,0,,,,,,,,,9:22 PM
388,42,1,410,0020701181,Robinson  Driving Layup (10 PTS),,3:35,4,4,0,0,101126,Nate Robinson,NYK,New York,1610612752.0,Knicks,0,,,,,,0,,,,,,103 - 93,-10,,9:23 PM
389,2,5,411,0020701181,Robinson STEAL (1 STL),,3:14,4,5,4,0,1710,Mike Bibby,ATL,Atlanta,1610612737.0,Hawks,101126,Nate Robinson,NYK,New York,1610612752.0,Knicks,0,,,,,,,,Bibby Lost Ball Turnover (P5.T11),9:23 PM
390,5,2,412,0020701181,MISS Chandler  Layup,,3:08,4,4,0,0,201163,Wilson Chandler,NYK,New York,1610612752.0,Knicks,0,,,,,,0,,,,,,,,,9:23 PM
391,0,4,414,0020701181,Richardson REBOUND (Off:3 Def:6),,3:06,4,4,0,0,2047,Quentin Richardson,NYK,New York,1610612752.0,Knicks,0,,,,,,0,,,,,,,,,9:23 PM
392,4,1,413,0020701181,Richardson  Tip Shot (13 PTS),,3:06,4,4,0,0,2047,Quentin Richardson,NYK,New York,1610612752.0,Knicks,0,,,,,,0,,,,,,103 - 95,-8,,9:23 PM
393,1,6,415,0020701181,Chandler P.FOUL (P2.PN),,2:52,4,4,5,1,201163,Wilson Chandler,NYK,New York,1610612752.0,Knicks,2746,Josh Smith,ATL,Atlanta,1610612737.0,Hawks,0,,,,,,,,,9:24 PM
394,1,9,416,0020701181,KNICKS Timeout: Regular (Full 5 Short 1),,2:52,4,2,0,0,1610612752,,,,,,0,,,,,,0,,,,,,,,,9:24 PM
395,11,3,420,0020701181,,,2:52,4,5,0,0,2746,Josh Smith,ATL,Atlanta,1610612737.0,Hawks,0,,,,,,0,,,,,,104 - 95,-9,Smith Free Throw 1 of 2 (19 PTS),9:26 PM
396,12,3,421,0020701181,,,2:52,4,5,0,0,2746,Josh Smith,ATL,Atlanta,1610612737.0,Hawks,0,,,,,,0,,,,,,105 - 95,-10,Smith Free Throw 2 of 2 (20 PTS),9:27 PM
397,2,6,422,0020701181,,,2:46,4,5,4,1,2735,Josh Childress,ATL,Atlanta,1610612737.0,Hawks,101126,Nate Robinson,NYK,New York,1610612752.0,Knicks,0,,,,,,,,Childress S.FOUL (P3.T3),9:27 PM
398,11,3,423,0020701181,Robinson Free Throw 1 of 2 (11 PTS),,2:46,4,4,0,0,101126,Nate Robinson,NYK,New York,1610612752.0,Knicks,0,,,,,,0,,,,,,105 - 96,-9,,9:27 PM
399,12,3,424,0020701181,MISS Robinson Free Throw 2 of 2,,2:46,4,4,0,0,101126,Nate Robinson,NYK,New York,1610612752.0,Knicks,0,,,,,,0,,,,,,,,,9:27 PM
400,0,4,425,0020701181,,,2:45,4,5,0,0,2735,Josh Childress,ATL,Atlanta,1610612737.0,Hawks,0,,,,,,0,,,,,,,,Childress REBOUND (Off:1 Def:3),9:28 PM
401,1,2,426,0020701181,,,2:23,4,5,0,0,2207,Joe Johnson,ATL,Atlanta,1610612737.0,Hawks,0,,,,,,0,,,,,,,,MISS Johnson 18' Jump Shot,9:28 PM
402,0,4,427,0020701181,Crawford REBOUND (Off:0 Def:3),,2:22,4,4,0,0,2037,Jamal Crawford,NYK,New York,1610612752.0,Knicks,0,,,,,,0,,,,,,,,,9:28 PM
403,42,2,428,0020701181,MISS Robinson  Driving Layup,,2:15,4,4,0,0,101126,Nate Robinson,NYK,New York,1610612752.0,Knicks,0,,,,,,0,,,,,,,,,9:28 PM
404,0,4,429,0020701181,,,2:13,4,5,0,0,1710,Mike Bibby,ATL,Atlanta,1610612737.0,Hawks,0,,,,,,0,,,,,,,,Bibby REBOUND (Off:0 Def:6),9:28 PM
405,42,1,430,0020701181,,,2:00,4,5,5,0,2746,Josh Smith,ATL,Atlanta,1610612737.0,Hawks,1710,Mike Bibby,ATL,Atlanta,1610612737.0,Hawks,0,,,,,,107 - 96,-11,Smith  Driving Layup (22 PTS) (Bibby 4 AST),9:28 PM
406,2,5,431,0020701181,Robinson Lost Ball Turnover (P3.T17),,1:54,4,4,5,0,101126,Nate Robinson,NYK,New York,1610612752.0,Knicks,2207,Joe Johnson,ATL,Atlanta,1610612737.0,Hawks,0,,,,,,,,Johnson STEAL (2 STL),9:29 PM
407,1,6,432,0020701181,Robinson P.FOUL (P3.PN),,1:53,4,4,5,1,101126,Nate Robinson,NYK,New York,1610612752.0,Knicks,2207,Joe Johnson,ATL,Atlanta,1610612737.0,Hawks,0,,,,,,,,,9:29 PM
408,11,3,433,0020701181,,,1:53,4,5,0,0,2207,Joe Johnson,ATL,Atlanta,1610612737.0,Hawks,0,,,,,,0,,,,,,,,MISS Johnson Free Throw 1 of 2,9:29 PM
409,1,4,434,0020701181,,,1:53,4,3,0,0,1610612737,,,,,,0,,,,,,0,,,,,,,,Hawks Rebound,9:29 PM
410,12,3,435,0020701181,,,1:53,4,5,0,0,2207,Joe Johnson,ATL,Atlanta,1610612737.0,Hawks,0,,,,,,0,,,,,,108 - 96,-12,Johnson Free Throw 2 of 2 (34 PTS),9:29 PM
411,47,1,436,0020701181,Chandler 10' Turnaround Jump Shot (18 PTS) (Robinson 3 AST),,1:37,4,4,4,0,201163,Wilson Chandler,NYK,New York,1610612752.0,Knicks,101126,Nate Robinson,NYK,New York,1610612752.0,Knicks,0,,,,,,108 - 98,-10,,9:30 PM
412,2,6,437,0020701181,Chandler S.FOUL (P3.PN),,1:19,4,4,5,1,201163,Wilson Chandler,NYK,New York,1610612752.0,Knicks,2746,Josh Smith,ATL,Atlanta,1610612737.0,Hawks,0,,,,,,,,,9:30 PM
413,11,3,438,0020701181,,,1:19,4,5,0,0,2746,Josh Smith,ATL,Atlanta,1610612737.0,Hawks,0,,,,,,0,,,,,,109 - 98,-11,Smith Free Throw 1 of 2 (23 PTS),9:30 PM
414,12,3,439,0020701181,,,1:19,4,5,0,0,2746,Josh Smith,ATL,Atlanta,1610612737.0,Hawks,0,,,,,,0,,,,,,110 - 98,-12,Smith Free Throw 2 of 2 (24 PTS),9:31 PM
415,5,2,440,0020701181,MISS Crawford  Layup,,1:11,4,4,0,0,2037,Jamal Crawford,NYK,New York,1610612752.0,Knicks,0,,,,,,0,,,,,,,,,9:31 PM
416,0,4,442,0020701181,Jeffries REBOUND (Off:7 Def:2),,1:10,4,4,0,0,2407,Jared Jeffries,NYK,New York,1610612752.0,Knicks,0,,,,,,0,,,,,,,,,9:31 PM
417,92,1,441,0020701181,Jeffries  Putback Slam Dunk (7 PTS),,1:10,4,4,0,0,2407,Jared Jeffries,NYK,New York,1610612752.0,Knicks,0,,,,,,0,,,,,,110 - 100,-10,,9:31 PM
418,5,1,443,0020701181,,,0:49,4,5,0,0,1710,Mike Bibby,ATL,Atlanta,1610612737.0,Hawks,0,,,,,,0,,,,,,112 - 100,-12,Bibby  Layup (20 PTS),9:31 PM
419,2,6,444,0020701181,Robinson S.FOUL (P4.PN),,0:49,4,4,5,1,101126,Nate Robinson,NYK,New York,1610612752.0,Knicks,1710,Mike Bibby,ATL,Atlanta,1610612737.0,Hawks,0,,,,,,,,,9:31 PM
420,10,3,445,0020701181,,,0:49,4,5,0,0,1710,Mike Bibby,ATL,Atlanta,1610612737.0,Hawks,0,,,,,,0,,,,,,113 - 100,-13,Bibby Free Throw 1 of 1 (21 PTS),9:32 PM
421,42,1,446,0020701181,Crawford  Driving Layup (20 PTS),,0:42,4,4,0,0,2037,Jamal Crawford,NYK,New York,1610612752.0,Knicks,0,,,,,,0,,,,,,113 - 102,-11,,9:32 PM
422,1,1,447,0020701181,,,0:17,4,5,0,0,1710,Mike Bibby,ATL,Atlanta,1610612737.0,Hawks,0,,,,,,0,,,,,,116 - 102,-14,Bibby 25' 3PT Jump Shot (24 PTS),9:32 PM
423,1,2,448,0020701181,MISS Crawford 25' 3PT Jump Shot,,0:10,4,4,0,0,2037,Jamal Crawford,NYK,New York,1610612752.0,Knicks,0,,,,,,0,,,,,,,,,9:33 PM
424,0,4,450,0020701181,Robinson REBOUND (Off:1 Def:1),,0:10,4,4,0,0,101126,Nate Robinson,NYK,New York,1610612752.0,Knicks,0,,,,,,0,,,,,,,,,9:33 PM
425,4,1,449,0020701181,Robinson  Tip Shot (13 PTS),,0:10,4,4,0,0,101126,Nate Robinson,NYK,New York,1610612752.0,Knicks,0,,,,,,0,,,,,,116 - 104,-12,,9:33 PM
426,0,13,451,0020701181,,,0:00,4,0,0,0,0,,,,,,0,,,,,,0,,,,,,116 - 104,-12,,9:33 PM
