,EVENTMSGACTIONTYPE,EVENTMSGTYPE,EVENTNUM,GAME_ID,HOMEDESCRIPTION,NEUTRALDESCRIPTION,PCTIMESTRING,PERIOD,PERSON1TYPE,PERSON2TYPE,PERSON3TYPE,PLAYER1_ID,PLAYER1_NAME,PLAYER1_TEAM_ABBREVIATION,PLAYER1_TEAM_CITY,PLAYER1_TEAM_ID,PLAYER1_TEAM_NICKNAME,PLAYER2_ID,PLAYER2_NAME,PLAYER2_TEAM_ABBREVIATION,PLAYER2_TEAM_CITY,PLAYER2_TEAM_ID,PLAYER2_TEAM_NICKNAME,PLAYER3_ID,PLAYER3_NAME,PLAYER3_TEAM_ABBREVIATION,PLAYER3_TEAM_CITY,PLAYER3_TEAM_ID,PLAYER3_TEAM_NICKNAME,SCORE,SCOREMARGIN,VISITORDESCRIPTION,WCTIMESTRING
0,0,12,0,0020700513,,,12:00,1,0,0,0,0,,,,,,0,,,,,,0,,,,,,,,,7:29 PM
1,0,10,1,0020700513,Jump Ball Curry vs. Yao: Tip to Marbury,,12:00,1,4,5,4,2201,Eddy Curry,NYK,New York,1610612752.0,Knicks,2397,Yao Ming,HOU,Houston,1610612745.0,Rockets,950,Stephon Marbury,NYK,New York,1610612752.0,Knicks,,,,7:29 PM
2,1,2,2,0020700513,MISS Randolph 7' Jump Shot,,11:38,1,4,0,0,2216,Zach Randolph,NYK,New York,1610612752.0,Knicks,0,,,,,,0,,,,,,,,,7:29 PM
3,0,4,3,0020700513,Curry REBOUND (Off:1 Def:0),,11:37,1,4,0,0,2201,Eddy Curry,NYK,New York,1610612752.0,Knicks,0,,,,,,0,,,,,,,,,7:29 PM
4,5,2,4,0020700513,MISS Curry  Layup,,11:35,1,4,0,0,2201,Eddy Curry,NYK,New York,1610612752.0,Knicks,0,,,,,,0,,,,,,,,,7:29 PM
5,0,4,5,0020700513,,,11:35,1,5,0,0,101236,Charles Hayes,HOU,Houston,1610612745.0,Rockets,0,,,,,,0,,,,,,,,Hayes REBOUND (Off:0 Def:1),7:29 PM
6,1,1,6,0020700513,,,11:20,1,5,0,0,2397,Yao Ming,HOU,Houston,1610612745.0,Rockets,0,,,,,,0,,,,,,2 - 0,-2,Yao 9' Jump Shot (2 PTS),7:30 PM
7,5,2,7,0020700513,MISS Richardson  Layup,,11:04,1,4,0,0,2047,Quentin Richardson,NYK,New York,1610612752.0,Knicks,0,,,,,,0,,,,,,,,,7:30 PM
8,0,4,8,0020700513,,,11:03,1,5,0,0,101236,Charles Hayes,HOU,Houston,1610612745.0,Rockets,0,,,,,,0,,,,,,,,Hayes REBOUND (Off:0 Def:2),7:30 PM
9,5,1,9,0020700513,,,10:51,1,5,0,0,2397,Yao Ming,HOU,Houston,1610612745.0,Rockets,0,,,,,,0,,,,,,4 - 0,-4,Yao  Layup (4 PTS),7:30 PM
10,1,2,10,0020700513,MISS Randolph 20' Jump Shot,,10:39,1,4,0,0,2216,Zach Randolph,NYK,New York,1610612752.0,Knicks,0,,,,,,0,,,,,,,,,7:30 PM
11,0,4,11,0020700513,,,10:37,1,5,0,0,2397,Yao Ming,HOU,Houston,1610612745.0,Rockets,0,,,,,,0,,,,,,,,Yao REBOUND (Off:0 Def:1),7:30 PM
12,2,6,12,0020700513,Curry S.FOUL (P1.T1),,10:24,1,4,5,1,2201,Eddy Curry,NYK,New York,1610612752.0,Knicks,2397,Yao Ming,HOU,Houston,1610612745.0,Rockets,0,,,,,,,,,7:31 PM
13,11,3,13,0020700513,,,10:24,1,5,0,0,2397,Yao Ming,HOU,Houston,1610612745.0,Rockets,0,,,,,,0,,,,,,5 - 0,-5,Yao Free Throw 1 of 2 (5 PTS),7:31 PM
14,12,3,14,0020700513,,,10:24,1,5,0,0,2397,Yao Ming,HOU,Houston,1610612745.0,Rockets,0,,,,,,0,,,,,,6 - 0,-6,Yao Free Throw 2 of 2 (6 PTS),7:31 PM
15,5,2,15,0020700513,MISS Curry  Layup,,10:14,1,4,0,5,2201,Eddy Curry,NYK,New York,1610612752.0,Knicks,0,,,,,,2203,Shane Battier,HOU,Houston,1610612745.0,Rockets,,,Battier BLOCK (1 BLK),7:31 PM
16,0,4,16,0020700513,Marbury REBOUND (Off:1 Def:0),,10:12,1,4,0,0,950,Stephon Marbury,NYK,New York,1610612752.0,Knicks,0,,,,,,0,,,,,,,,,7:31 PM
17,1,2,17,0020700513,MISS Crawford  3PT Jump Shot,,10:10,1,4,0,0,2037,Jamal Crawford,NYK,New York,1610612752.0,Knicks,0,,,,,,0,,,,,,,,,7:32 PM
18,0,4,18,0020700513,,,10:09,1,5,0,0,1747,Rafer Alston,HOU,Houston,1610612745.0,Rockets,0,,,,,,0,,,,,,,,Alston REBOUND (Off:0 Def:1),7:32 PM
19,1,2,19,0020700513,,,10:05,1,5,0,0,1747,Rafer Alston,HOU,Houston,1610612745.0,Rockets,0,,,,,,0,,,,,,,,MISS Alston 19' Jump Shot,7:32 PM
20,0,4,20,0020700513,Crawford REBOUND (Off:0 Def:1),,10:04,1,4,0,0,2037,Jamal Crawford,NYK,New York,1610612752.0,Knicks,0,,,,,,0,,,,,,,,,7:32 PM
21,5,2,21,0020700513,MISS Curry  Layup,,9:56,1,4,0,0,2201,Eddy Curry,NYK,New York,1610612752.0,Knicks,0,,,,,,0,,,,,,,,,7:32 PM
22,0,4,22,0020700513,,,9:56,1,5,0,0,101236,Charles Hayes,HOU,Houston,1610612745.0,Rockets,0,,,,,,0,,,,,,,,Hayes REBOUND (Off:0 Def:3),7:32 PM
23,5,1,23,0020700513,,,9:38,1,5,5,0,2203,Shane Battier,HOU,Houston,1610612745.0,Rockets,2397,Yao Ming,HOU,Houston,1610612745.0,Rockets,0,,,,,,8 - 0,-8,Battier  Layup (2 PTS) (Yao 1 AST),7:32 PM
24,1,2,24,0020700513,MISS Crawford 8' Jump Shot,,9:20,1,4,0,0,2037,Jamal Crawford,NYK,New York,1610612752.0,Knicks,0,,,,,,0,,,,,,,,,7:32 PM
25,0,4,25,0020700513,,,9:19,1,5,0,0,101129,Luther Head,HOU,Houston,1610612745.0,Rockets,0,,,,,,0,,,,,,,,Head REBOUND (Off:0 Def:1),7:32 PM
26,5,1,26,0020700513,,,9:14,1,5,5,0,1747,Rafer Alston,HOU,Houston,1610612745.0,Rockets,101129,Luther Head,HOU,Houston,1610612745.0,Rockets,0,,,,,,10 - 0,-10,Alston  Layup (2 PTS) (Head 1 AST),7:32 PM
27,1,9,27,0020700513,KNICKS Timeout: Regular (Full 1 Short 0),,9:06,1,2,0,0,1610612752,,,,,,0,,,,,,0,,,,,,,,,7:33 PM
28,1,2,33,0020700513,MISS Crawford 18' Jump Shot,,8:52,1,4,0,0,2037,Jamal Crawford,NYK,New York,1610612752.0,Knicks,0,,,,,,0,,,,,,,,,7:36 PM
29,0,4,34,0020700513,Randolph REBOUND (Off:1 Def:0),,8:50,1,4,0,0,2216,Zach Randolph,NYK,New York,1610612752.0,Knicks,0,,,,,,0,,,,,,,,,7:36 PM
30,2,6,35,0020700513,,,8:30,1,5,4,1,101236,Charles Hayes,HOU,Houston,1610612745.0,Rockets,2047,Quentin Richardson,NYK,New York,1610612752.0,Knicks,0,,,,,,,,Hayes S.FOUL (P1.T1),7:36 PM
31,11,3,36,0020700513,Richardson Free Throw 1 of 2 (1 PTS),,8:30,1,4,0,0,2047,Quentin Richardson,NYK,New York,1610612752.0,Knicks,0,,,,,,0,,,,,,10 - 1,-9,,7:36 PM
32,12,3,37,0020700513,Richardson Free Throw 2 of 2 (2 PTS),,8:30,1,4,0,0,2047,Quentin Richardson,NYK,New York,1610612752.0,Knicks,0,,,,,,0,,,,,,10 - 2,-8,,7:37 PM
33,1,2,38,0020700513,,,8:15,1,5,0,0,1747,Rafer Alston,HOU,Houston,1610612745.0,Rockets,0,,,,,,0,,,,,,,,MISS Alston 25' 3PT Jump Shot,7:37 PM
34,0,4,39,0020700513,KNICKS Rebound,,8:15,1,2,0,0,1610612752,,,,,,0,,,,,,0,,,,,,,,,7:37 PM
35,1,2,40,0020700513,MISS Marbury 25' 3PT Jump Shot,,8:02,1,4,0,0,950,Stephon Marbury,NYK,New York,1610612752.0,Knicks,0,,,,,,0,,,,,,,,,7:37 PM
36,0,4,41,0020700513,,,8:00,1,5,0,0,101236,Charles Hayes,HOU,Houston,1610612745.0,Rockets,0,,,,,,0,,,,,,,,Hayes REBOUND (Off:0 Def:4),7:37 PM
37,1,2,42,0020700513,,,7:53,1,5,0,0,2203,Shane Battier,HOU,Houston,1610612745.0,Rockets,0,,,,,,0,,,,,,,,MISS Battier 18' Jump Shot,7:38 PM
38,0,4,43,0020700513,Randolph REBOUND (Off:1 Def:1),,7:51,1,4,0,0,2216,Zach Randolph,NYK,New York,1610612752.0,Knicks,0,,,,,,0,,,,,,,,,7:38 PM
39,1,2,44,0020700513,MISS Richardson 25' 3PT Jump Shot,,7:36,1,4,0,0,2047,Quentin Richardson,NYK,New York,1610612752.0,Knicks,0,,,,,,0,,,,,,,,,7:38 PM
40,0,4,45,0020700513,,,7:34,1,5,0,0,101129,Luther Head,HOU,Houston,1610612745.0,Rockets,0,,,,,,0,,,,,,,,Head REBOUND (Off:0 Def:2),7:38 PM
41,1,2,46,0020700513,,,7:26,1,5,0,0,101129,Luther Head,HOU,Houston,1610612745.0,Rockets,0,,,,,,0,,,,,,,,MISS Head 26' 3PT Jump Shot,7:38 PM
42,0,4,47,0020700513,Richardson REBOUND (Off:0 Def:1),,7:25,1,4,0,0,2047,Quentin Richardson,NYK,New York,1610612752.0,Knicks,0,,,,,,0,,,,,,,,,7:38 PM
43,2,6,48,0020700513,,,7:17,1,5,4,1,2397,Yao Ming,HOU,Houston,1610612745.0,Rockets,2201,Eddy Curry,NYK,New York,1610612752.0,Knicks,0,,,,,,,,Yao S.FOUL (P1.T2),7:38 PM
44,11,3,49,0020700513,Curry Free Throw 1 of 2 (1 PTS),,7:17,1,4,0,0,2201,Eddy Curry,NYK,New York,1610612752.0,Knicks,0,,,,,,0,,,,,,10 - 3,-7,,7:38 PM
45,12,3,50,0020700513,Curry Free Throw 2 of 2 (2 PTS),,7:17,1,4,0,0,2201,Eddy Curry,NYK,New York,1610612752.0,Knicks,0,,,,,,0,,,,,,10 - 4,-6,,7:39 PM
46,1,2,51,0020700513,,,6:55,1,5,0,0,2397,Yao Ming,HOU,Houston,1610612745.0,Rockets,0,,,,,,0,,,,,,,,MISS Yao 7' Jump Shot,7:39 PM
47,0,4,52,0020700513,,,6:53,1,5,0,0,101236,Charles Hayes,HOU,Houston,1610612745.0,Rockets,0,,,,,,0,,,,,,,,Hayes REBOUND (Off:1 Def:4),7:39 PM
48,5,2,53,0020700513,,,6:43,1,5,0,0,2397,Yao Ming,HOU,Houston,1610612745.0,Rockets,0,,,,,,0,,,,,,,,MISS Yao  Layup,7:39 PM
49,0,4,54,0020700513,Randolph REBOUND (Off:1 Def:2),,6:41,1,4,0,0,2216,Zach Randolph,NYK,New York,1610612752.0,Knicks,0,,,,,,0,,,,,,,,,7:40 PM
50,1,2,55,0020700513,MISS Randolph 22' Jump Shot,,6:32,1,4,0,0,2216,Zach Randolph,NYK,New York,1610612752.0,Knicks,0,,,,,,0,,,,,,,,,7:40 PM
51,0,4,56,0020700513,,,6:30,1,5,0,0,101236,Charles Hayes,HOU,Houston,1610612745.0,Rockets,0,,,,,,0,,,,,,,,Hayes REBOUND (Off:1 Def:5),7:40 PM
52,1,1,57,0020700513,,,6:17,1,5,5,0,1747,Rafer Alston,HOU,Houston,1610612745.0,Rockets,2397,Yao Ming,HOU,Houston,1610612745.0,Rockets,0,,,,,,13 - 4,-9,Alston 25' 3PT Jump Shot (5 PTS) (Yao 2 AST),7:40 PM
53,5,1,58,0020700513,Randolph  Layup (2 PTS) (Crawford 1 AST),,5:56,1,4,4,0,2216,Zach Randolph,NYK,New York,1610612752.0,Knicks,2037,Jamal Crawford,NYK,New York,1610612752.0,Knicks,0,,,,,,13 - 6,-7,,7:40 PM
54,7,1,59,0020700513,,,5:38,1,5,5,0,2397,Yao Ming,HOU,Houston,1610612745.0,Rockets,101129,Luther Head,HOU,Houston,1610612745.0,Rockets,0,,,,,,15 - 6,-9,Yao  Dunk (8 PTS) (Head 2 AST),7:41 PM
55,5,1,60,0020700513,Randolph  Layup (4 PTS) (Marbury 1 AST),,5:22,1,4,4,0,2216,Zach Randolph,NYK,New York,1610612752.0,Knicks,950,Stephon Marbury,NYK,New York,1610612752.0,Knicks,0,,,,,,15 - 8,-7,,7:41 PM
56,44,1,61,0020700513,,,4:58,1,5,5,0,101236,Charles Hayes,HOU,Houston,1610612745.0,Rockets,2203,Shane Battier,HOU,Houston,1610612745.0,Rockets,0,,,,,,17 - 8,-9,Hayes  Reverse Layup (2 PTS) (Battier 1 AST),7:41 PM
57,1,1,62,0020700513,Marbury 24' 3PT Jump Shot (3 PTS) (Crawford 2 AST),,4:37,1,4,4,0,950,Stephon Marbury,NYK,New York,1610612752.0,Knicks,2037,Jamal Crawford,NYK,New York,1610612752.0,Knicks,0,,,,,,17 - 11,-6,,7:42 PM
58,5,1,63,0020700513,,,4:23,1,5,5,0,2397,Yao Ming,HOU,Houston,1610612745.0,Rockets,1747,Rafer Alston,HOU,Houston,1610612745.0,Rockets,0,,,,,,19 - 11,-8,Yao  Layup (10 PTS) (Alston 1 AST),7:42 PM
59,1,2,64,0020700513,MISS Marbury 20' Jump Shot,,4:12,1,4,0,0,950,Stephon Marbury,NYK,New York,1610612752.0,Knicks,0,,,,,,0,,,,,,,,,7:42 PM
60,0,4,65,0020700513,,,4:11,1,5,0,0,2397,Yao Ming,HOU,Houston,1610612745.0,Rockets,0,,,,,,0,,,,,,,,Yao REBOUND (Off:0 Def:2),7:42 PM
61,78,1,66,0020700513,,,3:48,1,5,0,0,1747,Rafer Alston,HOU,Houston,1610612745.0,Rockets,0,,,,,,0,,,,,,21 - 11,-10,Alston 5' Floating Jump Shot (7 PTS),7:42 PM
62,2,9,67,0020700513,KNICKS Timeout: Short (Full 1 Short 1),,3:40,1,2,0,0,1610612752,,,,,,0,,,,,,0,,,,,,,,,7:43 PM
63,0,8,70,0020700513,SUB: Lee FOR Richardson,,3:40,1,4,4,0,2047,Quentin Richardson,NYK,New York,1610612752.0,Knicks,101135,David Lee,NYK,New York,1610612752.0,Knicks,0,,,,,,,,,7:44 PM
64,0,8,71,0020700513,SUB: Robinson FOR Curry,,3:40,1,4,4,0,2201,Eddy Curry,NYK,New York,1610612752.0,Knicks,101126,Nate Robinson,NYK,New York,1610612752.0,Knicks,0,,,,,,,,,7:44 PM
65,2,5,72,0020700513,Marbury Lost Ball Turnover (P1.T1),,3:37,1,4,5,0,950,Stephon Marbury,NYK,New York,1610612752.0,Knicks,1747,Rafer Alston,HOU,Houston,1610612745.0,Rockets,0,,,,,,,,Alston STEAL (1 STL),7:44 PM
66,42,1,73,0020700513,,,3:34,1,5,0,0,1747,Rafer Alston,HOU,Houston,1610612745.0,Rockets,0,,,,,,0,,,,,,23 - 11,-12,Alston  Driving Layup (9 PTS),7:44 PM
67,1,1,74,0020700513,Lee 13' Jump Shot (2 PTS),,3:10,1,4,0,0,101135,David Lee,NYK,New York,1610612752.0,Knicks,0,,,,,,0,,,,,,23 - 13,-10,,7:44 PM
68,5,2,75,0020700513,,,2:47,1,5,0,0,2203,Shane Battier,HOU,Houston,1610612745.0,Rockets,0,,,,,,0,,,,,,,,MISS Battier  Layup,7:45 PM
69,0,4,76,0020700513,Randolph REBOUND (Off:1 Def:3),,2:46,1,4,0,0,2216,Zach Randolph,NYK,New York,1610612752.0,Knicks,0,,,,,,0,,,,,,,,,7:45 PM
70,78,1,77,0020700513,Crawford 5' Floating Jump Shot (2 PTS) (Marbury 2 AST),,2:38,1,4,4,0,2037,Jamal Crawford,NYK,New York,1610612752.0,Knicks,950,Stephon Marbury,NYK,New York,1610612752.0,Knicks,0,,,,,,23 - 15,-8,,7:45 PM
71,1,5,78,0020700513,Randolph STEAL (1 STL),,2:24,1,5,4,0,101236,Charles Hayes,HOU,Houston,1610612745.0,Rockets,2216,Zach Randolph,NYK,New York,1610612752.0,Knicks,0,,,,,,,,Hayes Bad Pass Turnover (P1.T1),7:45 PM
72,2,5,79,0020700513,Lee Lost Ball Turnover (P1.T2),,2:22,1,4,5,0,101135,David Lee,NYK,New York,1610612752.0,Knicks,101236,Charles Hayes,HOU,Houston,1610612745.0,Rockets,0,,,,,,,,Hayes STEAL (1 STL),7:46 PM
73,1,6,80,0020700513,Lee P.FOUL (P1.T2),,2:20,1,4,5,1,101135,David Lee,NYK,New York,1610612752.0,Knicks,101236,Charles Hayes,HOU,Houston,1610612745.0,Rockets,0,,,,,,,,,7:46 PM
74,1,9,81,0020700513,,,2:20,1,3,0,0,1610612745,,,,,,0,,,,,,0,,,,,,,,Rockets Timeout: Regular (Reg.1 Short 0),7:46 PM
75,0,8,83,0020700513,,,2:20,1,5,5,0,2203,Shane Battier,HOU,Houston,1610612745.0,Rockets,2449,Luis Scola,HOU,Houston,1610612745.0,Rockets,0,,,,,,,,SUB: Scola FOR Battier,7:48 PM
76,0,8,84,0020700513,,,2:20,1,5,5,0,2397,Yao Ming,HOU,Houston,1610612745.0,Rockets,201166,Aaron Brooks,HOU,Houston,1610612745.0,Rockets,0,,,,,,,,SUB: Brooks FOR Yao,7:48 PM
77,5,2,85,0020700513,,,2:02,1,5,0,0,2449,Luis Scola,HOU,Houston,1610612745.0,Rockets,0,,,,,,0,,,,,,,,MISS Scola  Layup,7:48 PM
78,0,4,86,0020700513,Randolph REBOUND (Off:1 Def:4),,2:01,1,4,0,0,2216,Zach Randolph,NYK,New York,1610612752.0,Knicks,0,,,,,,0,,,,,,,,,7:48 PM
79,2,5,87,0020700513,Lee Lost Ball Turnover (P2.T3),,1:51,1,4,5,0,101135,David Lee,NYK,New York,1610612752.0,Knicks,2449,Luis Scola,HOU,Houston,1610612745.0,Rockets,0,,,,,,,,Scola STEAL (1 STL),7:48 PM
80,1,2,88,0020700513,,,1:37,1,5,0,0,201166,Aaron Brooks,HOU,Houston,1610612745.0,Rockets,0,,,,,,0,,,,,,,,MISS Brooks 27' 3PT Jump Shot,7:48 PM
81,0,4,89,0020700513,Randolph REBOUND (Off:1 Def:5),,1:35,1,4,0,0,2216,Zach Randolph,NYK,New York,1610612752.0,Knicks,0,,,,,,0,,,,,,,,,7:49 PM
82,5,1,90,0020700513,Lee  Layup (4 PTS) (Robinson 1 AST),,1:20,1,4,4,0,101135,David Lee,NYK,New York,1610612752.0,Knicks,101126,Nate Robinson,NYK,New York,1610612752.0,Knicks,0,,,,,,23 - 17,-6,,7:49 PM
83,40,5,91,0020700513,,,1:01,1,5,0,0,1747,Rafer Alston,HOU,Houston,1610612745.0,Rockets,0,,,,,,0,,,,,,,,Alston Out of Bounds Lost Ball Turnover (P1.T2),7:49 PM
84,1,2,92,0020700513,MISS Crawford 24' 3PT Jump Shot,,0:42,1,4,0,0,2037,Jamal Crawford,NYK,New York,1610612752.0,Knicks,0,,,,,,0,,,,,,,,,7:50 PM
85,0,4,93,0020700513,,,0:40,1,5,0,0,101236,Charles Hayes,HOU,Houston,1610612745.0,Rockets,0,,,,,,0,,,,,,,,Hayes REBOUND (Off:1 Def:6),7:50 PM
86,1,2,94,0020700513,,,0:30,1,5,0,0,2449,Luis Scola,HOU,Houston,1610612745.0,Rockets,0,,,,,,0,,,,,,,,MISS Scola 18' Jump Shot,7:50 PM
87,0,4,95,0020700513,Robinson REBOUND (Off:0 Def:1),,0:28,1,4,0,0,101126,Nate Robinson,NYK,New York,1610612752.0,Knicks,0,,,,,,0,,,,,,,,,7:50 PM
88,2,5,96,0020700513,Crawford Lost Ball Turnover (P1.T4),,0:06,1,4,5,0,2037,Jamal Crawford,NYK,New York,1610612752.0,Knicks,101129,Luther Head,HOU,Houston,1610612745.0,Rockets,0,,,,,,,,Head STEAL (1 STL),7:50 PM
89,2,6,97,0020700513,Robinson S.FOUL (P1.T3),,0:04,1,4,5,1,101126,Nate Robinson,NYK,New York,1610612752.0,Knicks,101129,Luther Head,HOU,Houston,1610612745.0,Rockets,0,,,,,,,,,7:50 PM
90,11,3,98,0020700513,,,0:04,1,5,0,0,101129,Luther Head,HOU,Houston,1610612745.0,Rockets,0,,,,,,0,,,,,,24 - 17,-7,Head Free Throw 1 of 2 (1 PTS),7:51 PM
91,12,3,99,0020700513,,,0:04,1,5,0,0,101129,Luther Head,HOU,Houston,1610612745.0,Rockets,0,,,,,,0,,,,,,25 - 17,-8,Head Free Throw 2 of 2 (2 PTS),7:51 PM
92,42,1,100,0020700513,Marbury  Driving Layup (5 PTS),,0:00,1,4,0,0,950,Stephon Marbury,NYK,New York,1610612752.0,Knicks,0,,,,,,0,,,,,,25 - 19,-6,,7:51 PM
93,0,18,101,0020700513,,,0:00,1,0,0,1,0,,,,,,0,,,,,,0,,,,,,25 - 19,-6,,7:52 PM
94,0,13,102,0020700513,,,0:00,1,0,0,0,0,,,,,,0,,,,,,0,,,,,,25 - 19,-6,,7:52 PM
95,0,12,103,0020700513,,,12:00,2,0,0,0,0,,,,,,0,,,,,,0,,,,,,25 - 19,-6,,7:54 PM
96,1,5,104,0020700513,,,11:47,2,5,0,0,1747,Rafer Alston,HOU,Houston,1610612745.0,Rockets,0,,,,,,0,,,,,,,,Alston Bad Pass Turnover (P2.T3),7:54 PM
97,46,1,105,0020700513,Marbury 5' Running Jump Shot (7 PTS) (Jeffries 1 AST),,11:33,2,4,4,0,950,Stephon Marbury,NYK,New York,1610612752.0,Knicks,2407,Jared Jeffries,NYK,New York,1610612752.0,Knicks,0,,,,,,25 - 21,-4,,7:55 PM
98,1,2,106,0020700513,,,11:15,2,5,0,0,1747,Rafer Alston,HOU,Houston,1610612745.0,Rockets,0,,,,,,0,,,,,,,,MISS Alston 25' 3PT Jump Shot,7:55 PM
99,0,4,107,0020700513,Robinson REBOUND (Off:0 Def:2),,11:13,2,4,0,0,101126,Nate Robinson,NYK,New York,1610612752.0,Knicks,0,,,,,,0,,,,,,,,,7:55 PM
100,5,1,108,0020700513,Lee  Layup (6 PTS) (Robinson 2 AST),,11:08,2,4,4,0,101135,David Lee,NYK,New York,1610612752.0,Knicks,101126,Nate Robinson,NYK,New York,1610612752.0,Knicks,0,,,,,,25 - 23,-2,,7:55 PM
101,1,2,109,0020700513,,,10:47,2,5,0,0,1719,Bonzi Wells,HOU,Houston,1610612745.0,Rockets,0,,,,,,0,,,,,,,,MISS Wells 7' Jump Shot,7:55 PM
102,0,4,110,0020700513,,,10:45,2,5,0,0,101236,Charles Hayes,HOU,Houston,1610612745.0,Rockets,0,,,,,,0,,,,,,,,Hayes REBOUND (Off:2 Def:6),7:55 PM
103,1,6,111,0020700513,Robinson P.FOUL (P2.T1),,10:38,2,4,5,1,101126,Nate Robinson,NYK,New York,1610612752.0,Knicks,201166,Aaron Brooks,HOU,Houston,1610612745.0,Rockets,0,,,,,,,,,7:56 PM
104,0,8,112,0020700513,,,10:38,2,5,5,0,101236,Charles Hayes,HOU,Houston,1610612745.0,Rockets,2397,Yao Ming,HOU,Houston,1610612745.0,Rockets,0,,,,,,,,SUB: Yao FOR Hayes,7:56 PM
105,1,1,113,0020700513,,,10:27,2,5,5,0,2449,Luis Scola,HOU,Houston,1610612745.0,Rockets,1747,Rafer Alston,HOU,Houston,1610612745.0,Rockets,0,,,,,,27 - 23,-4,Scola 18' Jump Shot (2 PTS) (Alston 2 AST),7:56 PM
106,5,2,114,0020700513,MISS Jeffries  Layup,,10:03,2,4,0,0,2407,Jared Jeffries,NYK,New York,1610612752.0,Knicks,0,,,,,,0,,,,,,,,,7:56 PM
107,0,4,115,0020700513,,,10:02,2,5,0,0,2449,Luis Scola,HOU,Houston,1610612745.0,Rockets,0,,,,,,0,,,,,,,,Scola REBOUND (Off:0 Def:1),7:56 PM
108,3,1,116,0020700513,,,9:44,2,5,5,0,2397,Yao Ming,HOU,Houston,1610612745.0,Rockets,1747,Rafer Alston,HOU,Houston,1610612745.0,Rockets,0,,,,,,29 - 23,-6,Yao 5' Hook Shot (12 PTS) (Alston 3 AST),7:57 PM
109,1,1,117,0020700513,Randolph 16' Jump Shot (6 PTS) (Robinson 3 AST),,9:33,2,4,4,0,2216,Zach Randolph,NYK,New York,1610612752.0,Knicks,101126,Nate Robinson,NYK,New York,1610612752.0,Knicks,0,,,,,,29 - 25,-4,,7:57 PM
110,1,6,118,0020700513,Jeffries P.FOUL (P1.T2),,9:21,2,4,5,1,2407,Jared Jeffries,NYK,New York,1610612752.0,Knicks,1719,Bonzi Wells,HOU,Houston,1610612745.0,Rockets,0,,,,,,,,,7:57 PM
111,0,8,119,0020700513,,,9:21,2,5,5,0,1747,Rafer Alston,HOU,Houston,1610612745.0,Rockets,2203,Shane Battier,HOU,Houston,1610612745.0,Rockets,0,,,,,,,,SUB: Battier FOR Alston,7:57 PM
112,0,8,120,0020700513,SUB: Curry FOR Randolph,,9:21,2,4,4,0,2216,Zach Randolph,NYK,New York,1610612752.0,Knicks,2201,Eddy Curry,NYK,New York,1610612752.0,Knicks,0,,,,,,,,,7:57 PM
113,1,6,121,0020700513,Marbury P.FOUL (P1.T3),,9:12,2,4,5,1,950,Stephon Marbury,NYK,New York,1610612752.0,Knicks,2203,Shane Battier,HOU,Houston,1610612745.0,Rockets,0,,,,,,,,,7:58 PM
114,1,2,122,0020700513,,,9:03,2,5,0,0,2203,Shane Battier,HOU,Houston,1610612745.0,Rockets,0,,,,,,0,,,,,,,,MISS Battier 6' Jump Shot,7:58 PM
115,0,4,123,0020700513,Marbury REBOUND (Off:1 Def:1),,9:02,2,4,0,0,950,Stephon Marbury,NYK,New York,1610612752.0,Knicks,0,,,,,,0,,,,,,,,,7:58 PM
116,5,2,124,0020700513,MISS Marbury  Layup,,8:57,2,4,0,5,950,Stephon Marbury,NYK,New York,1610612752.0,Knicks,0,,,,,,2203,Shane Battier,HOU,Houston,1610612745.0,Rockets,,,Battier BLOCK (2 BLK),7:58 PM
117,0,4,125,0020700513,KNICKS Rebound,,8:56,2,2,0,0,1610612752,,,,,,0,,,,,,0,,,,,,,,,7:58 PM
118,4,9,126,0020700513,,,8:56,2,1,0,0,0,,,,,,0,,,,,,0,,,,,,,,,7:58 PM
119,1,2,130,0020700513,MISS Marbury 11' Jump Shot,,8:54,2,4,0,0,950,Stephon Marbury,NYK,New York,1610612752.0,Knicks,0,,,,,,0,,,,,,,,,8:01 PM
120,0,4,131,0020700513,,,8:51,2,5,0,0,201166,Aaron Brooks,HOU,Houston,1610612745.0,Rockets,0,,,,,,0,,,,,,,,Brooks REBOUND (Off:0 Def:1),8:01 PM
121,42,1,132,0020700513,,,8:42,2,5,5,0,1719,Bonzi Wells,HOU,Houston,1610612745.0,Rockets,2397,Yao Ming,HOU,Houston,1610612745.0,Rockets,0,,,,,,31 - 25,-6,Wells  Driving Layup (2 PTS) (Yao 3 AST),8:01 PM
122,40,5,133,0020700513,Curry Out of Bounds Lost Ball Turnover (P1.T5),,8:23,2,4,0,0,2201,Eddy Curry,NYK,New York,1610612752.0,Knicks,0,,,,,,0,,,,,,,,,8:01 PM
123,0,8,134,0020700513,SUB: Crawford FOR Marbury,,8:23,2,4,4,0,950,Stephon Marbury,NYK,New York,1610612752.0,Knicks,2037,Jamal Crawford,NYK,New York,1610612752.0,Knicks,0,,,,,,,,,8:01 PM
124,80,1,135,0020700513,,,8:07,2,5,0,0,2397,Yao Ming,HOU,Houston,1610612745.0,Rockets,0,,,,,,0,,,,,,33 - 25,-8,Yao 7' Step Back Jump Shot (14 PTS),8:02 PM
125,1,1,136,0020700513,Robinson 11' Jump Shot (2 PTS),,7:50,2,4,0,0,101126,Nate Robinson,NYK,New York,1610612752.0,Knicks,0,,,,,,0,,,,,,33 - 27,-6,,8:02 PM
126,2,5,137,0020700513,Lee STEAL (1 STL),,7:41,2,5,4,0,201166,Aaron Brooks,HOU,Houston,1610612745.0,Rockets,101135,David Lee,NYK,New York,1610612752.0,Knicks,0,,,,,,,,Brooks Lost Ball Turnover (P1.T4),8:02 PM
127,2,6,138,0020700513,,,7:38,2,5,4,1,201166,Aaron Brooks,HOU,Houston,1610612745.0,Rockets,101126,Nate Robinson,NYK,New York,1610612752.0,Knicks,0,,,,,,,,Brooks S.FOUL (P1.T1),8:02 PM
128,11,3,139,0020700513,Robinson Free Throw 1 of 2 (3 PTS),,7:38,2,4,0,0,101126,Nate Robinson,NYK,New York,1610612752.0,Knicks,0,,,,,,0,,,,,,33 - 28,-5,,8:03 PM
129,12,3,140,0020700513,Robinson Free Throw 2 of 2 (4 PTS),,7:38,2,4,0,0,101126,Nate Robinson,NYK,New York,1610612752.0,Knicks,0,,,,,,0,,,,,,33 - 29,-4,,8:03 PM
130,7,1,141,0020700513,,,7:22,2,5,5,0,2397,Yao Ming,HOU,Houston,1610612745.0,Rockets,2449,Luis Scola,HOU,Houston,1610612745.0,Rockets,0,,,,,,35 - 29,-6,Yao  Dunk (16 PTS) (Scola 1 AST),8:04 PM
131,42,1,142,0020700513,Lee  Driving Layup (8 PTS),,7:00,2,4,0,0,101135,David Lee,NYK,New York,1610612752.0,Knicks,0,,,,,,0,,,,,,35 - 31,-4,,8:04 PM
132,42,1,143,0020700513,,,6:43,2,5,0,0,2449,Luis Scola,HOU,Houston,1610612745.0,Rockets,0,,,,,,0,,,,,,37 - 31,-6,Scola  Driving Layup (4 PTS),8:04 PM
133,2,6,144,0020700513,Jeffries S.FOUL (P2.T4),,6:43,2,4,5,1,2407,Jared Jeffries,NYK,New York,1610612752.0,Knicks,2449,Luis Scola,HOU,Houston,1610612745.0,Rockets,0,,,,,,,,,8:04 PM
134,10,3,145,0020700513,,,6:43,2,5,0,0,2449,Luis Scola,HOU,Houston,1610612745.0,Rockets,0,,,,,,0,,,,,,,,MISS Scola Free Throw 1 of 1,8:05 PM
135,0,4,146,0020700513,Jeffries REBOUND (Off:0 Def:1),,6:42,2,4,0,0,2407,Jared Jeffries,NYK,New York,1610612752.0,Knicks,0,,,,,,0,,,,,,,,,8:05 PM
136,1,2,147,0020700513,MISS Crawford 9' Jump Shot,,6:25,2,4,0,0,2037,Jamal Crawford,NYK,New York,1610612752.0,Knicks,0,,,,,,0,,,,,,,,,8:05 PM
137,0,4,148,0020700513,,,6:23,2,5,0,0,2449,Luis Scola,HOU,Houston,1610612745.0,Rockets,0,,,,,,0,,,,,,,,Scola REBOUND (Off:0 Def:2),8:05 PM
138,5,2,149,0020700513,,,6:14,2,5,0,0,2397,Yao Ming,HOU,Houston,1610612745.0,Rockets,0,,,,,,0,,,,,,,,MISS Yao  Layup,8:05 PM
139,0,4,150,0020700513,KNICKS Rebound,,6:13,2,2,0,0,1610612752,,,,,,0,,,,,,0,,,,,,,,,8:05 PM
140,3,6,151,0020700513,,,6:13,2,5,4,1,2449,Luis Scola,HOU,Houston,1610612745.0,Rockets,101135,David Lee,NYK,New York,1610612752.0,Knicks,0,,,,,,,,Scola L.B.FOUL (P1.T2),8:05 PM
141,2,5,152,0020700513,Curry Lost Ball Turnover (P2.T6),,6:02,2,4,5,0,2201,Eddy Curry,NYK,New York,1610612752.0,Knicks,1719,Bonzi Wells,HOU,Houston,1610612745.0,Rockets,0,,,,,,,,Wells STEAL (1 STL),8:06 PM
142,1,2,153,0020700513,,,5:54,2,5,0,0,2449,Luis Scola,HOU,Houston,1610612745.0,Rockets,0,,,,,,0,,,,,,,,MISS Scola 16' Jump Shot,8:06 PM
143,0,4,154,0020700513,Robinson REBOUND (Off:0 Def:3),,5:52,2,4,0,0,101126,Nate Robinson,NYK,New York,1610612752.0,Knicks,0,,,,,,0,,,,,,,,,8:06 PM
144,5,1,155,0020700513,Curry  Layup (4 PTS) (Lee 1 AST),,5:33,2,4,4,0,2201,Eddy Curry,NYK,New York,1610612752.0,Knicks,101135,David Lee,NYK,New York,1610612752.0,Knicks,0,,,,,,37 - 33,-4,,8:06 PM
145,1,1,156,0020700513,,,5:14,2,5,0,0,201166,Aaron Brooks,HOU,Houston,1610612745.0,Rockets,0,,,,,,0,,,,,,39 - 33,-6,Brooks 22' Jump Shot (2 PTS),8:06 PM
146,1,1,157,0020700513,Jeffries 21' Jump Shot (2 PTS) (Crawford 3 AST),,4:52,2,4,4,0,2407,Jared Jeffries,NYK,New York,1610612752.0,Knicks,2037,Jamal Crawford,NYK,New York,1610612752.0,Knicks,0,,,,,,39 - 35,-4,,8:07 PM
147,1,2,158,0020700513,,,4:34,2,5,0,0,201166,Aaron Brooks,HOU,Houston,1610612745.0,Rockets,0,,,,,,0,,,,,,,,MISS Brooks 25' 3PT Jump Shot,8:07 PM
148,0,4,159,0020700513,,,4:32,2,5,0,0,2397,Yao Ming,HOU,Houston,1610612745.0,Rockets,0,,,,,,0,,,,,,,,Yao REBOUND (Off:1 Def:2),8:07 PM
149,7,1,160,0020700513,,,4:31,2,5,0,0,2397,Yao Ming,HOU,Houston,1610612745.0,Rockets,0,,,,,,0,,,,,,41 - 35,-6,Yao  Dunk (18 PTS),8:07 PM
150,1,1,161,0020700513,Robinson 25' 3PT Jump Shot (7 PTS),,4:03,2,4,0,0,101126,Nate Robinson,NYK,New York,1610612752.0,Knicks,0,,,,,,0,,,,,,41 - 38,-3,,8:08 PM
151,89,1,162,0020700513,,,3:49,2,5,5,0,2397,Yao Ming,HOU,Houston,1610612745.0,Rockets,1719,Bonzi Wells,HOU,Houston,1610612745.0,Rockets,0,,,,,,43 - 38,-5,Yao  Reverse Slam Dunk (20 PTS) (Wells 1 AST),8:08 PM
152,1,9,163,0020700513,KNICKS Timeout: Regular (Full 2 Short 1),,3:41,2,2,0,0,1610612752,,,,,,0,,,,,,0,,,,,,,,,8:08 PM
153,0,8,166,0020700513,SUB: Marbury FOR Curry,,3:41,2,4,4,0,2201,Eddy Curry,NYK,New York,1610612752.0,Knicks,950,Stephon Marbury,NYK,New York,1610612752.0,Knicks,0,,,,,,,,,8:10 PM
154,0,8,167,0020700513,SUB: Randolph FOR Jeffries,,3:41,2,4,4,0,2407,Jared Jeffries,NYK,New York,1610612752.0,Knicks,2216,Zach Randolph,NYK,New York,1610612752.0,Knicks,0,,,,,,,,,8:10 PM
155,42,1,168,0020700513,Marbury  Driving Layup (9 PTS) (Robinson 4 AST),,3:33,2,4,4,0,950,Stephon Marbury,NYK,New York,1610612752.0,Knicks,101126,Nate Robinson,NYK,New York,1610612752.0,Knicks,0,,,,,,43 - 40,-3,,8:11 PM
156,2,6,169,0020700513,,,3:33,2,5,4,1,1719,Bonzi Wells,HOU,Houston,1610612745.0,Rockets,950,Stephon Marbury,NYK,New York,1610612752.0,Knicks,0,,,,,,,,Wells S.FOUL (P1.T3),8:11 PM
157,0,8,170,0020700513,,,3:33,2,5,5,0,201166,Aaron Brooks,HOU,Houston,1610612745.0,Rockets,101236,Charles Hayes,HOU,Houston,1610612745.0,Rockets,0,,,,,,,,SUB: Hayes FOR Brooks,8:11 PM
158,0,8,171,0020700513,,,3:33,2,5,5,0,2449,Luis Scola,HOU,Houston,1610612745.0,Rockets,1747,Rafer Alston,HOU,Houston,1610612745.0,Rockets,0,,,,,,,,SUB: Alston FOR Scola,8:11 PM
159,10,3,172,0020700513,Marbury Free Throw 1 of 1 (10 PTS),,3:33,2,4,0,0,950,Stephon Marbury,NYK,New York,1610612752.0,Knicks,0,,,,,,0,,,,,,43 - 41,-2,,8:11 PM
160,40,5,173,0020700513,,,3:19,2,5,0,0,1719,Bonzi Wells,HOU,Houston,1610612745.0,Rockets,0,,,,,,0,,,,,,,,Wells Out of Bounds Lost Ball Turnover (P1.T5),8:12 PM
161,1,1,174,0020700513,Randolph 6' Jump Shot (8 PTS),,3:02,2,4,0,0,2216,Zach Randolph,NYK,New York,1610612752.0,Knicks,0,,,,,,0,,,,,,43 - 43,TIE,,8:12 PM
162,2,6,175,0020700513,Randolph S.FOUL (P1.PN),,2:39,2,4,5,1,2216,Zach Randolph,NYK,New York,1610612752.0,Knicks,1719,Bonzi Wells,HOU,Houston,1610612745.0,Rockets,0,,,,,,,,,8:13 PM
163,1,9,176,0020700513,,,2:39,2,3,0,0,1610612745,,,,,,0,,,,,,0,,,,,,,,Rockets Timeout: Regular (Reg.2 Short 0),8:13 PM
164,11,3,180,0020700513,,,2:39,2,5,0,0,1719,Bonzi Wells,HOU,Houston,1610612745.0,Rockets,0,,,,,,0,,,,,,,,MISS Wells Free Throw 1 of 2,8:15 PM
165,1,4,181,0020700513,,,2:39,2,3,0,0,1610612745,,,,,,0,,,,,,0,,,,,,,,Rockets Rebound,8:15 PM
166,12,3,182,0020700513,,,2:39,2,5,0,0,1719,Bonzi Wells,HOU,Houston,1610612745.0,Rockets,0,,,,,,0,,,,,,,,MISS Wells Free Throw 2 of 2,8:16 PM
167,0,4,183,0020700513,Randolph REBOUND (Off:1 Def:6),,2:38,2,4,0,0,2216,Zach Randolph,NYK,New York,1610612752.0,Knicks,0,,,,,,0,,,,,,,,,8:16 PM
168,1,6,184,0020700513,,,2:29,2,5,4,1,1719,Bonzi Wells,HOU,Houston,1610612745.0,Rockets,950,Stephon Marbury,NYK,New York,1610612752.0,Knicks,0,,,,,,,,Wells P.FOUL (P2.T4),8:16 PM
169,0,8,185,0020700513,,,2:29,2,5,5,0,1719,Bonzi Wells,HOU,Houston,1610612745.0,Rockets,101129,Luther Head,HOU,Houston,1610612745.0,Rockets,0,,,,,,,,SUB: Head FOR Wells,8:16 PM
170,5,7,186,0020700513,,,2:22,2,5,0,1,2203,Shane Battier,HOU,Houston,1610612745.0,Rockets,0,,,,,,0,,,,,,,,Battier Violation:Kicked Ball,8:17 PM
171,1,1,187,0020700513,Crawford 24' 3PT Jump Shot (5 PTS) (Marbury 3 AST),,2:16,2,4,4,0,2037,Jamal Crawford,NYK,New York,1610612752.0,Knicks,950,Stephon Marbury,NYK,New York,1610612752.0,Knicks,0,,,,,,43 - 46,3,,8:17 PM
172,1,2,188,0020700513,,,1:50,2,5,0,0,101129,Luther Head,HOU,Houston,1610612745.0,Rockets,0,,,,,,0,,,,,,,,MISS Head 22' Jump Shot,8:17 PM
173,0,4,189,0020700513,KNICKS Rebound,,1:48,2,2,0,0,1610612752,,,,,,0,,,,,,0,,,,,,,,,8:17 PM
174,2,5,190,0020700513,Marbury Lost Ball Turnover (P2.T7),,1:38,2,4,5,0,950,Stephon Marbury,NYK,New York,1610612752.0,Knicks,1747,Rafer Alston,HOU,Houston,1610612745.0,Rockets,0,,,,,,,,Alston STEAL (2 STL),8:18 PM
175,1,2,191,0020700513,,,1:33,2,5,0,0,101129,Luther Head,HOU,Houston,1610612745.0,Rockets,0,,,,,,0,,,,,,,,MISS Head 13' Jump Shot,8:18 PM
176,0,4,192,0020700513,Lee REBOUND (Off:0 Def:1),,1:31,2,4,0,0,101135,David Lee,NYK,New York,1610612752.0,Knicks,0,,,,,,0,,,,,,,,,8:18 PM
177,1,1,193,0020700513,Crawford 21' Jump Shot (7 PTS),,1:22,2,4,0,0,2037,Jamal Crawford,NYK,New York,1610612752.0,Knicks,0,,,,,,0,,,,,,43 - 48,5,,8:18 PM
178,1,1,194,0020700513,,,1:08,2,5,5,0,1747,Rafer Alston,HOU,Houston,1610612745.0,Rockets,101129,Luther Head,HOU,Houston,1610612745.0,Rockets,0,,,,,,46 - 48,2,Alston 25' 3PT Jump Shot (12 PTS) (Head 3 AST),8:18 PM
179,1,2,195,0020700513,MISS Crawford 19' Jump Shot,,0:51,2,4,0,5,2037,Jamal Crawford,NYK,New York,1610612752.0,Knicks,0,,,,,,2203,Shane Battier,HOU,Houston,1610612745.0,Rockets,,,Battier BLOCK (3 BLK),8:18 PM
180,0,4,196,0020700513,,,0:49,2,5,0,0,101236,Charles Hayes,HOU,Houston,1610612745.0,Rockets,0,,,,,,0,,,,,,,,Hayes REBOUND (Off:2 Def:7),8:18 PM
181,1,2,197,0020700513,,,0:40,2,5,0,0,1747,Rafer Alston,HOU,Houston,1610612745.0,Rockets,0,,,,,,0,,,,,,,,MISS Alston 9' Jump Shot,8:19 PM
182,0,4,198,0020700513,,,0:38,2,5,0,0,2397,Yao Ming,HOU,Houston,1610612745.0,Rockets,0,,,,,,0,,,,,,,,Yao REBOUND (Off:2 Def:2),8:19 PM
183,5,1,199,0020700513,,,0:38,2,5,0,0,2397,Yao Ming,HOU,Houston,1610612745.0,Rockets,0,,,,,,0,,,,,,48 - 48,TIE,Yao  Layup (22 PTS),8:19 PM
184,2,6,200,0020700513,,,0:19,2,5,4,1,101236,Charles Hayes,HOU,Houston,1610612745.0,Rockets,2216,Zach Randolph,NYK,New York,1610612752.0,Knicks,0,,,,,,,,Hayes S.FOUL (P2.PN),8:19 PM
185,11,3,201,0020700513,Randolph Free Throw 1 of 2 (9 PTS),,0:19,2,4,0,0,2216,Zach Randolph,NYK,New York,1610612752.0,Knicks,0,,,,,,0,,,,,,48 - 49,1,,8:19 PM
186,0,8,202,0020700513,SUB: Jeffries FOR Crawford,,0:19,2,4,4,0,2037,Jamal Crawford,NYK,New York,1610612752.0,Knicks,2407,Jared Jeffries,NYK,New York,1610612752.0,Knicks,0,,,,,,,,,8:20 PM
187,2,9,203,0020700513,,,0:19,2,3,0,0,1610612745,,,,,,0,,,,,,0,,,,,,,,Rockets Timeout: Short (Reg.2 Short 1),8:20 PM
188,0,8,205,0020700513,,,0:19,2,5,5,0,101236,Charles Hayes,HOU,Houston,1610612745.0,Rockets,2449,Luis Scola,HOU,Houston,1610612745.0,Rockets,0,,,,,,,,SUB: Scola FOR Hayes,8:20 PM
189,12,3,207,0020700513,Randolph Free Throw 2 of 2 (10 PTS),,0:19,2,4,0,0,2216,Zach Randolph,NYK,New York,1610612752.0,Knicks,0,,,,,,0,,,,,,48 - 50,2,,8:21 PM
190,1,1,208,0020700513,,,0:02,2,5,5,0,2449,Luis Scola,HOU,Houston,1610612745.0,Rockets,101129,Luther Head,HOU,Houston,1610612745.0,Rockets,0,,,,,,50 - 50,TIE,Scola 14' Jump Shot (6 PTS) (Head 4 AST),8:21 PM
191,66,1,209,0020700513,Robinson 25' 3PT Jump Bank Shot (10 PTS),,0:00,2,4,0,0,101126,Nate Robinson,NYK,New York,1610612752.0,Knicks,0,,,,,,0,,,,,,50 - 53,3,,8:21 PM
192,0,18,210,0020700513,,,0:00,2,0,0,1,0,,,,,,0,,,,,,0,,,,,,50 - 53,3,,8:21 PM
193,0,13,211,0020700513,,,0:00,2,0,0,0,0,,,,,,0,,,,,,0,,,,,,50 - 53,3,,8:22 PM
194,0,12,212,0020700513,,,12:00,3,0,0,0,0,,,,,,0,,,,,,0,,,,,,50 - 53,3,,8:39 PM
195,5,2,213,0020700513,,,11:47,3,5,0,0,101236,Charles Hayes,HOU,Houston,1610612745.0,Rockets,0,,,,,,0,,,,,,,,MISS Hayes  Layup,8:39 PM
196,0,4,214,0020700513,Randolph REBOUND (Off:1 Def:7),,11:47,3,4,0,0,2216,Zach Randolph,NYK,New York,1610612752.0,Knicks,0,,,,,,0,,,,,,,,,8:39 PM
197,1,2,215,0020700513,MISS Robinson 14' Jump Shot,,11:25,3,4,0,0,101126,Nate Robinson,NYK,New York,1610612752.0,Knicks,0,,,,,,0,,,,,,,,,8:40 PM
198,0,4,216,0020700513,Lee REBOUND (Off:1 Def:1),,11:24,3,4,0,0,101135,David Lee,NYK,New York,1610612752.0,Knicks,0,,,,,,0,,,,,,,,,8:40 PM
199,1,6,217,0020700513,,,11:23,3,5,4,1,101129,Luther Head,HOU,Houston,1610612745.0,Rockets,101135,David Lee,NYK,New York,1610612752.0,Knicks,0,,,,,,,,Head P.FOUL (P1.T1),8:40 PM
200,1,2,218,0020700513,MISS Crawford  3PT Jump Shot,,11:19,3,4,0,0,2037,Jamal Crawford,NYK,New York,1610612752.0,Knicks,0,,,,,,0,,,,,,,,,8:40 PM
201,0,4,219,0020700513,,,11:17,3,5,0,0,101236,Charles Hayes,HOU,Houston,1610612745.0,Rockets,0,,,,,,0,,,,,,,,Hayes REBOUND (Off:2 Def:8),8:40 PM
202,1,1,220,0020700513,,,11:03,3,5,0,0,2397,Yao Ming,HOU,Houston,1610612745.0,Rockets,0,,,,,,0,,,,,,52 - 53,1,Yao 10' Jump Shot (24 PTS),8:40 PM
203,1,2,221,0020700513,MISS Randolph 11' Jump Shot,,10:49,3,4,0,0,2216,Zach Randolph,NYK,New York,1610612752.0,Knicks,0,,,,,,0,,,,,,,,,8:41 PM
204,0,4,222,0020700513,Lee REBOUND (Off:2 Def:1),,10:47,3,4,0,0,101135,David Lee,NYK,New York,1610612752.0,Knicks,0,,,,,,0,,,,,,,,,8:41 PM
205,42,1,223,0020700513,Lee  Driving Layup (10 PTS),,10:35,3,4,0,0,101135,David Lee,NYK,New York,1610612752.0,Knicks,0,,,,,,0,,,,,,52 - 55,3,,8:41 PM
206,2,6,224,0020700513,Randolph S.FOUL (P2.T1),,10:22,3,4,5,1,2216,Zach Randolph,NYK,New York,1610612752.0,Knicks,1747,Rafer Alston,HOU,Houston,1610612745.0,Rockets,0,,,,,,,,,8:41 PM
207,11,3,225,0020700513,,,10:22,3,5,0,0,1747,Rafer Alston,HOU,Houston,1610612745.0,Rockets,0,,,,,,0,,,,,,,,MISS Alston Free Throw 1 of 2,8:41 PM
208,0,4,230,0020700513,,,10:22,3,3,0,0,1610612745,,,,,,0,,,,,,0,,,,,,,,Rockets Rebound,8:41 PM
209,12,3,226,0020700513,,,10:22,3,5,0,0,1747,Rafer Alston,HOU,Houston,1610612745.0,Rockets,0,,,,,,0,,,,,,53 - 55,2,Alston Free Throw 2 of 2 (13 PTS),8:42 PM
210,42,1,227,0020700513,Marbury  Driving Layup (12 PTS),,10:02,3,4,0,0,950,Stephon Marbury,NYK,New York,1610612752.0,Knicks,0,,,,,,0,,,,,,53 - 57,4,,8:42 PM
211,1,6,229,0020700513,Lee P.FOUL (P2.T2),,9:55,3,4,5,1,101135,David Lee,NYK,New York,1610612752.0,Knicks,1747,Rafer Alston,HOU,Houston,1610612745.0,Rockets,0,,,,,,,,,8:42 PM
212,5,2,231,0020700513,,,9:39,3,5,0,0,101129,Luther Head,HOU,Houston,1610612745.0,Rockets,0,,,,,,0,,,,,,,,MISS Head  Layup,8:43 PM
213,0,4,232,0020700513,,,9:38,3,5,0,0,101236,Charles Hayes,HOU,Houston,1610612745.0,Rockets,0,,,,,,0,,,,,,,,Hayes REBOUND (Off:3 Def:8),8:43 PM
214,5,1,233,0020700513,,,9:37,3,5,0,0,101236,Charles Hayes,HOU,Houston,1610612745.0,Rockets,0,,,,,,0,,,,,,55 - 57,2,Hayes  Layup (4 PTS),8:43 PM
215,1,2,234,0020700513,MISS Lee 15' Jump Shot,,9:21,3,4,0,0,101135,David Lee,NYK,New York,1610612752.0,Knicks,0,,,,,,0,,,,,,,,,8:43 PM
216,0,4,235,0020700513,,,9:19,3,5,0,0,101236,Charles Hayes,HOU,Houston,1610612745.0,Rockets,0,,,,,,0,,,,,,,,Hayes REBOUND (Off:3 Def:9),8:43 PM
217,2,5,236,0020700513,Marbury STEAL (1 STL),,9:08,3,5,4,0,101236,Charles Hayes,HOU,Houston,1610612745.0,Rockets,950,Stephon Marbury,NYK,New York,1610612752.0,Knicks,0,,,,,,,,Hayes Lost Ball Turnover (P2.T6),8:43 PM
218,1,1,237,0020700513,Robinson 18' Jump Shot (12 PTS),,9:03,3,4,0,0,101126,Nate Robinson,NYK,New York,1610612752.0,Knicks,0,,,,,,0,,,,,,55 - 59,4,,8:43 PM
219,1,2,239,0020700513,,,8:44,3,5,0,0,1747,Rafer Alston,HOU,Houston,1610612745.0,Rockets,0,,,,,,0,,,,,,,,MISS Alston 20' Jump Shot,8:44 PM
220,0,4,240,0020700513,Randolph REBOUND (Off:1 Def:8),,8:43,3,4,0,0,2216,Zach Randolph,NYK,New York,1610612752.0,Knicks,0,,,,,,0,,,,,,,,,8:44 PM
221,5,2,242,0020700513,MISS Marbury  Layup,,8:38,3,4,0,5,950,Stephon Marbury,NYK,New York,1610612752.0,Knicks,0,,,,,,2397,Yao Ming,HOU,Houston,1610612745.0,Rockets,,,Yao BLOCK (1 BLK),8:44 PM
222,0,4,243,0020700513,KNICKS Rebound,,8:37,3,2,0,0,1610612752,,,,,,0,,,,,,0,,,,,,,,,8:44 PM
223,1,1,245,0020700513,Crawford 20' Jump Shot (9 PTS),,8:24,3,4,0,0,2037,Jamal Crawford,NYK,New York,1610612752.0,Knicks,0,,,,,,0,,,,,,55 - 61,6,,8:44 PM
224,1,1,246,0020700513,,,8:02,3,5,5,0,101129,Luther Head,HOU,Houston,1610612745.0,Rockets,2203,Shane Battier,HOU,Houston,1610612745.0,Rockets,0,,,,,,58 - 61,3,Head 26' 3PT Jump Shot (5 PTS) (Battier 2 AST),8:45 PM
225,42,1,247,0020700513,Lee  Driving Layup (12 PTS) (Marbury 4 AST),,7:45,3,4,4,0,101135,David Lee,NYK,New York,1610612752.0,Knicks,950,Stephon Marbury,NYK,New York,1610612752.0,Knicks,0,,,,,,58 - 63,5,,8:45 PM
226,2,6,248,0020700513,,,7:45,3,5,4,1,2397,Yao Ming,HOU,Houston,1610612745.0,Rockets,101135,David Lee,NYK,New York,1610612752.0,Knicks,0,,,,,,,,Yao S.FOUL (P2.T2),8:45 PM
227,10,3,249,0020700513,MISS Lee Free Throw 1 of 1,,7:45,3,4,0,0,101135,David Lee,NYK,New York,1610612752.0,Knicks,0,,,,,,0,,,,,,,,,8:45 PM
228,0,4,250,0020700513,,,7:45,3,5,0,0,2397,Yao Ming,HOU,Houston,1610612745.0,Rockets,0,,,,,,0,,,,,,,,Yao REBOUND (Off:2 Def:3),8:45 PM
229,5,2,251,0020700513,,,7:40,3,5,0,0,1747,Rafer Alston,HOU,Houston,1610612745.0,Rockets,0,,,,,,0,,,,,,,,MISS Alston  Layup,8:45 PM
230,0,4,253,0020700513,,,7:39,3,5,0,0,2203,Shane Battier,HOU,Houston,1610612745.0,Rockets,0,,,,,,0,,,,,,,,Battier REBOUND (Off:1 Def:0),8:46 PM
231,72,1,252,0020700513,,,7:39,3,5,0,0,2203,Shane Battier,HOU,Houston,1610612745.0,Rockets,0,,,,,,0,,,,,,60 - 63,3,Battier  Putback Layup (4 PTS),8:46 PM
232,2,5,254,0020700513,Randolph Lost Ball Turnover (P1.T8),,7:18,3,4,5,0,2216,Zach Randolph,NYK,New York,1610612752.0,Knicks,2203,Shane Battier,HOU,Houston,1610612745.0,Rockets,0,,,,,,,,Battier STEAL (1 STL),8:46 PM
233,5,1,255,0020700513,,,7:15,3,5,5,0,101129,Luther Head,HOU,Houston,1610612745.0,Rockets,2203,Shane Battier,HOU,Houston,1610612745.0,Rockets,0,,,,,,62 - 63,1,Head  Layup (7 PTS) (Battier 3 AST),8:46 PM
234,5,2,256,0020700513,MISS Randolph  Layup,,6:48,3,4,0,0,2216,Zach Randolph,NYK,New York,1610612752.0,Knicks,0,,,,,,0,,,,,,,,,8:46 PM
235,0,4,257,0020700513,,,6:47,3,5,0,0,2397,Yao Ming,HOU,Houston,1610612745.0,Rockets,0,,,,,,0,,,,,,,,Yao REBOUND (Off:2 Def:4),8:46 PM
236,1,2,258,0020700513,,,6:40,3,5,0,0,101129,Luther Head,HOU,Houston,1610612745.0,Rockets,0,,,,,,0,,,,,,,,MISS Head 25' 3PT Jump Shot,8:46 PM
237,0,4,259,0020700513,,,6:38,3,5,0,0,101236,Charles Hayes,HOU,Houston,1610612745.0,Rockets,0,,,,,,0,,,,,,,,Hayes REBOUND (Off:4 Def:9),8:47 PM
238,5,1,260,0020700513,,,6:34,3,5,5,0,2397,Yao Ming,HOU,Houston,1610612745.0,Rockets,1747,Rafer Alston,HOU,Houston,1610612745.0,Rockets,0,,,,,,64 - 63,-1,Yao  Layup (26 PTS) (Alston 4 AST),8:47 PM
239,2,6,261,0020700513,,,6:17,3,5,4,1,1747,Rafer Alston,HOU,Houston,1610612745.0,Rockets,950,Stephon Marbury,NYK,New York,1610612752.0,Knicks,0,,,,,,,,Alston S.FOUL (P1.T3),8:47 PM
240,0,8,262,0020700513,SUB: Curry FOR Randolph,,6:17,3,4,4,0,2216,Zach Randolph,NYK,New York,1610612752.0,Knicks,2201,Eddy Curry,NYK,New York,1610612752.0,Knicks,0,,,,,,,,,8:47 PM
241,0,8,263,0020700513,SUB: Richardson FOR Robinson,,6:17,3,4,4,0,101126,Nate Robinson,NYK,New York,1610612752.0,Knicks,2047,Quentin Richardson,NYK,New York,1610612752.0,Knicks,0,,,,,,,,,8:47 PM
242,11,3,264,0020700513,MISS Marbury Free Throw 1 of 2,,6:17,3,4,0,0,950,Stephon Marbury,NYK,New York,1610612752.0,Knicks,0,,,,,,0,,,,,,,,,8:47 PM
243,1,4,265,0020700513,KNICKS Rebound,,6:17,3,2,0,0,1610612752,,,,,,0,,,,,,0,,,,,,,,,8:47 PM
244,12,3,266,0020700513,MISS Marbury Free Throw 2 of 2,,6:17,3,4,0,0,950,Stephon Marbury,NYK,New York,1610612752.0,Knicks,0,,,,,,0,,,,,,,,,8:47 PM
245,0,4,267,0020700513,,,6:16,3,5,0,0,1747,Rafer Alston,HOU,Houston,1610612745.0,Rockets,0,,,,,,0,,,,,,,,Alston REBOUND (Off:0 Def:2),8:48 PM
246,39,5,268,0020700513,,,6:15,3,5,0,0,1747,Rafer Alston,HOU,Houston,1610612745.0,Rockets,0,,,,,,0,,,,,,,,Alston Step Out of Bounds Turnover (P3.T7),8:48 PM
247,5,7,269,0020700513,,,6:15,3,5,0,0,2203,Shane Battier,HOU,Houston,1610612745.0,Rockets,0,,,,,,0,,,,,,,,Battier Violation:Kicked Ball,8:48 PM
248,5,2,270,0020700513,MISS Curry  Layup,,6:04,3,4,0,5,2201,Eddy Curry,NYK,New York,1610612752.0,Knicks,0,,,,,,2203,Shane Battier,HOU,Houston,1610612745.0,Rockets,,,Battier BLOCK (4 BLK),8:49 PM
249,0,4,271,0020700513,,,6:03,3,5,0,0,2397,Yao Ming,HOU,Houston,1610612745.0,Rockets,0,,,,,,0,,,,,,,,Yao REBOUND (Off:2 Def:5),8:49 PM
250,1,5,272,0020700513,Lee STEAL (2 STL),,5:48,3,5,4,0,1747,Rafer Alston,HOU,Houston,1610612745.0,Rockets,101135,David Lee,NYK,New York,1610612752.0,Knicks,0,,,,,,,,Alston Bad Pass Turnover (P4.T8),8:49 PM
251,1,5,273,0020700513,Crawford Bad Pass Turnover (P2.T9),,5:46,3,4,0,0,2037,Jamal Crawford,NYK,New York,1610612752.0,Knicks,0,,,,,,0,,,,,,,,,8:49 PM
252,1,9,274,0020700513,KNICKS Timeout: Regular (Full 3 Short 1),,5:46,3,2,0,0,1610612752,,,,,,0,,,,,,0,,,,,,,,,8:49 PM
253,0,8,276,0020700513,,,5:46,3,5,5,0,101236,Charles Hayes,HOU,Houston,1610612745.0,Rockets,2449,Luis Scola,HOU,Houston,1610612745.0,Rockets,0,,,,,,,,SUB: Scola FOR Hayes,8:51 PM
254,1,2,278,0020700513,,,5:34,3,5,0,0,2449,Luis Scola,HOU,Houston,1610612745.0,Rockets,0,,,,,,0,,,,,,,,MISS Scola 20' Jump Shot,8:52 PM
255,0,4,279,0020700513,Lee REBOUND (Off:2 Def:2),,5:32,3,4,0,0,101135,David Lee,NYK,New York,1610612752.0,Knicks,0,,,,,,0,,,,,,,,,8:52 PM
256,1,2,280,0020700513,MISS Crawford 25' 3PT Jump Shot,,5:17,3,4,0,0,2037,Jamal Crawford,NYK,New York,1610612752.0,Knicks,0,,,,,,0,,,,,,,,,8:52 PM
257,0,4,281,0020700513,,,5:16,3,3,0,0,1610612745,,,,,,0,,,,,,0,,,,,,,,Rockets Rebound,8:52 PM
258,1,2,282,0020700513,,,4:59,3,5,0,0,2203,Shane Battier,HOU,Houston,1610612745.0,Rockets,0,,,,,,0,,,,,,,,MISS Battier 25' 3PT Jump Shot,8:52 PM
259,0,4,283,0020700513,Marbury REBOUND (Off:1 Def:2),,4:56,3,4,0,0,950,Stephon Marbury,NYK,New York,1610612752.0,Knicks,0,,,,,,0,,,,,,,,,8:52 PM
260,1,2,284,0020700513,MISS Lee 14' Jump Shot,,4:48,3,4,0,0,101135,David Lee,NYK,New York,1610612752.0,Knicks,0,,,,,,0,,,,,,,,,8:52 PM
261,0,4,285,0020700513,,,4:46,3,5,0,0,2397,Yao Ming,HOU,Houston,1610612745.0,Rockets,0,,,,,,0,,,,,,,,Yao REBOUND (Off:2 Def:6),8:52 PM
262,1,2,286,0020700513,,,4:38,3,5,0,0,1747,Rafer Alston,HOU,Houston,1610612745.0,Rockets,0,,,,,,0,,,,,,,,MISS Alston 27' 3PT Jump Shot,8:53 PM
263,0,4,287,0020700513,Crawford REBOUND (Off:0 Def:2),,4:35,3,4,0,0,2037,Jamal Crawford,NYK,New York,1610612752.0,Knicks,0,,,,,,0,,,,,,,,,8:53 PM
264,1,1,288,0020700513,Crawford 18' Jump Shot (11 PTS),,4:24,3,4,0,0,2037,Jamal Crawford,NYK,New York,1610612752.0,Knicks,0,,,,,,0,,,,,,64 - 65,1,,8:53 PM
265,0,8,289,0020700513,SUB: Rose FOR Lee,,4:03,3,4,4,0,101135,David Lee,NYK,New York,1610612752.0,Knicks,990,Malik Rose,NYK,New York,1610612752.0,Knicks,0,,,,,,,,,8:53 PM
266,1,2,290,0020700513,,,4:01,3,5,0,0,2397,Yao Ming,HOU,Houston,1610612745.0,Rockets,0,,,,,,0,,,,,,,,MISS Yao 17' Jump Shot,8:54 PM
267,0,4,291,0020700513,Crawford REBOUND (Off:0 Def:3),,3:58,3,4,0,0,2037,Jamal Crawford,NYK,New York,1610612752.0,Knicks,0,,,,,,0,,,,,,,,,8:54 PM
268,1,1,292,0020700513,Marbury 21' Jump Shot (14 PTS),,3:50,3,4,0,0,950,Stephon Marbury,NYK,New York,1610612752.0,Knicks,0,,,,,,0,,,,,,64 - 67,3,,8:54 PM
269,88,1,293,0020700513,,,3:30,3,5,5,0,2397,Yao Ming,HOU,Houston,1610612745.0,Rockets,1747,Rafer Alston,HOU,Houston,1610612745.0,Rockets,0,,,,,,66 - 67,1,Yao  Driving Slam Dunk (28 PTS) (Alston 5 AST),8:54 PM
270,2,6,294,0020700513,Rose S.FOUL (P1.T3),,3:30,3,4,5,1,990,Malik Rose,NYK,New York,1610612752.0,Knicks,2397,Yao Ming,HOU,Houston,1610612745.0,Rockets,0,,,,,,,,,8:54 PM
271,10,3,295,0020700513,,,3:30,3,5,0,0,2397,Yao Ming,HOU,Houston,1610612745.0,Rockets,0,,,,,,0,,,,,,67 - 67,TIE,Yao Free Throw 1 of 1 (29 PTS),8:54 PM
272,5,2,296,0020700513,MISS Curry  Layup,,3:23,3,4,0,5,2201,Eddy Curry,NYK,New York,1610612752.0,Knicks,0,,,,,,2203,Shane Battier,HOU,Houston,1610612745.0,Rockets,,,Battier BLOCK (5 BLK),8:55 PM
273,0,4,297,0020700513,,,3:22,3,5,0,0,1747,Rafer Alston,HOU,Houston,1610612745.0,Rockets,0,,,,,,0,,,,,,,,Alston REBOUND (Off:0 Def:3),8:55 PM
274,5,1,298,0020700513,,,3:18,3,5,5,0,2449,Luis Scola,HOU,Houston,1610612745.0,Rockets,1747,Rafer Alston,HOU,Houston,1610612745.0,Rockets,0,,,,,,69 - 67,-2,Scola  Layup (8 PTS) (Alston 6 AST),8:55 PM
275,11,6,299,0020700513,Curry T.FOUL (P1.T3),,3:18,3,4,0,1,2201,Eddy Curry,NYK,New York,1610612752.0,Knicks,0,,,,,,0,,,,,,,,,8:55 PM
276,16,3,300,0020700513,,,3:18,3,5,0,0,2397,Yao Ming,HOU,Houston,1610612745.0,Rockets,0,,,,,,0,,,,,,,,MISS Yao Free Throw Technical,8:55 PM
277,1,4,301,0020700513,KNICKS Rebound,,3:18,3,2,0,0,1610612752,,,,,,0,,,,,,0,,,,,,,,,8:55 PM
278,1,2,302,0020700513,MISS Marbury 18' Jump Shot,,3:07,3,4,0,0,950,Stephon Marbury,NYK,New York,1610612752.0,Knicks,0,,,,,,0,,,,,,,,,8:56 PM
279,0,4,303,0020700513,Richardson REBOUND (Off:1 Def:1),,3:05,3,4,0,0,2047,Quentin Richardson,NYK,New York,1610612752.0,Knicks,0,,,,,,0,,,,,,,,,8:56 PM
280,5,2,304,0020700513,MISS Marbury  Layup,,2:57,3,4,0,0,950,Stephon Marbury,NYK,New York,1610612752.0,Knicks,0,,,,,,0,,,,,,,,,8:56 PM
281,0,4,305,0020700513,Curry REBOUND (Off:2 Def:0),,2:56,3,4,0,0,2201,Eddy Curry,NYK,New York,1610612752.0,Knicks,0,,,,,,0,,,,,,,,,8:56 PM
282,2,6,306,0020700513,,,2:56,3,5,4,1,101129,Luther Head,HOU,Houston,1610612745.0,Rockets,2201,Eddy Curry,NYK,New York,1610612752.0,Knicks,0,,,,,,,,Head S.FOUL (P2.T4),8:56 PM
283,1,9,307,0020700513,,,2:56,3,3,0,0,1610612745,,,,,,0,,,,,,0,,,,,,,,Rockets Timeout: Regular (Reg.3 Short 1),8:56 PM
284,0,8,309,0020700513,SUB: Robinson FOR Marbury,,2:56,3,4,4,0,950,Stephon Marbury,NYK,New York,1610612752.0,Knicks,101126,Nate Robinson,NYK,New York,1610612752.0,Knicks,0,,,,,,,,,8:58 PM
285,11,3,311,0020700513,Curry Free Throw 1 of 2 (5 PTS),,2:56,3,4,0,0,2201,Eddy Curry,NYK,New York,1610612752.0,Knicks,0,,,,,,0,,,,,,69 - 68,-1,,8:59 PM
286,12,3,312,0020700513,MISS Curry Free Throw 2 of 2,,2:56,3,4,0,0,2201,Eddy Curry,NYK,New York,1610612752.0,Knicks,0,,,,,,0,,,,,,,,,8:59 PM
287,0,4,313,0020700513,,,2:55,3,3,0,0,1610612745,,,,,,0,,,,,,0,,,,,,,,Rockets Rebound,8:59 PM
288,8,5,314,0020700513,,,2:42,3,5,0,1,2397,Yao Ming,HOU,Houston,1610612745.0,Rockets,0,,,,,,0,,,,,,,,Yao 3 Second Violation Turnover (P1.T9),8:59 PM
289,1,2,315,0020700513,MISS Crawford 19' Jump Shot,,2:33,3,4,0,0,2037,Jamal Crawford,NYK,New York,1610612752.0,Knicks,0,,,,,,0,,,,,,,,,9:00 PM
290,0,4,316,0020700513,,,2:31,3,5,0,0,2397,Yao Ming,HOU,Houston,1610612745.0,Rockets,0,,,,,,0,,,,,,,,Yao REBOUND (Off:2 Def:7),9:00 PM
291,2,5,317,0020700513,Richardson STEAL (1 STL),,2:29,3,5,4,0,2397,Yao Ming,HOU,Houston,1610612745.0,Rockets,2047,Quentin Richardson,NYK,New York,1610612752.0,Knicks,0,,,,,,,,Yao Lost Ball Turnover (P2.T10),9:00 PM
292,1,1,318,0020700513,Robinson 25' 3PT Jump Shot (15 PTS) (Richardson 1 AST),,2:24,3,4,4,0,101126,Nate Robinson,NYK,New York,1610612752.0,Knicks,2047,Quentin Richardson,NYK,New York,1610612752.0,Knicks,0,,,,,,69 - 71,2,,9:00 PM
293,2,9,319,0020700513,,,2:02,3,3,0,0,1610612745,,,,,,0,,,,,,0,,,,,,,,Rockets Timeout: Short (Reg.3 Short 2),9:00 PM
294,1,2,322,0020700513,,,1:59,3,5,0,0,2397,Yao Ming,HOU,Houston,1610612745.0,Rockets,0,,,,,,0,,,,,,,,MISS Yao 15' Jump Shot,9:01 PM
295,0,4,323,0020700513,Curry REBOUND (Off:2 Def:1),,1:57,3,4,0,0,2201,Eddy Curry,NYK,New York,1610612752.0,Knicks,0,,,,,,0,,,,,,,,,9:01 PM
296,2,5,324,0020700513,Curry Lost Ball Turnover (P3.T10),,1:56,3,4,5,0,2201,Eddy Curry,NYK,New York,1610612752.0,Knicks,2203,Shane Battier,HOU,Houston,1610612745.0,Rockets,0,,,,,,,,Battier STEAL (2 STL),9:01 PM
297,5,2,325,0020700513,Curry BLOCK (1 BLK),,1:53,3,5,0,4,2449,Luis Scola,HOU,Houston,1610612745.0,Rockets,0,,,,,,2201,Eddy Curry,NYK,New York,1610612752.0,Knicks,,,MISS Scola  Layup,9:01 PM
298,0,4,326,0020700513,,,1:51,3,5,0,0,2203,Shane Battier,HOU,Houston,1610612745.0,Rockets,0,,,,,,0,,,,,,,,Battier REBOUND (Off:2 Def:0),9:01 PM
299,1,2,327,0020700513,,,1:48,3,5,0,0,1747,Rafer Alston,HOU,Houston,1610612745.0,Rockets,0,,,,,,0,,,,,,,,MISS Alston 26' 3PT Jump Shot,9:01 PM
300,0,4,328,0020700513,Rose REBOUND (Off:0 Def:1),,1:46,3,4,0,0,990,Malik Rose,NYK,New York,1610612752.0,Knicks,0,,,,,,0,,,,,,,,,9:01 PM
301,8,1,329,0020700513,Curry  Slam Dunk (7 PTS) (Rose 1 AST),,1:24,3,4,4,0,2201,Eddy Curry,NYK,New York,1610612752.0,Knicks,990,Malik Rose,NYK,New York,1610612752.0,Knicks,0,,,,,,69 - 73,4,,9:02 PM
302,5,1,330,0020700513,,,1:05,3,5,0,0,2449,Luis Scola,HOU,Houston,1610612745.0,Rockets,0,,,,,,0,,,,,,71 - 73,2,Scola  Layup (10 PTS),9:02 PM
303,1,2,331,0020700513,MISS Robinson 19' Jump Shot,,0:51,3,4,0,0,101126,Nate Robinson,NYK,New York,1610612752.0,Knicks,0,,,,,,0,,,,,,,,,9:02 PM
304,0,4,332,0020700513,,,0:50,3,5,0,0,2203,Shane Battier,HOU,Houston,1610612745.0,Rockets,0,,,,,,0,,,,,,,,Battier REBOUND (Off:2 Def:1),9:02 PM
305,1,1,333,0020700513,,,0:34,3,5,5,0,101129,Luther Head,HOU,Houston,1610612745.0,Rockets,2203,Shane Battier,HOU,Houston,1610612745.0,Rockets,0,,,,,,73 - 73,TIE,Head 19' Jump Shot (9 PTS) (Battier 4 AST),9:03 PM
306,2,6,334,0020700513,,,0:28,3,5,4,1,1747,Rafer Alston,HOU,Houston,1610612745.0,Rockets,101126,Nate Robinson,NYK,New York,1610612752.0,Knicks,0,,,,,,,,Alston S.FOUL (P2.PN),9:03 PM
307,11,3,335,0020700513,MISS Robinson Free Throw 1 of 2,,0:28,3,4,0,0,101126,Nate Robinson,NYK,New York,1610612752.0,Knicks,0,,,,,,0,,,,,,,,,9:03 PM
308,1,4,336,0020700513,KNICKS Rebound,,0:28,3,2,0,0,1610612752,,,,,,0,,,,,,0,,,,,,,,,9:03 PM
309,0,8,337,0020700513,SUB: Jeffries FOR Curry,,0:28,3,4,4,0,2201,Eddy Curry,NYK,New York,1610612752.0,Knicks,2407,Jared Jeffries,NYK,New York,1610612752.0,Knicks,0,,,,,,,,,9:04 PM
310,12,3,338,0020700513,Robinson Free Throw 2 of 2 (16 PTS),,0:28,3,4,0,0,101126,Nate Robinson,NYK,New York,1610612752.0,Knicks,0,,,,,,0,,,,,,73 - 74,1,,9:04 PM
311,1,6,339,0020700513,Rose P.FOUL (P2.T4),,0:18,3,4,5,1,990,Malik Rose,NYK,New York,1610612752.0,Knicks,2397,Yao Ming,HOU,Houston,1610612745.0,Rockets,0,,,,,,,,,9:04 PM
312,1,2,340,0020700513,,,0:09,3,5,0,0,2203,Shane Battier,HOU,Houston,1610612745.0,Rockets,0,,,,,,0,,,,,,,,MISS Battier 26' 3PT Jump Shot,9:04 PM
313,0,4,341,0020700513,,,0:09,3,3,0,0,1610612745,,,,,,0,,,,,,0,,,,,,,,Rockets Rebound,9:05 PM
314,3,6,342,0020700513,Rose L.B.FOUL (P3.PN),,0:09,3,4,5,1,990,Malik Rose,NYK,New York,1610612752.0,Knicks,2397,Yao Ming,HOU,Houston,1610612745.0,Rockets,0,,,,,,,,,9:05 PM
315,11,3,343,0020700513,,,0:09,3,5,0,0,2397,Yao Ming,HOU,Houston,1610612745.0,Rockets,0,,,,,,0,,,,,,74 - 74,TIE,Yao Free Throw 1 of 2 (30 PTS),9:05 PM
316,0,8,344,0020700513,SUB: Marbury FOR Jeffries,,0:09,3,4,4,0,2407,Jared Jeffries,NYK,New York,1610612752.0,Knicks,950,Stephon Marbury,NYK,New York,1610612752.0,Knicks,0,,,,,,,,,9:05 PM
317,12,3,345,0020700513,,,0:09,3,5,0,0,2397,Yao Ming,HOU,Houston,1610612745.0,Rockets,0,,,,,,0,,,,,,75 - 74,-1,Yao Free Throw 2 of 2 (31 PTS),9:05 PM
318,0,18,346,0020700513,,,0:00,3,0,0,1,0,,,,,,0,,,,,,0,,,,,,75 - 74,-1,,9:06 PM
319,0,13,347,0020700513,,,0:00,3,0,0,0,0,,,,,,0,,,,,,0,,,,,,75 - 74,-1,,9:06 PM
320,0,12,349,0020700513,,,12:00,4,0,0,0,0,,,,,,0,,,,,,0,,,,,,75 - 74,-1,,9:08 PM
321,1,5,350,0020700513,Robinson Bad Pass Turnover (P1.T11),,11:44,4,4,5,0,101126,Nate Robinson,NYK,New York,1610612752.0,Knicks,1719,Bonzi Wells,HOU,Houston,1610612745.0,Rockets,0,,,,,,,,Wells STEAL (2 STL),9:09 PM
322,1,6,351,0020700513,Randolph P.FOUL (P3.T1),,11:34,4,4,5,1,2216,Zach Randolph,NYK,New York,1610612752.0,Knicks,2449,Luis Scola,HOU,Houston,1610612745.0,Rockets,0,,,,,,,,,9:09 PM
323,42,1,352,0020700513,,,11:21,4,5,0,0,1747,Rafer Alston,HOU,Houston,1610612745.0,Rockets,0,,,,,,0,,,,,,77 - 74,-3,Alston  Driving Layup (15 PTS),9:09 PM
324,11,6,353,0020700513,,,11:19,4,6,0,1,2099,,,,,,0,,,,,,0,,,,,,,,,9:09 PM
325,4,11,354,0020700513,,,11:19,4,6,0,1,2099,,,,,,0,,,,,,0,,,,,,,,,9:10 PM
326,16,3,355,0020700513,,,11:19,4,5,0,0,2397,Yao Ming,HOU,Houston,1610612745.0,Rockets,0,,,,,,0,,,,,,78 - 74,-4,Yao Free Throw Technical (32 PTS),9:10 PM
327,1,2,357,0020700513,MISS Rose 10' Jump Shot,,11:00,4,4,0,0,990,Malik Rose,NYK,New York,1610612752.0,Knicks,0,,,,,,0,,,,,,,,,9:10 PM
328,0,4,358,0020700513,Rose REBOUND (Off:1 Def:1),,10:58,4,4,0,0,990,Malik Rose,NYK,New York,1610612752.0,Knicks,0,,,,,,0,,,,,,,,,9:10 PM
329,5,2,359,0020700513,MISS Rose  Layup,,10:56,4,4,0,0,990,Malik Rose,NYK,New York,1610612752.0,Knicks,0,,,,,,0,,,,,,,,,9:10 PM
330,0,4,360,0020700513,Robinson REBOUND (Off:1 Def:3),,10:55,4,4,0,0,101126,Nate Robinson,NYK,New York,1610612752.0,Knicks,0,,,,,,0,,,,,,,,,9:10 PM
331,5,2,361,0020700513,MISS Robinson  Layup,,10:52,4,4,0,0,101126,Nate Robinson,NYK,New York,1610612752.0,Knicks,0,,,,,,0,,,,,,,,,9:10 PM
332,0,4,362,0020700513,,,10:51,4,5,0,0,2397,Yao Ming,HOU,Houston,1610612745.0,Rockets,0,,,,,,0,,,,,,,,Yao REBOUND (Off:2 Def:8),9:10 PM
333,1,2,363,0020700513,,,10:28,4,5,0,0,101129,Luther Head,HOU,Houston,1610612745.0,Rockets,0,,,,,,0,,,,,,,,MISS Head 11' Jump Shot,9:11 PM
334,0,4,364,0020700513,Rose REBOUND (Off:1 Def:2),,10:26,4,4,0,0,990,Malik Rose,NYK,New York,1610612752.0,Knicks,0,,,,,,0,,,,,,,,,9:11 PM
335,5,2,365,0020700513,MISS Robinson  Layup,,10:21,4,4,0,0,101126,Nate Robinson,NYK,New York,1610612752.0,Knicks,0,,,,,,0,,,,,,,,,9:11 PM
336,0,4,366,0020700513,,,10:20,4,5,0,0,1719,Bonzi Wells,HOU,Houston,1610612745.0,Rockets,0,,,,,,0,,,,,,,,Wells REBOUND (Off:0 Def:1),9:11 PM
337,5,2,367,0020700513,,,10:11,4,5,0,0,2449,Luis Scola,HOU,Houston,1610612745.0,Rockets,0,,,,,,0,,,,,,,,MISS Scola  Layup,9:11 PM
338,0,4,368,0020700513,Rose REBOUND (Off:1 Def:3),,10:10,4,4,0,0,990,Malik Rose,NYK,New York,1610612752.0,Knicks,0,,,,,,0,,,,,,,,,9:11 PM
339,1,2,369,0020700513,MISS Randolph 15' Jump Shot,,9:57,4,4,0,0,2216,Zach Randolph,NYK,New York,1610612752.0,Knicks,0,,,,,,0,,,,,,,,,9:11 PM
340,0,4,370,0020700513,,,9:55,4,5,0,0,1747,Rafer Alston,HOU,Houston,1610612745.0,Rockets,0,,,,,,0,,,,,,,,Alston REBOUND (Off:0 Def:4),9:11 PM
341,42,1,371,0020700513,,,9:37,4,5,0,0,2449,Luis Scola,HOU,Houston,1610612745.0,Rockets,0,,,,,,0,,,,,,80 - 74,-6,Scola  Driving Layup (12 PTS),9:12 PM
342,1,9,372,0020700513,,,9:17,4,3,0,0,1610612745,,,,,,0,,,,,,0,,,,,,,,Rockets Timeout: Regular (Reg.4 Short 2),9:12 PM
343,0,8,374,0020700513,,,9:17,4,5,5,0,2397,Yao Ming,HOU,Houston,1610612745.0,Rockets,101236,Charles Hayes,HOU,Houston,1610612745.0,Rockets,0,,,,,,,,SUB: Hayes FOR Yao,9:14 PM
344,11,5,376,0020700513,KNICKS Turnover: Shot Clock (T#12),,9:10,4,2,0,1,1610612752,,,,,,0,,,,,,0,,,,,,,,,9:15 PM
345,1,2,377,0020700513,,,8:50,4,5,0,0,1719,Bonzi Wells,HOU,Houston,1610612745.0,Rockets,0,,,,,,0,,,,,,,,MISS Wells 24' 3PT Jump Shot,9:15 PM
346,0,4,378,0020700513,Randolph REBOUND (Off:1 Def:9),,8:49,4,4,0,0,2216,Zach Randolph,NYK,New York,1610612752.0,Knicks,0,,,,,,0,,,,,,,,,9:15 PM
347,1,5,379,0020700513,Randolph Bad Pass Turnover (P2.T13),,8:34,4,4,5,0,2216,Zach Randolph,NYK,New York,1610612752.0,Knicks,2449,Luis Scola,HOU,Houston,1610612745.0,Rockets,0,,,,,,,,Scola STEAL (2 STL),9:15 PM
348,5,2,380,0020700513,,,8:22,4,5,0,0,2449,Luis Scola,HOU,Houston,1610612745.0,Rockets,0,,,,,,0,,,,,,,,MISS Scola  Layup,9:16 PM
349,0,4,381,0020700513,Randolph REBOUND (Off:1 Def:10),,8:21,4,4,0,0,2216,Zach Randolph,NYK,New York,1610612752.0,Knicks,0,,,,,,0,,,,,,,,,9:16 PM
350,1,6,384,0020700513,,,8:09,4,5,4,1,2449,Luis Scola,HOU,Houston,1610612745.0,Rockets,950,Stephon Marbury,NYK,New York,1610612752.0,Knicks,0,,,,,,,,Scola P.FOUL (P2.T1),9:16 PM
351,0,8,385,0020700513,SUB: Crawford FOR Robinson,,8:09,4,4,4,0,101126,Nate Robinson,NYK,New York,1610612752.0,Knicks,2037,Jamal Crawford,NYK,New York,1610612752.0,Knicks,0,,,,,,,,,9:16 PM
352,0,8,386,0020700513,SUB: Lee FOR Rose,,8:09,4,4,4,0,990,Malik Rose,NYK,New York,1610612752.0,Knicks,101135,David Lee,NYK,New York,1610612752.0,Knicks,0,,,,,,,,,9:16 PM
353,78,1,387,0020700513,Crawford 7' Floating Jump Shot (13 PTS) (Marbury 5 AST),,8:03,4,4,4,0,2037,Jamal Crawford,NYK,New York,1610612752.0,Knicks,950,Stephon Marbury,NYK,New York,1610612752.0,Knicks,0,,,,,,80 - 76,-4,,9:16 PM
354,1,6,388,0020700513,Randolph P.FOUL (P4.T2),,7:47,4,4,5,1,2216,Zach Randolph,NYK,New York,1610612752.0,Knicks,2449,Luis Scola,HOU,Houston,1610612745.0,Rockets,0,,,,,,,,,9:17 PM
355,0,8,389,0020700513,,,7:47,4,5,5,0,101129,Luther Head,HOU,Houston,1610612745.0,Rockets,2203,Shane Battier,HOU,Houston,1610612745.0,Rockets,0,,,,,,,,SUB: Battier FOR Head,9:17 PM
356,1,1,390,0020700513,,,7:34,4,5,5,0,1747,Rafer Alston,HOU,Houston,1610612745.0,Rockets,2449,Luis Scola,HOU,Houston,1610612745.0,Rockets,0,,,,,,83 - 76,-7,Alston 25' 3PT Jump Shot (18 PTS) (Scola 2 AST),9:17 PM
357,37,5,392,0020700513,Richardson Offensive Foul Turnover (P1.T14),,7:24,4,4,0,1,2047,Quentin Richardson,NYK,New York,1610612752.0,Knicks,0,,,,,,0,,,,,,,,,9:18 PM
358,4,6,396,0020700513,Richardson OFF.Foul (P1),,7:24,4,4,5,1,2047,Quentin Richardson,NYK,New York,1610612752.0,Knicks,2203,Shane Battier,HOU,Houston,1610612745.0,Rockets,0,,,,,,,,,9:18 PM
359,1,1,393,0020700513,,,7:14,4,5,5,0,2449,Luis Scola,HOU,Houston,1610612745.0,Rockets,2203,Shane Battier,HOU,Houston,1610612745.0,Rockets,0,,,,,,85 - 76,-9,Scola 20' Jump Shot (14 PTS) (Battier 5 AST),9:18 PM
360,1,9,394,0020700513,KNICKS Timeout: Regular (Full 4 Short 1),,7:12,4,2,0,0,1610612752,,,,,,0,,,,,,0,,,,,,,,,9:18 PM
361,1,5,400,0020700513,Marbury Bad Pass Turnover (P3.T15),,6:57,4,4,5,0,950,Stephon Marbury,NYK,New York,1610612752.0,Knicks,101236,Charles Hayes,HOU,Houston,1610612745.0,Rockets,0,,,,,,,,Hayes STEAL (2 STL),9:20 PM
362,1,1,401,0020700513,,,6:44,4,5,5,0,1747,Rafer Alston,HOU,Houston,1610612745.0,Rockets,101236,Charles Hayes,HOU,Houston,1610612745.0,Rockets,0,,,,,,87 - 76,-11,Alston 20' Jump Shot (20 PTS) (Hayes 1 AST),9:21 PM
363,2,6,402,0020700513,,,6:33,4,5,4,1,2449,Luis Scola,HOU,Houston,1610612745.0,Rockets,950,Stephon Marbury,NYK,New York,1610612752.0,Knicks,0,,,,,,,,Scola S.FOUL (P3.T2),9:21 PM
364,0,8,403,0020700513,SUB: Curry FOR Randolph,,6:33,4,4,4,0,2216,Zach Randolph,NYK,New York,1610612752.0,Knicks,2201,Eddy Curry,NYK,New York,1610612752.0,Knicks,0,,,,,,,,,9:21 PM
365,11,3,404,0020700513,MISS Marbury Free Throw 1 of 2,,6:33,4,4,0,0,950,Stephon Marbury,NYK,New York,1610612752.0,Knicks,0,,,,,,0,,,,,,,,,9:21 PM
366,1,4,405,0020700513,KNICKS Rebound,,6:33,4,2,0,0,1610612752,,,,,,0,,,,,,0,,,,,,,,,9:21 PM
367,0,8,406,0020700513,,,6:33,4,5,5,0,101236,Charles Hayes,HOU,Houston,1610612745.0,Rockets,2397,Yao Ming,HOU,Houston,1610612745.0,Rockets,0,,,,,,,,SUB: Yao FOR Hayes,9:21 PM
368,12,3,407,0020700513,Marbury Free Throw 2 of 2 (15 PTS),,6:33,4,4,0,0,950,Stephon Marbury,NYK,New York,1610612752.0,Knicks,0,,,,,,0,,,,,,87 - 77,-10,,9:21 PM
369,1,5,408,0020700513,,,6:24,4,5,0,0,1747,Rafer Alston,HOU,Houston,1610612745.0,Rockets,0,,,,,,0,,,,,,,,Alston Bad Pass Turnover (P5.T11),9:22 PM
370,1,2,409,0020700513,MISS Richardson 25' 3PT Jump Shot,,6:02,4,4,0,0,2047,Quentin Richardson,NYK,New York,1610612752.0,Knicks,0,,,,,,0,,,,,,,,,9:22 PM
371,0,4,410,0020700513,Marbury REBOUND (Off:2 Def:2),,6:00,4,4,0,0,950,Stephon Marbury,NYK,New York,1610612752.0,Knicks,0,,,,,,0,,,,,,,,,9:22 PM
372,5,2,411,0020700513,MISS Marbury  Layup,,5:55,4,4,0,0,950,Stephon Marbury,NYK,New York,1610612752.0,Knicks,0,,,,,,0,,,,,,,,,9:22 PM
373,0,4,412,0020700513,Marbury REBOUND (Off:3 Def:2),,5:54,4,4,0,0,950,Stephon Marbury,NYK,New York,1610612752.0,Knicks,0,,,,,,0,,,,,,,,,9:22 PM
374,1,1,413,0020700513,Crawford 25' 3PT Jump Shot (16 PTS) (Richardson 2 AST),,5:51,4,4,4,0,2037,Jamal Crawford,NYK,New York,1610612752.0,Knicks,2047,Quentin Richardson,NYK,New York,1610612752.0,Knicks,0,,,,,,87 - 80,-7,,9:22 PM
375,1,2,414,0020700513,,,5:32,4,5,0,0,2449,Luis Scola,HOU,Houston,1610612745.0,Rockets,0,,,,,,0,,,,,,,,MISS Scola 16' Jump Shot,9:23 PM
376,0,4,416,0020700513,,,5:30,4,5,0,0,2203,Shane Battier,HOU,Houston,1610612745.0,Rockets,0,,,,,,0,,,,,,,,Battier REBOUND (Off:3 Def:1),9:23 PM
377,5,1,415,0020700513,,,5:30,4,5,0,0,2203,Shane Battier,HOU,Houston,1610612745.0,Rockets,0,,,,,,0,,,,,,89 - 80,-9,Battier  Layup (6 PTS),9:23 PM
378,1,1,417,0020700513,Crawford 25' 3PT Jump Shot (19 PTS),,5:13,4,4,0,0,2037,Jamal Crawford,NYK,New York,1610612752.0,Knicks,0,,,,,,0,,,,,,89 - 83,-6,,9:23 PM
379,2,6,418,0020700513,Lee S.FOUL (P3.T3),,4:57,4,4,5,1,101135,David Lee,NYK,New York,1610612752.0,Knicks,2449,Luis Scola,HOU,Houston,1610612745.0,Rockets,0,,,,,,,,,9:23 PM
380,0,8,419,0020700513,,,4:57,4,5,5,0,1719,Bonzi Wells,HOU,Houston,1610612745.0,Rockets,101129,Luther Head,HOU,Houston,1610612745.0,Rockets,0,,,,,,,,SUB: Head FOR Wells,9:24 PM
381,11,3,420,0020700513,,,4:57,4,5,0,0,2449,Luis Scola,HOU,Houston,1610612745.0,Rockets,0,,,,,,0,,,,,,90 - 83,-7,Scola Free Throw 1 of 2 (15 PTS),9:24 PM
382,12,3,421,0020700513,,,4:57,4,5,0,0,2449,Luis Scola,HOU,Houston,1610612745.0,Rockets,0,,,,,,0,,,,,,,,MISS Scola Free Throw 2 of 2,9:24 PM
383,0,4,422,0020700513,Richardson REBOUND (Off:1 Def:2),,4:56,4,4,0,0,2047,Quentin Richardson,NYK,New York,1610612752.0,Knicks,0,,,,,,0,,,,,,,,,9:24 PM
384,1,2,423,0020700513,MISS Marbury 26' 3PT Jump Shot,,4:38,4,4,0,0,950,Stephon Marbury,NYK,New York,1610612752.0,Knicks,0,,,,,,0,,,,,,,,,9:24 PM
385,0,4,424,0020700513,Lee REBOUND (Off:3 Def:2),,4:37,4,4,0,0,101135,David Lee,NYK,New York,1610612752.0,Knicks,0,,,,,,0,,,,,,,,,9:24 PM
386,42,1,425,0020700513,Crawford  Driving Layup (21 PTS),,4:29,4,4,0,0,2037,Jamal Crawford,NYK,New York,1610612752.0,Knicks,0,,,,,,0,,,,,,90 - 85,-5,,9:24 PM
387,1,1,426,0020700513,,,4:18,4,5,5,0,101129,Luther Head,HOU,Houston,1610612745.0,Rockets,1747,Rafer Alston,HOU,Houston,1610612745.0,Rockets,0,,,,,,93 - 85,-8,Head 24' 3PT Jump Shot (12 PTS) (Alston 7 AST),9:25 PM
388,5,2,427,0020700513,MISS Crawford  Layup,,4:02,4,4,0,5,2037,Jamal Crawford,NYK,New York,1610612752.0,Knicks,0,,,,,,2397,Yao Ming,HOU,Houston,1610612745.0,Rockets,,,Yao BLOCK (2 BLK),9:25 PM
389,0,4,428,0020700513,Curry REBOUND (Off:3 Def:1),,4:00,4,4,0,0,2201,Eddy Curry,NYK,New York,1610612752.0,Knicks,0,,,,,,0,,,,,,,,,9:25 PM
390,72,1,429,0020700513,Curry  Putback Layup (9 PTS),,3:59,4,4,0,0,2201,Eddy Curry,NYK,New York,1610612752.0,Knicks,0,,,,,,0,,,,,,93 - 87,-6,,9:25 PM
391,1,2,430,0020700513,,,3:40,4,5,0,0,2397,Yao Ming,HOU,Houston,1610612745.0,Rockets,0,,,,,,0,,,,,,,,MISS Yao 7' Jump Shot,9:25 PM
392,0,4,431,0020700513,Lee REBOUND (Off:3 Def:3),,3:38,4,4,0,0,101135,David Lee,NYK,New York,1610612752.0,Knicks,0,,,,,,0,,,,,,,,,9:25 PM
393,1,2,432,0020700513,MISS Marbury 25' 3PT Jump Shot,,3:27,4,4,0,0,950,Stephon Marbury,NYK,New York,1610612752.0,Knicks,0,,,,,,0,,,,,,,,,9:26 PM
394,0,4,433,0020700513,,,3:26,4,5,0,0,1747,Rafer Alston,HOU,Houston,1610612745.0,Rockets,0,,,,,,0,,,,,,,,Alston REBOUND (Off:0 Def:5),9:26 PM
395,1,6,434,0020700513,Marbury P.FOUL (P2.T4),,3:12,4,4,5,1,950,Stephon Marbury,NYK,New York,1610612752.0,Knicks,2397,Yao Ming,HOU,Houston,1610612745.0,Rockets,0,,,,,,,,,9:26 PM
396,0,8,435,0020700513,SUB: Robinson FOR Richardson,,3:12,4,4,4,0,2047,Quentin Richardson,NYK,New York,1610612752.0,Knicks,101126,Nate Robinson,NYK,New York,1610612752.0,Knicks,0,,,,,,,,,9:26 PM
397,2,6,436,0020700513,Lee S.FOUL (P4.PN),,3:11,4,4,5,1,101135,David Lee,NYK,New York,1610612752.0,Knicks,2397,Yao Ming,HOU,Houston,1610612745.0,Rockets,0,,,,,,,,,9:26 PM
398,11,3,437,0020700513,,,3:11,4,5,0,0,2397,Yao Ming,HOU,Houston,1610612745.0,Rockets,0,,,,,,0,,,,,,94 - 87,-7,Yao Free Throw 1 of 2 (33 PTS),9:26 PM
399,12,3,438,0020700513,,,3:11,4,5,0,0,2397,Yao Ming,HOU,Houston,1610612745.0,Rockets,0,,,,,,0,,,,,,95 - 87,-8,Yao Free Throw 2 of 2 (34 PTS),9:27 PM
400,2,6,439,0020700513,,,2:52,4,5,4,1,2449,Luis Scola,HOU,Houston,1610612745.0,Rockets,2201,Eddy Curry,NYK,New York,1610612752.0,Knicks,0,,,,,,,,Scola S.FOUL (P4.T3),9:27 PM
401,4,9,440,0020700513,,,2:52,4,1,0,0,0,,,,,,0,,,,,,0,,,,,,,,,9:27 PM
402,11,3,444,0020700513,Curry Free Throw 1 of 2 (10 PTS),,2:52,4,4,0,0,2201,Eddy Curry,NYK,New York,1610612752.0,Knicks,0,,,,,,0,,,,,,95 - 88,-7,,9:30 PM
403,12,3,445,0020700513,MISS Curry Free Throw 2 of 2,,2:52,4,4,0,0,2201,Eddy Curry,NYK,New York,1610612752.0,Knicks,0,,,,,,0,,,,,,,,,9:30 PM
404,0,4,446,0020700513,,,2:50,4,5,0,0,2397,Yao Ming,HOU,Houston,1610612745.0,Rockets,0,,,,,,0,,,,,,,,Yao REBOUND (Off:2 Def:9),9:30 PM
405,5,2,447,0020700513,,,2:40,4,5,0,0,1747,Rafer Alston,HOU,Houston,1610612745.0,Rockets,0,,,,,,0,,,,,,,,MISS Alston  Layup,9:30 PM
406,0,4,448,0020700513,Lee REBOUND (Off:3 Def:4),,2:40,4,4,0,0,101135,David Lee,NYK,New York,1610612752.0,Knicks,0,,,,,,0,,,,,,,,,9:30 PM
407,1,2,449,0020700513,MISS Crawford 16' Jump Shot,,2:34,4,4,0,0,2037,Jamal Crawford,NYK,New York,1610612752.0,Knicks,0,,,,,,0,,,,,,,,,9:30 PM
408,0,4,450,0020700513,,,2:33,4,5,0,0,1747,Rafer Alston,HOU,Houston,1610612745.0,Rockets,0,,,,,,0,,,,,,,,Alston REBOUND (Off:0 Def:6),9:30 PM
409,1,1,451,0020700513,,,2:12,4,5,0,0,2397,Yao Ming,HOU,Houston,1610612745.0,Rockets,0,,,,,,0,,,,,,97 - 88,-9,Yao 11' Jump Shot (36 PTS),9:31 PM
410,5,2,452,0020700513,MISS Lee  Layup,,2:00,4,4,0,0,101135,David Lee,NYK,New York,1610612752.0,Knicks,0,,,,,,0,,,,,,,,,9:31 PM
411,0,4,453,0020700513,,,1:58,4,5,0,0,2203,Shane Battier,HOU,Houston,1610612745.0,Rockets,0,,,,,,0,,,,,,,,Battier REBOUND (Off:3 Def:2),9:31 PM
412,1,1,454,0020700513,,,1:38,4,5,5,0,2449,Luis Scola,HOU,Houston,1610612745.0,Rockets,1747,Rafer Alston,HOU,Houston,1610612745.0,Rockets,0,,,,,,99 - 88,-11,Scola 19' Jump Shot (17 PTS) (Alston 8 AST),9:31 PM
413,1,9,455,0020700513,KNICKS Timeout: Regular (Full 5 Short 1),,1:38,4,2,0,0,1610612752,,,,,,0,,,,,,0,,,,,,,,,9:31 PM
414,8,1,459,0020700513,Curry  Slam Dunk (12 PTS) (Marbury 6 AST),,1:34,4,4,4,0,2201,Eddy Curry,NYK,New York,1610612752.0,Knicks,950,Stephon Marbury,NYK,New York,1610612752.0,Knicks,0,,,,,,99 - 90,-9,,9:33 PM
415,1,2,460,0020700513,,,1:15,4,5,0,0,2397,Yao Ming,HOU,Houston,1610612745.0,Rockets,0,,,,,,0,,,,,,,,MISS Yao 13' Jump Shot,9:34 PM
416,0,4,461,0020700513,,,1:13,4,3,0,0,1610612745,,,,,,0,,,,,,0,,,,,,,,Rockets Rebound,9:34 PM
417,5,2,462,0020700513,,,0:52,4,5,0,0,101129,Luther Head,HOU,Houston,1610612745.0,Rockets,0,,,,,,0,,,,,,,,MISS Head  Layup,9:34 PM
418,0,4,464,0020700513,,,0:51,4,5,0,0,2449,Luis Scola,HOU,Houston,1610612745.0,Rockets,0,,,,,,0,,,,,,,,Scola REBOUND (Off:1 Def:2),9:34 PM
419,4,1,463,0020700513,,,0:51,4,5,0,0,2449,Luis Scola,HOU,Houston,1610612745.0,Rockets,0,,,,,,0,,,,,,101 - 90,-11,Scola  Tip Shot (19 PTS),9:34 PM
420,40,5,465,0020700513,Lee Out of Bounds Lost Ball Turnover (P3.T16),,0:34,4,4,0,0,101135,David Lee,NYK,New York,1610612752.0,Knicks,0,,,,,,0,,,,,,,,,9:35 PM
421,1,2,466,0020700513,,,0:15,4,5,0,0,2449,Luis Scola,HOU,Houston,1610612745.0,Rockets,0,,,,,,0,,,,,,,,MISS Scola 16' Jump Shot,9:35 PM
422,0,4,467,0020700513,KNICKS Rebound,,0:14,4,2,0,0,1610612752,,,,,,0,,,,,,0,,,,,,,,,9:35 PM
423,42,1,468,0020700513,Curry  Driving Layup (14 PTS),,0:09,4,4,0,0,2201,Eddy Curry,NYK,New York,1610612752.0,Knicks,0,,,,,,0,,,,,,101 - 92,-9,,9:35 PM
424,0,13,469,0020700513,,,0:00,4,0,0,0,0,,,,,,0,,,,,,0,,,,,,101 - 92,-9,,9:36 PM
