,EVENTMSGACTIONTYPE,EVENTMSGTYPE,EVENTNUM,GAME_ID,HOMEDESCRIPTION,NEUTRALDESCRIPTION,PCTIMESTRING,PERIOD,PERSON1TYPE,PERSON2TYPE,PERSON3TYPE,PLAYER1_ID,PLAYER1_NAME,PLAYER1_TEAM_ABBREVIATION,PLAYER1_TEAM_CITY,PLAYER1_TEAM_ID,PLAYER1_TEAM_NICKNAME,PLAYER2_ID,PLAYER2_NAME,PLAYER2_TEAM_ABBREVIATION,PLAYER2_TEAM_CITY,PLAYER2_TEAM_ID,PLAYER2_TEAM_NICKNAME,PLAYER3_ID,PLAYER3_NAME,PLAYER3_TEAM_ABBREVIATION,PLAYER3_TEAM_CITY,PLAYER3_TEAM_ID,PLAYER3_TEAM_NICKNAME,SCORE,SCOREMARGIN,VISITORDESCRIPTION,WCTIMESTRING
0,0,12,0,0029900652,,,12:00,1,0,0,0,0,,,,,,0,,,,,,0,,,,,,,,,11:11 AM
1,0,10,1,0029900652,Jump Ball Potapenko vs. Van Horn: Tip to Cheaney,,12:00,1,4,5,4,958,Vitaly Potapenko,BOS,Boston,1610612738.0,Celtics,1496,Keith Van Horn,NJN,New Jersey,1610612751.0,Nets,384,Calbert Cheaney,BOS,Boston,1610612738.0,Celtics,,,,11:11 AM
2,1,1,2,0029900652,Cheaney 14' Jump Shot (2 PTS) (Walker 1 AST),,11:45,1,4,4,0,384,Calbert Cheaney,BOS,Boston,1610612738.0,Celtics,952,Antoine Walker,BOS,Boston,1610612738.0,Celtics,0,,,,,,0 - 2,2,,11:12 AM
3,3,2,3,0029900652,,,11:24,1,5,0,0,1496,Keith Van Horn,NJN,New Jersey,1610612751.0,Nets,0,,,,,,0,,,,,,,,MISS Van Horn 4' Hook Shot,11:12 AM
4,0,4,4,0029900652,Cheaney REBOUND (Off:0 Def:1),,11:22,1,4,0,0,384,Calbert Cheaney,BOS,Boston,1610612738.0,Celtics,0,,,,,,0,,,,,,,,,11:12 AM
5,1,5,5,0029900652,Pierce Bad Pass Turnover (P1.T1),,11:10,1,4,5,0,1718,Paul Pierce,BOS,Boston,1610612738.0,Celtics,950,Stephon Marbury,NJN,New Jersey,1610612751.0,Nets,0,,,,,,,,Marbury STEAL (1 STL),11:12 AM
6,5,1,6,0029900652,,,11:06,1,5,5,0,1496,Keith Van Horn,NJN,New Jersey,1610612751.0,Nets,950,Stephon Marbury,NJN,New Jersey,1610612751.0,Nets,0,,,,,,2 - 2,TIE,Van Horn 2' Layup (2 PTS) (Marbury 1 AST),11:13 AM
7,1,1,7,0029900652,Potapenko 16' Jump Shot (2 PTS) (Cheaney 1 AST),,10:52,1,4,4,0,958,Vitaly Potapenko,BOS,Boston,1610612738.0,Celtics,384,Calbert Cheaney,BOS,Boston,1610612738.0,Celtics,0,,,,,,2 - 4,2,,11:13 AM
8,1,2,8,0029900652,,,10:38,1,5,0,0,1496,Keith Van Horn,NJN,New Jersey,1610612751.0,Nets,0,,,,,,0,,,,,,,,MISS Van Horn 25' 3PT Jump Shot,11:13 AM
9,0,4,9,0029900652,Potapenko REBOUND (Off:0 Def:1),,10:35,1,4,0,0,958,Vitaly Potapenko,BOS,Boston,1610612738.0,Celtics,0,,,,,,0,,,,,,,,,11:13 AM
10,1,2,10,0029900652,MISS Anderson 19' Jump Shot,,10:28,1,4,0,0,72,Kenny Anderson,BOS,Boston,1610612738.0,Celtics,0,,,,,,0,,,,,,,,,11:13 AM
11,0,4,11,0029900652,,,10:26,1,5,0,0,1496,Keith Van Horn,NJN,New Jersey,1610612751.0,Nets,0,,,,,,0,,,,,,,,Van Horn REBOUND (Off:0 Def:1),11:13 AM
12,2,6,12,0029900652,Potapenko S.FOUL (P1.T1),,10:16,1,4,0,0,958,Vitaly Potapenko,BOS,Boston,1610612738.0,Celtics,0,,,,,,0,,,,,,,,,11:13 AM
13,11,3,13,0029900652,,,10:16,1,5,0,0,954,Kerry Kittles,NJN,New Jersey,1610612751.0,Nets,0,,,,,,0,,,,,,,,MISS Kittles Free Throw 1 of 2,11:14 AM
14,1,4,14,0029900652,,,10:16,1,3,0,0,1610612751,,,,,,0,,,,,,0,,,,,,,,Nets Rebound,11:14 AM
15,12,3,15,0029900652,,,10:16,1,5,0,0,954,Kerry Kittles,NJN,New Jersey,1610612751.0,Nets,0,,,,,,0,,,,,,,,MISS Kittles Free Throw 2 of 2,11:14 AM
16,0,4,16,0029900652,Potapenko REBOUND (Off:0 Def:2),,10:15,1,4,0,0,958,Vitaly Potapenko,BOS,Boston,1610612738.0,Celtics,0,,,,,,0,,,,,,,,,11:14 AM
17,5,2,17,0029900652,MISS Pierce 2' Layup,,10:09,1,4,0,5,1718,Paul Pierce,BOS,Boston,1610612738.0,Celtics,0,,,,,,29,Jim McIlvaine,NJN,New Jersey,1610612751.0,Nets,,,McIlvaine BLOCK (1 BLK),11:14 AM
18,0,4,18,0029900652,,,10:06,1,5,0,0,950,Stephon Marbury,NJN,New Jersey,1610612751.0,Nets,0,,,,,,0,,,,,,,,Marbury REBOUND (Off:0 Def:1),11:14 AM
19,8,1,19,0029900652,,,10:03,1,5,5,0,1496,Keith Van Horn,NJN,New Jersey,1610612751.0,Nets,950,Stephon Marbury,NJN,New Jersey,1610612751.0,Nets,0,,,,,,4 - 4,TIE,Van Horn 1' Slam Dunk (4 PTS) (Marbury 2 AST),11:14 AM
20,1,1,20,0029900652,Anderson 17' Jump Shot (2 PTS) (Potapenko 1 AST),,9:48,1,4,4,0,72,Kenny Anderson,BOS,Boston,1610612738.0,Celtics,958,Vitaly Potapenko,BOS,Boston,1610612738.0,Celtics,0,,,,,,4 - 6,2,,11:14 AM
21,1,2,21,0029900652,,,9:35,1,5,0,0,950,Stephon Marbury,NJN,New Jersey,1610612751.0,Nets,0,,,,,,0,,,,,,,,MISS Marbury 16' Jump Shot,11:15 AM
22,0,4,22,0029900652,Pierce REBOUND (Off:0 Def:1),,9:33,1,4,0,0,1718,Paul Pierce,BOS,Boston,1610612738.0,Celtics,0,,,,,,0,,,,,,,,,11:15 AM
23,3,2,23,0029900652,MISS Potapenko 3' Hook Shot,,9:27,1,4,0,0,958,Vitaly Potapenko,BOS,Boston,1610612738.0,Celtics,0,,,,,,0,,,,,,,,,11:15 AM
24,0,4,24,0029900652,,,9:25,1,5,0,0,29,Jim McIlvaine,NJN,New Jersey,1610612751.0,Nets,0,,,,,,0,,,,,,,,McIlvaine REBOUND (Off:0 Def:1),11:15 AM
25,1,5,25,0029900652,Walker STEAL (1 STL),,9:18,1,5,4,0,950,Stephon Marbury,NJN,New Jersey,1610612751.0,Nets,952,Antoine Walker,BOS,Boston,1610612738.0,Celtics,0,,,,,,,,Marbury Bad Pass Turnover (P1.T1),11:15 AM
26,1,2,26,0029900652,MISS Anderson 4' Jump Shot,,9:12,1,4,0,0,72,Kenny Anderson,BOS,Boston,1610612738.0,Celtics,0,,,,,,0,,,,,,,,,11:15 AM
27,0,4,27,0029900652,Potapenko REBOUND (Off:1 Def:2),,9:10,1,4,0,0,958,Vitaly Potapenko,BOS,Boston,1610612738.0,Celtics,0,,,,,,0,,,,,,,,,11:15 AM
28,1,5,28,0029900652,Potapenko Bad Pass Turnover (P1.T2),,9:05,1,4,0,0,958,Vitaly Potapenko,BOS,Boston,1610612738.0,Celtics,0,,,,,,0,,,,,,,,,11:15 AM
29,1,2,29,0029900652,,,8:48,1,5,0,0,383,Kendall Gill,NJN,New Jersey,1610612751.0,Nets,0,,,,,,0,,,,,,,,MISS Gill 15' Jump Shot,11:16 AM
30,0,4,30,0029900652,Walker REBOUND (Off:0 Def:1),,8:45,1,4,0,0,952,Antoine Walker,BOS,Boston,1610612738.0,Celtics,0,,,,,,0,,,,,,,,,11:16 AM
31,2,6,31,0029900652,,,8:33,1,5,0,0,1496,Keith Van Horn,NJN,New Jersey,1610612751.0,Nets,0,,,,,,0,,,,,,,,Van Horn S.FOUL (P1.T1),11:16 AM
32,11,3,32,0029900652,Walker Free Throw 1 of 2 (1 PTS),,8:33,1,4,0,0,952,Antoine Walker,BOS,Boston,1610612738.0,Celtics,0,,,,,,0,,,,,,4 - 7,3,,11:16 AM
33,12,3,33,0029900652,Walker Free Throw 2 of 2 (2 PTS),,8:33,1,4,0,0,952,Antoine Walker,BOS,Boston,1610612738.0,Celtics,0,,,,,,0,,,,,,4 - 8,4,,11:16 AM
34,1,1,34,0029900652,,,8:11,1,5,0,0,383,Kendall Gill,NJN,New Jersey,1610612751.0,Nets,0,,,,,,0,,,,,,6 - 8,2,Gill 13' Jump Shot (2 PTS),11:17 AM
35,2,2,35,0029900652,MISS Cheaney 8' Running Jump Shot,,8:03,1,4,0,0,384,Calbert Cheaney,BOS,Boston,1610612738.0,Celtics,0,,,,,,0,,,,,,,,,11:17 AM
36,0,4,36,0029900652,,,8:02,1,5,0,0,29,Jim McIlvaine,NJN,New Jersey,1610612751.0,Nets,0,,,,,,0,,,,,,,,McIlvaine REBOUND (Off:0 Def:2),11:17 AM
37,1,6,37,0029900652,Walker P.FOUL (P1.T2),,7:54,1,4,0,0,952,Antoine Walker,BOS,Boston,1610612738.0,Celtics,0,,,,,,0,,,,,,,,,11:17 AM
38,1,2,38,0029900652,,,7:42,1,5,0,0,950,Stephon Marbury,NJN,New Jersey,1610612751.0,Nets,0,,,,,,0,,,,,,,,MISS Marbury 15' Jump Shot,11:18 AM
39,0,4,39,0029900652,,,7:40,1,5,0,0,1496,Keith Van Horn,NJN,New Jersey,1610612751.0,Nets,0,,,,,,0,,,,,,,,Van Horn REBOUND (Off:1 Def:1),11:18 AM
40,5,2,40,0029900652,,,7:26,1,5,0,0,950,Stephon Marbury,NJN,New Jersey,1610612751.0,Nets,0,,,,,,0,,,,,,,,MISS Marbury 2' Layup,11:18 AM
41,0,4,41,0029900652,,,7:25,1,5,0,0,1496,Keith Van Horn,NJN,New Jersey,1610612751.0,Nets,0,,,,,,0,,,,,,,,Van Horn REBOUND (Off:2 Def:1),11:18 AM
42,5,2,42,0029900652,Cheaney BLOCK (1 BLK),,7:23,1,5,0,4,1496,Keith Van Horn,NJN,New Jersey,1610612751.0,Nets,0,,,,,,384,Calbert Cheaney,BOS,Boston,1610612738.0,Celtics,,,MISS Van Horn 3' Layup,11:18 AM
43,0,4,43,0029900652,Cheaney REBOUND (Off:0 Def:2),,7:19,1,4,0,0,384,Calbert Cheaney,BOS,Boston,1610612738.0,Celtics,0,,,,,,0,,,,,,,,,11:18 AM
44,2,6,44,0029900652,,,7:18,1,5,0,0,29,Jim McIlvaine,NJN,New Jersey,1610612751.0,Nets,0,,,,,,0,,,,,,,,McIlvaine S.FOUL (P1.T2),11:18 AM
45,11,3,45,0029900652,Anderson Free Throw 1 of 2 (3 PTS),,7:18,1,4,0,0,72,Kenny Anderson,BOS,Boston,1610612738.0,Celtics,0,,,,,,0,,,,,,6 - 9,3,,11:18 AM
46,12,3,46,0029900652,Anderson Free Throw 2 of 2 (4 PTS),,7:18,1,4,0,0,72,Kenny Anderson,BOS,Boston,1610612738.0,Celtics,0,,,,,,0,,,,,,6 - 10,4,,11:19 AM
47,1,2,47,0029900652,,,7:07,1,5,0,0,954,Kerry Kittles,NJN,New Jersey,1610612751.0,Nets,0,,,,,,0,,,,,,,,MISS Kittles 16' Jump Shot,11:19 AM
48,0,4,48,0029900652,Cheaney REBOUND (Off:0 Def:3),,7:05,1,4,0,0,384,Calbert Cheaney,BOS,Boston,1610612738.0,Celtics,0,,,,,,0,,,,,,,,,11:19 AM
49,5,2,49,0029900652,MISS Anderson 3' Layup,,6:54,1,4,0,0,72,Kenny Anderson,BOS,Boston,1610612738.0,Celtics,0,,,,,,0,,,,,,,,,11:19 AM
50,0,4,50,0029900652,Potapenko REBOUND (Off:2 Def:2),,6:53,1,4,0,0,958,Vitaly Potapenko,BOS,Boston,1610612738.0,Celtics,0,,,,,,0,,,,,,,,,11:19 AM
51,5,1,51,0029900652,Potapenko 2' Layup (4 PTS),,6:52,1,4,0,0,958,Vitaly Potapenko,BOS,Boston,1610612738.0,Celtics,0,,,,,,0,,,,,,6 - 12,6,,11:19 AM
52,1,1,52,0029900652,,,6:39,1,5,5,0,954,Kerry Kittles,NJN,New Jersey,1610612751.0,Nets,29,Jim McIlvaine,NJN,New Jersey,1610612751.0,Nets,0,,,,,,8 - 12,4,Kittles 23' Jump Shot (2 PTS) (McIlvaine 1 AST),11:20 AM
53,1,1,53,0029900652,Pierce 16' Jump Shot (2 PTS),,6:24,1,4,0,0,1718,Paul Pierce,BOS,Boston,1610612738.0,Celtics,0,,,,,,0,,,,,,8 - 14,6,,11:20 AM
54,2,6,54,0029900652,,,6:24,1,5,0,0,383,Kendall Gill,NJN,New Jersey,1610612751.0,Nets,0,,,,,,0,,,,,,,,Gill S.FOUL (P1.T3),11:20 AM
55,1,9,56,0029900652,CELTICS Timeout: Regular (Full 1 Short 0),,6:24,1,2,0,0,1610612738,,,,,,0,,,,,,0,,,,,,,,,11:20 AM
56,10,3,57,0029900652,Pierce Free Throw 1 of 1 (3 PTS),,6:24,1,4,0,0,1718,Paul Pierce,BOS,Boston,1610612738.0,Celtics,0,,,,,,0,,,,,,8 - 15,7,,11:22 AM
57,1,2,58,0029900652,,,6:02,1,5,0,0,954,Kerry Kittles,NJN,New Jersey,1610612751.0,Nets,0,,,,,,0,,,,,,,,MISS Kittles 19' Jump Shot,11:23 AM
58,0,4,59,0029900652,Pierce REBOUND (Off:0 Def:2),,6:00,1,4,0,0,1718,Paul Pierce,BOS,Boston,1610612738.0,Celtics,0,,,,,,0,,,,,,,,,11:23 AM
59,1,2,60,0029900652,MISS Cheaney  3PT Jump Shot,,5:48,1,4,0,0,384,Calbert Cheaney,BOS,Boston,1610612738.0,Celtics,0,,,,,,0,,,,,,,,,11:23 AM
60,0,4,61,0029900652,,,5:43,1,5,0,0,1496,Keith Van Horn,NJN,New Jersey,1610612751.0,Nets,0,,,,,,0,,,,,,,,Van Horn REBOUND (Off:2 Def:2),11:23 AM
61,8,1,62,0029900652,,,5:40,1,5,5,0,383,Kendall Gill,NJN,New Jersey,1610612751.0,Nets,950,Stephon Marbury,NJN,New Jersey,1610612751.0,Nets,0,,,,,,10 - 15,5,Gill 2' Slam Dunk (4 PTS) (Marbury 3 AST),11:23 AM
62,3,1,63,0029900652,Walker 9' Hook Shot (4 PTS),,5:21,1,4,0,0,952,Antoine Walker,BOS,Boston,1610612738.0,Celtics,0,,,,,,0,,,,,,10 - 17,7,,11:23 AM
63,1,2,64,0029900652,,,5:04,1,5,0,0,383,Kendall Gill,NJN,New Jersey,1610612751.0,Nets,0,,,,,,0,,,,,,,,MISS Gill 18' Jump Shot,11:24 AM
64,0,4,65,0029900652,Anderson REBOUND (Off:0 Def:1),,5:02,1,4,0,0,72,Kenny Anderson,BOS,Boston,1610612738.0,Celtics,0,,,,,,0,,,,,,,,,11:24 AM
65,8,1,66,0029900652,Potapenko 2' Slam Dunk (6 PTS) (Anderson 1 AST),,5:00,1,4,4,0,958,Vitaly Potapenko,BOS,Boston,1610612738.0,Celtics,72,Kenny Anderson,BOS,Boston,1610612738.0,Celtics,0,,,,,,10 - 19,9,,11:24 AM
66,2,9,67,0029900652,,,4:52,1,3,0,0,1610612751,,,,,,0,,,,,,0,,,,,,,,Nets Timeout: Short (Reg.0 Short 1),11:24 AM
67,8,1,69,0029900652,,,4:46,1,5,5,0,383,Kendall Gill,NJN,New Jersey,1610612751.0,Nets,950,Stephon Marbury,NJN,New Jersey,1610612751.0,Nets,0,,,,,,12 - 19,7,Gill 3' Slam Dunk (6 PTS) (Marbury 4 AST),11:25 AM
68,1,2,70,0029900652,MISS Pierce  3PT Jump Shot,,4:27,1,4,0,0,1718,Paul Pierce,BOS,Boston,1610612738.0,Celtics,0,,,,,,0,,,,,,,,,11:25 AM
69,0,4,71,0029900652,,,4:25,1,5,0,0,1496,Keith Van Horn,NJN,New Jersey,1610612751.0,Nets,0,,,,,,0,,,,,,,,Van Horn REBOUND (Off:2 Def:3),11:25 AM
70,6,1,72,0029900652,,,4:17,1,5,0,0,954,Kerry Kittles,NJN,New Jersey,1610612751.0,Nets,0,,,,,,0,,,,,,14 - 19,5,Kittles 4' Driving Layup (4 PTS),11:25 AM
71,3,1,73,0029900652,Potapenko 3' Hook Shot (8 PTS),,3:55,1,4,0,0,958,Vitaly Potapenko,BOS,Boston,1610612738.0,Celtics,0,,,,,,0,,,,,,14 - 21,7,,11:26 AM
72,1,6,74,0029900652,Walker P.FOUL (P2.T3),,3:44,1,4,0,0,952,Antoine Walker,BOS,Boston,1610612738.0,Celtics,0,,,,,,0,,,,,,,,,11:26 AM
73,0,8,75,0029900652,SUB: Griffin FOR Pierce,,3:44,1,4,4,0,1718,Paul Pierce,BOS,Boston,1610612738.0,Celtics,1559,Adrian Griffin,BOS,Boston,1610612738.0,Celtics,0,,,,,,,,,11:26 AM
74,0,8,76,0029900652,SUB: Battie FOR Walker,,3:44,1,4,4,0,952,Antoine Walker,BOS,Boston,1610612738.0,Celtics,1499,Tony Battie,BOS,Boston,1610612738.0,Celtics,0,,,,,,,,,11:26 AM
75,2,5,77,0029900652,Battie STEAL (1 STL),,3:36,1,5,4,0,950,Stephon Marbury,NJN,New Jersey,1610612751.0,Nets,1499,Tony Battie,BOS,Boston,1610612738.0,Celtics,0,,,,,,,,Marbury Lost Ball Turnover (P2.T2),11:27 AM
76,5,2,78,0029900652,MISS Cheaney 3' Layup,,3:31,1,4,0,5,384,Calbert Cheaney,BOS,Boston,1610612738.0,Celtics,0,,,,,,1496,Keith Van Horn,NJN,New Jersey,1610612751.0,Nets,,,Van Horn BLOCK (1 BLK),11:27 AM
77,0,4,79,0029900652,,,3:28,1,5,0,0,954,Kerry Kittles,NJN,New Jersey,1610612751.0,Nets,0,,,,,,0,,,,,,,,Kittles REBOUND (Off:0 Def:1),11:27 AM
78,2,6,80,0029900652,Battie S.FOUL (P1.T4),,3:27,1,4,0,0,1499,Tony Battie,BOS,Boston,1610612738.0,Celtics,0,,,,,,0,,,,,,,,,11:27 AM
79,11,3,81,0029900652,,,3:27,1,5,0,0,950,Stephon Marbury,NJN,New Jersey,1610612751.0,Nets,0,,,,,,0,,,,,,15 - 21,6,Marbury Free Throw 1 of 2 (1 PTS),11:27 AM
80,12,3,82,0029900652,,,3:27,1,5,0,0,950,Stephon Marbury,NJN,New Jersey,1610612751.0,Nets,0,,,,,,0,,,,,,16 - 21,5,Marbury Free Throw 2 of 2 (2 PTS),11:27 AM
81,1,1,83,0029900652,Potapenko 12' Jump Shot (10 PTS) (Anderson 2 AST),,3:10,1,4,4,0,958,Vitaly Potapenko,BOS,Boston,1610612738.0,Celtics,72,Kenny Anderson,BOS,Boston,1610612738.0,Celtics,0,,,,,,16 - 23,7,,11:28 AM
82,1,1,84,0029900652,,,2:58,1,5,0,0,950,Stephon Marbury,NJN,New Jersey,1610612751.0,Nets,0,,,,,,0,,,,,,18 - 23,5,Marbury 19' Jump Shot (4 PTS),11:28 AM
83,6,1,85,0029900652,Anderson 6' Driving Layup (6 PTS),,2:42,1,4,0,0,72,Kenny Anderson,BOS,Boston,1610612738.0,Celtics,0,,,,,,0,,,,,,18 - 25,7,,11:28 AM
84,1,2,86,0029900652,,,2:25,1,5,0,0,1496,Keith Van Horn,NJN,New Jersey,1610612751.0,Nets,0,,,,,,0,,,,,,,,MISS Van Horn 25' 3PT Jump Shot,11:28 AM
85,0,4,87,0029900652,Cheaney REBOUND (Off:0 Def:4),,2:24,1,4,0,0,384,Calbert Cheaney,BOS,Boston,1610612738.0,Celtics,0,,,,,,0,,,,,,,,,11:28 AM
86,1,1,88,0029900652,Anderson  3PT Jump Shot (9 PTS) (Potapenko 2 AST),,2:06,1,4,4,0,72,Kenny Anderson,BOS,Boston,1610612738.0,Celtics,958,Vitaly Potapenko,BOS,Boston,1610612738.0,Celtics,0,,,,,,18 - 28,10,,11:29 AM
87,1,9,89,0029900652,,,1:57,1,3,0,0,1610612751,,,,,,0,,,,,,0,,,,,,,,Nets Timeout: Regular (Reg.1 Short 1),11:29 AM
88,0,8,91,0029900652,SUB: Overton FOR Anderson,,1:57,1,4,4,0,72,Kenny Anderson,BOS,Boston,1610612738.0,Celtics,77,Doug Overton,BOS,Boston,1610612738.0,Celtics,0,,,,,,,,,11:31 AM
89,0,8,96,0029900652,SUB: Pierce FOR Cheaney,,1:57,1,4,4,0,384,Calbert Cheaney,BOS,Boston,1610612738.0,Celtics,1718,Paul Pierce,BOS,Boston,1610612738.0,Celtics,0,,,,,,,,,11:31 AM
90,0,8,92,0029900652,,,1:57,1,5,5,0,29,Jim McIlvaine,NJN,New Jersey,1610612751.0,Nets,994,Jamie Feick,NJN,New Jersey,1610612751.0,Nets,0,,,,,,,,SUB: Feick FOR McIlvaine,11:31 AM
91,0,8,93,0029900652,SUB: Fortson FOR Potapenko,,1:57,1,4,4,0,958,Vitaly Potapenko,BOS,Boston,1610612738.0,Celtics,1504,Danny Fortson,BOS,Boston,1610612738.0,Celtics,0,,,,,,,,,11:31 AM
92,5,1,94,0029900652,,,1:48,1,5,5,0,383,Kendall Gill,NJN,New Jersey,1610612751.0,Nets,994,Jamie Feick,NJN,New Jersey,1610612751.0,Nets,0,,,,,,20 - 28,8,Gill 3' Layup (8 PTS) (Feick 1 AST),11:31 AM
93,5,1,95,0029900652,Pierce 2' Layup (5 PTS),,1:33,1,4,0,0,1718,Paul Pierce,BOS,Boston,1610612738.0,Celtics,0,,,,,,0,,,,,,20 - 30,10,,11:31 AM
94,1,5,97,0029900652,,,1:10,1,5,0,0,950,Stephon Marbury,NJN,New Jersey,1610612751.0,Nets,0,,,,,,0,,,,,,,,Marbury Bad Pass Turnover (P3.T3),11:32 AM
95,0,8,99,0029900652,,,1:10,1,5,5,0,383,Kendall Gill,NJN,New Jersey,1610612751.0,Nets,271,Johnny Newman,NJN,New Jersey,1610612751.0,Nets,0,,,,,,,,SUB: Newman FOR Gill,11:32 AM
96,1,6,100,0029900652,,,1:06,1,5,0,0,271,Johnny Newman,NJN,New Jersey,1610612751.0,Nets,0,,,,,,0,,,,,,,,Newman P.FOUL (P1.T4),11:32 AM
97,1,1,101,0029900652,Pierce 22' Jump Shot (7 PTS) (Overton 1 AST),,1:01,1,4,4,0,1718,Paul Pierce,BOS,Boston,1610612738.0,Celtics,77,Doug Overton,BOS,Boston,1610612738.0,Celtics,0,,,,,,20 - 32,12,,11:33 AM
98,1,6,102,0029900652,Overton P.FOUL (P1.PN),,0:47,1,4,0,0,77,Doug Overton,BOS,Boston,1610612738.0,Celtics,0,,,,,,0,,,,,,,,,11:33 AM
99,11,3,103,0029900652,,,0:47,1,5,0,0,950,Stephon Marbury,NJN,New Jersey,1610612751.0,Nets,0,,,,,,0,,,,,,21 - 32,11,Marbury Free Throw 1 of 2 (5 PTS),11:33 AM
100,12,3,104,0029900652,,,0:47,1,5,0,0,950,Stephon Marbury,NJN,New Jersey,1610612751.0,Nets,0,,,,,,0,,,,,,22 - 32,10,Marbury Free Throw 2 of 2 (6 PTS),11:33 AM
101,1,2,105,0029900652,MISS Fortson 5' Jump Shot,,0:35,1,4,0,0,1504,Danny Fortson,BOS,Boston,1610612738.0,Celtics,0,,,,,,0,,,,,,,,,11:34 AM
102,0,4,106,0029900652,,,0:33,1,5,0,0,950,Stephon Marbury,NJN,New Jersey,1610612751.0,Nets,0,,,,,,0,,,,,,,,Marbury REBOUND (Off:0 Def:2),11:34 AM
103,6,1,107,0029900652,,,0:25,1,5,0,0,950,Stephon Marbury,NJN,New Jersey,1610612751.0,Nets,0,,,,,,0,,,,,,24 - 32,8,Marbury 3' Driving Layup (8 PTS),11:34 AM
104,2,6,108,0029900652,Battie S.FOUL (P2.PN),,0:25,1,4,0,0,1499,Tony Battie,BOS,Boston,1610612738.0,Celtics,0,,,,,,0,,,,,,,,,11:34 AM
105,0,8,110,0029900652,SUB: Potapenko FOR Battie,,0:25,1,4,4,0,1499,Tony Battie,BOS,Boston,1610612738.0,Celtics,958,Vitaly Potapenko,BOS,Boston,1610612738.0,Celtics,0,,,,,,,,,11:34 AM
106,10,3,111,0029900652,,,0:25,1,5,0,0,950,Stephon Marbury,NJN,New Jersey,1610612751.0,Nets,0,,,,,,0,,,,,,25 - 32,7,Marbury Free Throw 1 of 1 (9 PTS),11:34 AM
107,1,2,112,0029900652,MISS Pierce 21' Jump Shot,,0:01,1,4,0,0,1718,Paul Pierce,BOS,Boston,1610612738.0,Celtics,0,,,,,,0,,,,,,,,,11:35 AM
108,0,4,113,0029900652,CELTICS Rebound,,0:00,1,2,0,0,1610612738,,,,,,0,,,,,,0,,,,,,,,,11:35 AM
109,0,13,115,0029900652,,,0:00,1,0,0,0,0,,,,,,0,,,,,,0,,,,,,25 - 32,7,,11:35 AM
110,0,12,116,0029900652,,,12:00,2,0,0,0,0,,,,,,0,,,,,,0,,,,,,25 - 32,7,,11:38 AM
111,1,1,117,0029900652,,,11:46,2,5,0,0,1496,Keith Van Horn,NJN,New Jersey,1610612751.0,Nets,0,,,,,,0,,,,,,27 - 32,5,Van Horn 4' Jump Shot (6 PTS),11:38 AM
112,4,5,118,0029900652,Griffin Traveling Turnover (P1.T3),,11:28,2,4,0,0,1559,Adrian Griffin,BOS,Boston,1610612738.0,Celtics,0,,,,,,0,,,,,,,,,11:38 AM
113,0,8,119,0029900652,SUB: Anderson FOR Overton,,11:28,2,4,4,0,77,Doug Overton,BOS,Boston,1610612738.0,Celtics,72,Kenny Anderson,BOS,Boston,1610612738.0,Celtics,0,,,,,,,,,11:38 AM
114,1,6,120,0029900652,Griffin P.FOUL (P1.T1),,11:19,2,4,0,0,1559,Adrian Griffin,BOS,Boston,1610612738.0,Celtics,0,,,,,,0,,,,,,,,,11:39 AM
115,2,5,121,0029900652,Fortson STEAL (1 STL),,11:10,2,5,4,0,1496,Keith Van Horn,NJN,New Jersey,1610612751.0,Nets,1504,Danny Fortson,BOS,Boston,1610612738.0,Celtics,0,,,,,,,,Van Horn Lost Ball Turnover (P1.T4),11:39 AM
116,3,1,122,0029900652,Potapenko 5' Hook Shot (12 PTS) (Pierce 1 AST),,10:59,2,4,4,0,958,Vitaly Potapenko,BOS,Boston,1610612738.0,Celtics,1718,Paul Pierce,BOS,Boston,1610612738.0,Celtics,0,,,,,,27 - 34,7,,11:39 AM
117,1,2,123,0029900652,,,10:37,2,5,0,0,446,Lucious Harris,NJN,New Jersey,1610612751.0,Nets,0,,,,,,0,,,,,,,,MISS Harris 25' 3PT Jump Shot,11:40 AM
118,0,4,124,0029900652,Fortson REBOUND (Off:0 Def:1),,10:37,2,4,0,0,1504,Danny Fortson,BOS,Boston,1610612738.0,Celtics,0,,,,,,0,,,,,,,,,11:40 AM
119,0,8,125,0029900652,,,10:37,2,5,5,0,1496,Keith Van Horn,NJN,New Jersey,1610612751.0,Nets,197,Scott Burrell,NJN,New Jersey,1610612751.0,Nets,0,,,,,,,,SUB: Burrell FOR Van Horn,11:40 AM
120,2,5,126,0029900652,Anderson Lost Ball Turnover (P1.T4),,10:18,2,4,5,0,72,Kenny Anderson,BOS,Boston,1610612738.0,Celtics,950,Stephon Marbury,NJN,New Jersey,1610612751.0,Nets,0,,,,,,,,Marbury STEAL (2 STL),11:40 AM
121,5,1,127,0029900652,,,10:12,2,5,5,0,446,Lucious Harris,NJN,New Jersey,1610612751.0,Nets,950,Stephon Marbury,NJN,New Jersey,1610612751.0,Nets,0,,,,,,29 - 34,5,Harris 2' Layup (2 PTS) (Marbury 5 AST),11:40 AM
122,2,1,128,0029900652,Fortson 3' Running Jump Shot (2 PTS),,9:45,2,4,0,0,1504,Danny Fortson,BOS,Boston,1610612738.0,Celtics,0,,,,,,0,,,,,,29 - 36,7,,11:41 AM
123,1,1,129,0029900652,,,9:23,2,5,5,0,271,Johnny Newman,NJN,New Jersey,1610612751.0,Nets,950,Stephon Marbury,NJN,New Jersey,1610612751.0,Nets,0,,,,,,32 - 36,4,Newman 24' 3PT Jump Shot (3 PTS) (Marbury 6 AST),11:41 AM
124,6,7,130,0029900652,,,9:11,2,5,0,1,994,Jamie Feick,NJN,New Jersey,1610612751.0,Nets,0,,,,,,0,,,,,,,,Feick Violation:Double Lane,11:41 AM
125,4,9,132,0029900652,,,9:11,2,1,0,0,0,,,,,,0,,,,,,0,,,,,,,,,11:42 AM
126,0,8,134,0029900652,SUB: Walker FOR Fortson,,9:11,2,4,4,0,1504,Danny Fortson,BOS,Boston,1610612738.0,Celtics,952,Antoine Walker,BOS,Boston,1610612738.0,Celtics,0,,,,,,,,,11:43 AM
127,0,8,135,0029900652,,,9:11,2,5,5,0,950,Stephon Marbury,NJN,New Jersey,1610612751.0,Nets,386,Elliot Perry,NJN,New Jersey,1610612751.0,Nets,0,,,,,,,,SUB: Perry FOR Marbury,11:43 AM
128,1,1,136,0029900652,Pierce 19' Jump Shot (9 PTS) (Anderson 3 AST),,8:58,2,4,4,0,1718,Paul Pierce,BOS,Boston,1610612738.0,Celtics,72,Kenny Anderson,BOS,Boston,1610612738.0,Celtics,0,,,,,,32 - 38,6,,11:44 AM
129,2,6,137,0029900652,Pierce S.FOUL (P1.T2),,8:39,2,4,0,0,1718,Paul Pierce,BOS,Boston,1610612738.0,Celtics,0,,,,,,0,,,,,,,,,11:44 AM
130,11,3,138,0029900652,,,8:39,2,5,0,0,271,Johnny Newman,NJN,New Jersey,1610612751.0,Nets,0,,,,,,0,,,,,,33 - 38,5,Newman Free Throw 1 of 2 (4 PTS),11:44 AM
131,12,3,139,0029900652,,,8:39,2,5,0,0,271,Johnny Newman,NJN,New Jersey,1610612751.0,Nets,0,,,,,,0,,,,,,34 - 38,4,Newman Free Throw 2 of 2 (5 PTS),11:45 AM
132,1,5,140,0029900652,Walker Bad Pass Turnover (P1.T5),,8:23,2,4,5,0,952,Antoine Walker,BOS,Boston,1610612738.0,Celtics,386,Elliot Perry,NJN,New Jersey,1610612751.0,Nets,0,,,,,,,,Perry STEAL (1 STL),11:45 AM
133,2,5,141,0029900652,,,8:20,2,5,0,0,446,Lucious Harris,NJN,New Jersey,1610612751.0,Nets,0,,,,,,0,,,,,,,,Harris Lost Ball Turnover (P1.T5),11:45 AM
134,1,1,142,0029900652,Potapenko 13' Jump Shot (14 PTS) (Anderson 4 AST),,8:13,2,4,4,0,958,Vitaly Potapenko,BOS,Boston,1610612738.0,Celtics,72,Kenny Anderson,BOS,Boston,1610612738.0,Celtics,0,,,,,,34 - 40,6,,11:45 AM
135,2,2,143,0029900652,,,7:49,2,5,0,0,446,Lucious Harris,NJN,New Jersey,1610612751.0,Nets,0,,,,,,0,,,,,,,,MISS Harris 7' Running Jump Shot,11:46 AM
136,0,4,144,0029900652,Potapenko REBOUND (Off:2 Def:3),,7:47,2,4,0,0,958,Vitaly Potapenko,BOS,Boston,1610612738.0,Celtics,0,,,,,,0,,,,,,,,,11:46 AM
137,1,5,145,0029900652,Anderson Bad Pass Turnover (P2.T6),,7:42,2,4,5,0,72,Kenny Anderson,BOS,Boston,1610612738.0,Celtics,197,Scott Burrell,NJN,New Jersey,1610612751.0,Nets,0,,,,,,,,Burrell STEAL (1 STL),11:46 AM
138,1,2,146,0029900652,,,7:24,2,5,0,0,197,Scott Burrell,NJN,New Jersey,1610612751.0,Nets,0,,,,,,0,,,,,,,,MISS Burrell 24' 3PT Jump Shot,11:46 AM
139,0,4,147,0029900652,,,7:22,2,5,0,0,197,Scott Burrell,NJN,New Jersey,1610612751.0,Nets,0,,,,,,0,,,,,,,,Burrell REBOUND (Off:1 Def:0),11:46 AM
140,1,6,148,0029900652,Anderson P.FOUL (P1.T3),,7:21,2,4,0,0,72,Kenny Anderson,BOS,Boston,1610612738.0,Celtics,0,,,,,,0,,,,,,,,,11:46 AM
141,1,1,149,0029900652,,,7:11,2,5,0,0,271,Johnny Newman,NJN,New Jersey,1610612751.0,Nets,0,,,,,,0,,,,,,36 - 40,4,Newman 23' Jump Shot (7 PTS),11:47 AM
142,1,5,150,0029900652,Anderson Bad Pass Turnover (P3.T7),,7:05,2,4,0,0,72,Kenny Anderson,BOS,Boston,1610612738.0,Celtics,0,,,,,,0,,,,,,,,,11:47 AM
143,1,5,151,0029900652,,,6:53,2,5,0,0,271,Johnny Newman,NJN,New Jersey,1610612751.0,Nets,0,,,,,,0,,,,,,,,Newman Bad Pass Turnover (P1.T6),11:47 AM
144,1,9,152,0029900652,CELTICS Timeout: Regular (Full 2 Short 0),,6:53,2,2,0,0,1610612738,,,,,,0,,,,,,0,,,,,,,,,11:47 AM
145,0,8,154,0029900652,SUB: Cheaney FOR Pierce,,6:53,2,4,4,0,1718,Paul Pierce,BOS,Boston,1610612738.0,Celtics,384,Calbert Cheaney,BOS,Boston,1610612738.0,Celtics,0,,,,,,,,,11:49 AM
146,5,2,155,0029900652,MISS Griffin 3' Layup,,6:38,2,4,0,0,1559,Adrian Griffin,BOS,Boston,1610612738.0,Celtics,0,,,,,,0,,,,,,,,,11:50 AM
147,0,4,156,0029900652,,,6:37,2,5,0,0,197,Scott Burrell,NJN,New Jersey,1610612751.0,Nets,0,,,,,,0,,,,,,,,Burrell REBOUND (Off:1 Def:1),11:50 AM
148,5,1,157,0029900652,,,6:21,2,5,0,0,271,Johnny Newman,NJN,New Jersey,1610612751.0,Nets,0,,,,,,0,,,,,,38 - 40,2,Newman 2' Layup (9 PTS),11:50 AM
149,1,2,158,0029900652,MISS Anderson 10' Jump Shot,,6:11,2,4,0,0,72,Kenny Anderson,BOS,Boston,1610612738.0,Celtics,0,,,,,,0,,,,,,,,,11:50 AM
150,0,4,159,0029900652,,,6:10,2,5,0,0,994,Jamie Feick,NJN,New Jersey,1610612751.0,Nets,0,,,,,,0,,,,,,,,Feick REBOUND (Off:0 Def:1),11:50 AM
151,1,2,160,0029900652,,,6:04,2,5,0,0,386,Elliot Perry,NJN,New Jersey,1610612751.0,Nets,0,,,,,,0,,,,,,,,MISS Perry 21' Jump Shot,11:50 AM
152,0,4,161,0029900652,Cheaney REBOUND (Off:0 Def:5),,6:02,2,4,0,0,384,Calbert Cheaney,BOS,Boston,1610612738.0,Celtics,0,,,,,,0,,,,,,,,,11:50 AM
153,6,1,162,0029900652,Walker 3' Driving Layup (6 PTS) (Anderson 5 AST),,5:56,2,4,4,0,952,Antoine Walker,BOS,Boston,1610612738.0,Celtics,72,Kenny Anderson,BOS,Boston,1610612738.0,Celtics,0,,,,,,38 - 42,4,,11:50 AM
154,4,5,163,0029900652,,,5:46,2,5,0,0,386,Elliot Perry,NJN,New Jersey,1610612751.0,Nets,0,,,,,,0,,,,,,,,Perry Traveling Turnover (P1.T7),11:51 AM
155,1,2,164,0029900652,MISS Cheaney 13' Jump Shot,,5:37,2,4,0,0,384,Calbert Cheaney,BOS,Boston,1610612738.0,Celtics,0,,,,,,0,,,,,,,,,11:51 AM
156,0,4,165,0029900652,,,5:36,2,5,0,0,271,Johnny Newman,NJN,New Jersey,1610612751.0,Nets,0,,,,,,0,,,,,,,,Newman REBOUND (Off:0 Def:1),11:51 AM
157,2,6,166,0029900652,Cheaney S.FOUL (P1.T4),,5:21,2,4,0,0,384,Calbert Cheaney,BOS,Boston,1610612738.0,Celtics,0,,,,,,0,,,,,,,,,11:51 AM
158,11,3,167,0029900652,,,5:21,2,5,0,0,271,Johnny Newman,NJN,New Jersey,1610612751.0,Nets,0,,,,,,0,,,,,,39 - 42,3,Newman Free Throw 1 of 2 (10 PTS),11:52 AM
159,12,3,168,0029900652,,,5:21,2,5,0,0,271,Johnny Newman,NJN,New Jersey,1610612751.0,Nets,0,,,,,,0,,,,,,40 - 42,2,Newman Free Throw 2 of 2 (11 PTS),11:52 AM
160,1,2,169,0029900652,MISS Walker 25' 3PT Jump Shot,,5:04,2,4,0,0,952,Antoine Walker,BOS,Boston,1610612738.0,Celtics,0,,,,,,0,,,,,,,,,11:52 AM
161,0,4,170,0029900652,,,5:01,2,5,0,0,994,Jamie Feick,NJN,New Jersey,1610612751.0,Nets,0,,,,,,0,,,,,,,,Feick REBOUND (Off:0 Def:2),11:53 AM
162,1,6,171,0029900652,Cheaney P.FOUL (P2.PN),,4:55,2,4,0,0,384,Calbert Cheaney,BOS,Boston,1610612738.0,Celtics,0,,,,,,0,,,,,,,,,11:53 AM
163,0,8,172,0029900652,,,4:55,2,5,5,0,446,Lucious Harris,NJN,New Jersey,1610612751.0,Nets,954,Kerry Kittles,NJN,New Jersey,1610612751.0,Nets,0,,,,,,,,SUB: Kittles FOR Harris,11:53 AM
164,11,3,173,0029900652,,,4:55,2,5,0,0,271,Johnny Newman,NJN,New Jersey,1610612751.0,Nets,0,,,,,,0,,,,,,41 - 42,1,Newman Free Throw 1 of 2 (12 PTS),11:53 AM
165,0,8,174,0029900652,SUB: Pierce FOR Cheaney,,4:55,2,4,4,0,384,Calbert Cheaney,BOS,Boston,1610612738.0,Celtics,1718,Paul Pierce,BOS,Boston,1610612738.0,Celtics,0,,,,,,,,,11:53 AM
166,12,3,175,0029900652,,,4:55,2,5,0,0,271,Johnny Newman,NJN,New Jersey,1610612751.0,Nets,0,,,,,,0,,,,,,,,MISS Newman Free Throw 2 of 2,11:54 AM
167,0,4,176,0029900652,Walker REBOUND (Off:0 Def:2),,4:54,2,4,0,0,952,Antoine Walker,BOS,Boston,1610612738.0,Celtics,0,,,,,,0,,,,,,,,,11:54 AM
168,4,5,177,0029900652,Walker Traveling Turnover (P2.T8),,4:40,2,4,0,0,952,Antoine Walker,BOS,Boston,1610612738.0,Celtics,0,,,,,,0,,,,,,,,,11:54 AM
169,5,2,178,0029900652,,,4:25,2,5,0,0,271,Johnny Newman,NJN,New Jersey,1610612751.0,Nets,0,,,,,,0,,,,,,,,MISS Newman 4' Layup,11:54 AM
170,0,4,179,0029900652,Potapenko REBOUND (Off:2 Def:4),,4:23,2,4,0,0,958,Vitaly Potapenko,BOS,Boston,1610612738.0,Celtics,0,,,,,,0,,,,,,,,,11:54 AM
171,1,2,180,0029900652,MISS Anderson 5' Jump Shot,,4:17,2,4,0,0,72,Kenny Anderson,BOS,Boston,1610612738.0,Celtics,0,,,,,,0,,,,,,,,,11:54 AM
172,0,4,181,0029900652,,,4:14,2,5,0,0,197,Scott Burrell,NJN,New Jersey,1610612751.0,Nets,0,,,,,,0,,,,,,,,Burrell REBOUND (Off:1 Def:2),11:55 AM
173,1,1,182,0029900652,,,4:08,2,5,0,0,386,Elliot Perry,NJN,New Jersey,1610612751.0,Nets,0,,,,,,0,,,,,,43 - 42,-1,Perry 17' Jump Shot (2 PTS),11:55 AM
174,1,9,183,0029900652,CELTICS Timeout: Regular (Full 3 Short 0),,4:01,2,2,0,0,1610612738,,,,,,0,,,,,,0,,,,,,,,,11:55 AM
175,0,8,185,0029900652,SUB: Barros FOR Anderson,,4:01,2,4,4,0,72,Kenny Anderson,BOS,Boston,1610612738.0,Celtics,344,Dana Barros,BOS,Boston,1610612738.0,Celtics,0,,,,,,,,,11:57 AM
176,2,6,186,0029900652,,,3:55,2,5,0,0,271,Johnny Newman,NJN,New Jersey,1610612751.0,Nets,0,,,,,,0,,,,,,,,Newman S.FOUL (P2.T1),11:57 AM
177,0,8,187,0029900652,,,3:55,2,5,5,0,386,Elliot Perry,NJN,New Jersey,1610612751.0,Nets,950,Stephon Marbury,NJN,New Jersey,1610612751.0,Nets,0,,,,,,,,SUB: Marbury FOR Perry,11:57 AM
178,11,3,188,0029900652,MISS Pierce Free Throw 1 of 2,,3:55,2,4,0,0,1718,Paul Pierce,BOS,Boston,1610612738.0,Celtics,0,,,,,,0,,,,,,,,,11:57 AM
179,1,4,189,0029900652,CELTICS Rebound,,3:55,2,2,0,0,1610612738,,,,,,0,,,,,,0,,,,,,,,,11:57 AM
180,12,3,190,0029900652,Pierce Free Throw 2 of 2 (10 PTS),,3:55,2,4,0,0,1718,Paul Pierce,BOS,Boston,1610612738.0,Celtics,0,,,,,,0,,,,,,43 - 43,TIE,,11:58 AM
181,6,1,191,0029900652,,,3:38,2,5,5,0,954,Kerry Kittles,NJN,New Jersey,1610612751.0,Nets,994,Jamie Feick,NJN,New Jersey,1610612751.0,Nets,0,,,,,,45 - 43,-2,Kittles 2' Driving Layup (6 PTS) (Feick 2 AST),11:58 AM
182,5,1,192,0029900652,Griffin 3' Layup (2 PTS) (Potapenko 3 AST),,3:22,2,4,4,0,1559,Adrian Griffin,BOS,Boston,1610612738.0,Celtics,958,Vitaly Potapenko,BOS,Boston,1610612738.0,Celtics,0,,,,,,45 - 45,TIE,,11:58 AM
183,5,2,193,0029900652,,,3:10,2,5,0,0,271,Johnny Newman,NJN,New Jersey,1610612751.0,Nets,0,,,,,,0,,,,,,,,MISS Newman 3' Layup,11:58 AM
184,0,4,194,0029900652,,,3:08,2,5,0,0,994,Jamie Feick,NJN,New Jersey,1610612751.0,Nets,0,,,,,,0,,,,,,,,Feick REBOUND (Off:1 Def:2),11:58 AM
185,5,2,195,0029900652,,,3:07,2,5,0,0,994,Jamie Feick,NJN,New Jersey,1610612751.0,Nets,0,,,,,,0,,,,,,,,MISS Feick 3' Layup,11:58 AM
186,0,4,196,0029900652,Walker REBOUND (Off:0 Def:3),,3:05,2,4,0,0,952,Antoine Walker,BOS,Boston,1610612738.0,Celtics,0,,,,,,0,,,,,,,,,11:58 AM
187,5,2,197,0029900652,MISS Walker 3' Layup,,2:58,2,4,0,0,952,Antoine Walker,BOS,Boston,1610612738.0,Celtics,0,,,,,,0,,,,,,,,,11:59 AM
188,0,4,198,0029900652,,,2:56,2,5,0,0,994,Jamie Feick,NJN,New Jersey,1610612751.0,Nets,0,,,,,,0,,,,,,,,Feick REBOUND (Off:1 Def:3),11:59 AM
189,5,1,199,0029900652,,,2:50,2,5,5,0,197,Scott Burrell,NJN,New Jersey,1610612751.0,Nets,271,Johnny Newman,NJN,New Jersey,1610612751.0,Nets,0,,,,,,47 - 45,-2,Burrell 2' Layup (2 PTS) (Newman 1 AST),11:59 AM
190,5,1,200,0029900652,Pierce 3' Layup (12 PTS) (Walker 2 AST),,2:36,2,4,4,0,1718,Paul Pierce,BOS,Boston,1610612738.0,Celtics,952,Antoine Walker,BOS,Boston,1610612738.0,Celtics,0,,,,,,47 - 47,TIE,,11:59 AM
191,1,1,201,0029900652,,,2:15,2,5,5,0,197,Scott Burrell,NJN,New Jersey,1610612751.0,Nets,271,Johnny Newman,NJN,New Jersey,1610612751.0,Nets,0,,,,,,49 - 47,-2,Burrell 17' Jump Shot (4 PTS) (Newman 2 AST),11:59 AM
192,1,2,202,0029900652,MISS Barros 21' Jump Shot,,1:53,2,4,0,0,344,Dana Barros,BOS,Boston,1610612738.0,Celtics,0,,,,,,0,,,,,,,,,12:00 PM
193,0,4,203,0029900652,,,1:51,2,5,0,0,954,Kerry Kittles,NJN,New Jersey,1610612751.0,Nets,0,,,,,,0,,,,,,,,Kittles REBOUND (Off:0 Def:2),12:00 PM
194,1,1,204,0029900652,,,1:40,2,5,5,0,197,Scott Burrell,NJN,New Jersey,1610612751.0,Nets,954,Kerry Kittles,NJN,New Jersey,1610612751.0,Nets,0,,,,,,52 - 47,-5,Burrell  3PT Jump Shot (7 PTS) (Kittles 1 AST),12:00 PM
195,1,6,205,0029900652,,,1:27,2,5,0,0,271,Johnny Newman,NJN,New Jersey,1610612751.0,Nets,0,,,,,,0,,,,,,,,Newman P.FOUL (P3.T2),12:00 PM
196,0,8,206,0029900652,SUB: Fortson FOR Potapenko,,1:27,2,4,4,0,958,Vitaly Potapenko,BOS,Boston,1610612738.0,Celtics,1504,Danny Fortson,BOS,Boston,1610612738.0,Celtics,0,,,,,,,,,12:00 PM
197,0,8,207,0029900652,,,1:27,2,5,5,0,994,Jamie Feick,NJN,New Jersey,1610612751.0,Nets,29,Jim McIlvaine,NJN,New Jersey,1610612751.0,Nets,0,,,,,,,,SUB: McIlvaine FOR Feick,12:00 PM
198,0,8,208,0029900652,,,1:27,2,5,5,0,271,Johnny Newman,NJN,New Jersey,1610612751.0,Nets,383,Kendall Gill,NJN,New Jersey,1610612751.0,Nets,0,,,,,,,,SUB: Gill FOR Newman,12:00 PM
199,1,6,209,0029900652,,,1:11,2,5,0,0,954,Kerry Kittles,NJN,New Jersey,1610612751.0,Nets,0,,,,,,0,,,,,,,,Kittles P.FOUL (P1.PN),12:01 PM
200,11,3,210,0029900652,MISS Griffin Free Throw 1 of 2,,1:11,2,4,0,0,1559,Adrian Griffin,BOS,Boston,1610612738.0,Celtics,0,,,,,,0,,,,,,,,,12:01 PM
201,1,4,211,0029900652,CELTICS Rebound,,1:11,2,2,0,0,1610612738,,,,,,0,,,,,,0,,,,,,,,,12:01 PM
202,0,8,212,0029900652,SUB: McCarty FOR Walker,,1:11,2,4,4,0,952,Antoine Walker,BOS,Boston,1610612738.0,Celtics,962,Walter McCarty,BOS,Boston,1610612738.0,Celtics,0,,,,,,,,,12:01 PM
203,12,3,213,0029900652,MISS Griffin Free Throw 2 of 2,,1:11,2,4,0,0,1559,Adrian Griffin,BOS,Boston,1610612738.0,Celtics,0,,,,,,0,,,,,,,,,12:02 PM
204,0,4,214,0029900652,,,1:10,2,5,0,0,197,Scott Burrell,NJN,New Jersey,1610612751.0,Nets,0,,,,,,0,,,,,,,,Burrell REBOUND (Off:1 Def:3),12:02 PM
205,1,6,215,0029900652,Barros P.FOUL (P1.PN),,0:59,2,4,0,0,344,Dana Barros,BOS,Boston,1610612738.0,Celtics,0,,,,,,0,,,,,,,,,12:02 PM
206,11,3,216,0029900652,,,0:59,2,5,0,0,950,Stephon Marbury,NJN,New Jersey,1610612751.0,Nets,0,,,,,,0,,,,,,53 - 47,-6,Marbury Free Throw 1 of 2 (10 PTS),12:02 PM
207,12,3,217,0029900652,,,0:59,2,5,0,0,950,Stephon Marbury,NJN,New Jersey,1610612751.0,Nets,0,,,,,,0,,,,,,54 - 47,-7,Marbury Free Throw 2 of 2 (11 PTS),12:02 PM
208,2,6,218,0029900652,,,0:43,2,5,0,0,29,Jim McIlvaine,NJN,New Jersey,1610612751.0,Nets,0,,,,,,0,,,,,,,,McIlvaine S.FOUL (P2.PN),12:03 PM
209,11,3,219,0029900652,MISS Griffin Free Throw 1 of 2,,0:43,2,4,0,0,1559,Adrian Griffin,BOS,Boston,1610612738.0,Celtics,0,,,,,,0,,,,,,,,,12:03 PM
210,1,4,220,0029900652,CELTICS Rebound,,0:43,2,2,0,0,1610612738,,,,,,0,,,,,,0,,,,,,,,,12:03 PM
211,12,3,221,0029900652,Griffin Free Throw 2 of 2 (3 PTS),,0:43,2,4,0,0,1559,Adrian Griffin,BOS,Boston,1610612738.0,Celtics,0,,,,,,0,,,,,,54 - 48,-6,,12:03 PM
212,1,1,222,0029900652,,,0:27,2,5,5,0,197,Scott Burrell,NJN,New Jersey,1610612751.0,Nets,383,Kendall Gill,NJN,New Jersey,1610612751.0,Nets,0,,,,,,57 - 48,-9,Burrell 24' 3PT Jump Shot (10 PTS) (Gill 1 AST),12:04 PM
213,1,2,223,0029900652,MISS Pierce 20' Jump Shot,,0:04,2,4,0,0,1718,Paul Pierce,BOS,Boston,1610612738.0,Celtics,0,,,,,,0,,,,,,,,,12:04 PM
214,0,4,224,0029900652,,,0:02,2,5,0,0,950,Stephon Marbury,NJN,New Jersey,1610612751.0,Nets,0,,,,,,0,,,,,,,,Marbury REBOUND (Off:0 Def:3),12:04 PM
215,1,2,225,0029900652,,,0:00,2,5,0,0,950,Stephon Marbury,NJN,New Jersey,1610612751.0,Nets,0,,,,,,0,,,,,,,,MISS Marbury 56' 3PT Jump Shot,12:04 PM
216,0,4,227,0029900652,,,0:00,2,3,0,0,1610612751,,,,,,0,,,,,,0,,,,,,,,Nets Rebound,12:05 PM
217,0,13,228,0029900652,,,0:00,2,0,0,0,0,,,,,,0,,,,,,0,,,,,,57 - 48,-9,,12:05 PM
218,0,12,229,0029900652,,,12:00,3,0,0,0,0,,,,,,0,,,,,,0,,,,,,57 - 48,-9,,12:20 PM
219,1,1,230,0029900652,,,11:40,3,5,0,0,383,Kendall Gill,NJN,New Jersey,1610612751.0,Nets,0,,,,,,0,,,,,,59 - 48,-11,Gill 19' Jump Shot (10 PTS),12:21 PM
220,1,1,231,0029900652,Potapenko 13' Jump Shot (16 PTS) (Cheaney 2 AST),,11:22,3,4,4,0,958,Vitaly Potapenko,BOS,Boston,1610612738.0,Celtics,384,Calbert Cheaney,BOS,Boston,1610612738.0,Celtics,0,,,,,,59 - 50,-9,,12:21 PM
221,1,2,232,0029900652,,,11:04,3,5,0,0,383,Kendall Gill,NJN,New Jersey,1610612751.0,Nets,0,,,,,,0,,,,,,,,MISS Gill 18' Jump Shot,12:21 PM
222,0,4,233,0029900652,Walker REBOUND (Off:0 Def:4),,11:01,3,4,0,0,952,Antoine Walker,BOS,Boston,1610612738.0,Celtics,0,,,,,,0,,,,,,,,,12:21 PM
223,1,2,234,0029900652,MISS Anderson 24' 3PT Jump Shot,,10:53,3,4,0,0,72,Kenny Anderson,BOS,Boston,1610612738.0,Celtics,0,,,,,,0,,,,,,,,,12:21 PM
224,0,4,236,0029900652,Walker REBOUND (Off:1 Def:4),,10:46,3,4,0,0,952,Antoine Walker,BOS,Boston,1610612738.0,Celtics,0,,,,,,0,,,,,,,,,12:22 PM
225,2,5,235,0029900652,Walker Lost Ball Turnover (P3.T9),,10:46,3,4,5,0,952,Antoine Walker,BOS,Boston,1610612738.0,Celtics,950,Stephon Marbury,NJN,New Jersey,1610612751.0,Nets,0,,,,,,,,Marbury STEAL (3 STL),12:22 PM
226,6,2,237,0029900652,,,10:37,3,5,0,0,950,Stephon Marbury,NJN,New Jersey,1610612751.0,Nets,0,,,,,,0,,,,,,,,MISS Marbury 3' Driving Layup,12:22 PM
227,0,4,238,0029900652,Pierce REBOUND (Off:0 Def:3),,10:36,3,4,0,0,1718,Paul Pierce,BOS,Boston,1610612738.0,Celtics,0,,,,,,0,,,,,,,,,12:22 PM
228,3,6,239,0029900652,,,10:36,3,5,0,0,29,Jim McIlvaine,NJN,New Jersey,1610612751.0,Nets,0,,,,,,0,,,,,,,,McIlvaine L.B.FOUL (P3.T1),12:22 PM
229,1,5,240,0029900652,Pierce Bad Pass Turnover (P2.T10),,10:27,3,4,5,0,1718,Paul Pierce,BOS,Boston,1610612738.0,Celtics,383,Kendall Gill,NJN,New Jersey,1610612751.0,Nets,0,,,,,,,,Gill STEAL (1 STL),12:22 PM
230,5,1,241,0029900652,,,10:20,3,5,5,0,29,Jim McIlvaine,NJN,New Jersey,1610612751.0,Nets,950,Stephon Marbury,NJN,New Jersey,1610612751.0,Nets,0,,,,,,61 - 50,-11,McIlvaine 2' Layup (2 PTS) (Marbury 7 AST),12:22 PM
231,2,6,242,0029900652,Pierce S.FOUL (P2.T1),,10:20,3,4,0,0,1718,Paul Pierce,BOS,Boston,1610612738.0,Celtics,0,,,,,,0,,,,,,,,,12:22 PM
232,10,3,243,0029900652,,,10:20,3,5,0,0,29,Jim McIlvaine,NJN,New Jersey,1610612751.0,Nets,0,,,,,,0,,,,,,,,MISS McIlvaine Free Throw 1 of 1,12:23 PM
233,0,4,244,0029900652,Potapenko REBOUND (Off:2 Def:5),,10:19,3,4,0,0,958,Vitaly Potapenko,BOS,Boston,1610612738.0,Celtics,0,,,,,,0,,,,,,,,,12:23 PM
234,1,2,245,0029900652,MISS Walker 25' 3PT Jump Shot,,9:54,3,4,0,0,952,Antoine Walker,BOS,Boston,1610612738.0,Celtics,0,,,,,,0,,,,,,,,,12:23 PM
235,0,4,246,0029900652,,,9:52,3,5,0,0,1496,Keith Van Horn,NJN,New Jersey,1610612751.0,Nets,0,,,,,,0,,,,,,,,Van Horn REBOUND (Off:2 Def:4),12:23 PM
236,2,6,247,0029900652,Potapenko S.FOUL (P2.T2),,9:42,3,4,0,0,958,Vitaly Potapenko,BOS,Boston,1610612738.0,Celtics,0,,,,,,0,,,,,,,,,12:23 PM
237,11,3,248,0029900652,,,9:42,3,5,0,0,1496,Keith Van Horn,NJN,New Jersey,1610612751.0,Nets,0,,,,,,0,,,,,,62 - 50,-12,Van Horn Free Throw 1 of 2 (7 PTS),12:23 PM
238,12,3,249,0029900652,,,9:42,3,5,0,0,1496,Keith Van Horn,NJN,New Jersey,1610612751.0,Nets,0,,,,,,0,,,,,,63 - 50,-13,Van Horn Free Throw 2 of 2 (8 PTS),12:24 PM
239,1,1,250,0029900652,Cheaney 20' Jump Shot (4 PTS) (Anderson 6 AST),,9:32,3,4,4,0,384,Calbert Cheaney,BOS,Boston,1610612738.0,Celtics,72,Kenny Anderson,BOS,Boston,1610612738.0,Celtics,0,,,,,,63 - 52,-11,,12:24 PM
240,4,6,251,0029900652,,,9:11,3,5,4,0,1496,Keith Van Horn,NJN,New Jersey,1610612751.0,Nets,952,Antoine Walker,BOS,Boston,1610612738.0,Celtics,0,,,,,,,,Van Horn OFF.Foul (P2),12:24 PM
241,5,5,252,0029900652,,,9:11,3,5,0,0,1496,Keith Van Horn,NJN,New Jersey,1610612751.0,Nets,0,,,,,,0,,,,,,,,Van Horn Foul Turnover (P2.T8),12:24 PM
242,1,1,253,0029900652,Pierce  3PT Jump Shot (15 PTS) (Cheaney 3 AST),,8:50,3,4,4,0,1718,Paul Pierce,BOS,Boston,1610612738.0,Celtics,384,Calbert Cheaney,BOS,Boston,1610612738.0,Celtics,0,,,,,,63 - 55,-8,,12:25 PM
243,1,1,254,0029900652,,,8:35,3,5,5,0,29,Jim McIlvaine,NJN,New Jersey,1610612751.0,Nets,1496,Keith Van Horn,NJN,New Jersey,1610612751.0,Nets,0,,,,,,65 - 55,-10,McIlvaine 18' Jump Shot (4 PTS) (Van Horn 1 AST),12:25 PM
244,1,6,255,0029900652,,,8:21,3,5,0,0,954,Kerry Kittles,NJN,New Jersey,1610612751.0,Nets,0,,,,,,0,,,,,,,,Kittles P.FOUL (P2.T2),12:25 PM
245,1,2,256,0029900652,MISS Anderson 9' Jump Shot,,8:16,3,4,0,0,72,Kenny Anderson,BOS,Boston,1610612738.0,Celtics,0,,,,,,0,,,,,,,,,12:26 PM
246,0,4,257,0029900652,Walker REBOUND (Off:2 Def:4),,8:15,3,4,0,0,952,Antoine Walker,BOS,Boston,1610612738.0,Celtics,0,,,,,,0,,,,,,,,,12:26 PM
247,2,5,258,0029900652,Potapenko Lost Ball Turnover (P2.T11),,8:09,3,4,0,0,958,Vitaly Potapenko,BOS,Boston,1610612738.0,Celtics,0,,,,,,0,,,,,,,,,12:26 PM
248,5,2,259,0029900652,,,7:57,3,5,0,0,1496,Keith Van Horn,NJN,New Jersey,1610612751.0,Nets,0,,,,,,0,,,,,,,,MISS Van Horn 3' Layup,12:26 PM
249,0,4,260,0029900652,,,7:54,3,5,0,0,29,Jim McIlvaine,NJN,New Jersey,1610612751.0,Nets,0,,,,,,0,,,,,,,,McIlvaine REBOUND (Off:1 Def:2),12:26 PM
250,4,5,261,0029900652,,,7:53,3,5,0,0,383,Kendall Gill,NJN,New Jersey,1610612751.0,Nets,0,,,,,,0,,,,,,,,Gill Traveling Turnover (P1.T9),12:26 PM
251,1,9,262,0029900652,CELTICS Timeout: Regular (Full 4 Short 0),,7:53,3,2,0,0,1610612738,,,,,,0,,,,,,0,,,,,,,,,12:27 PM
252,5,2,264,0029900652,MISS Walker 3' Layup,,7:36,3,4,0,0,952,Antoine Walker,BOS,Boston,1610612738.0,Celtics,0,,,,,,0,,,,,,,,,12:29 PM
253,0,4,265,0029900652,,,7:33,3,5,0,0,1496,Keith Van Horn,NJN,New Jersey,1610612751.0,Nets,0,,,,,,0,,,,,,,,Van Horn REBOUND (Off:2 Def:5),12:29 PM
254,5,2,266,0029900652,,,7:24,3,5,0,0,950,Stephon Marbury,NJN,New Jersey,1610612751.0,Nets,0,,,,,,0,,,,,,,,MISS Marbury 2' Layup,12:29 PM
255,0,4,267,0029900652,,,7:21,3,5,0,0,29,Jim McIlvaine,NJN,New Jersey,1610612751.0,Nets,0,,,,,,0,,,,,,,,McIlvaine REBOUND (Off:2 Def:2),12:29 PM
256,5,2,268,0029900652,,,7:20,3,5,0,0,29,Jim McIlvaine,NJN,New Jersey,1610612751.0,Nets,0,,,,,,0,,,,,,,,MISS McIlvaine 3' Layup,12:29 PM
257,0,4,269,0029900652,Cheaney REBOUND (Off:0 Def:6),,7:18,3,4,0,0,384,Calbert Cheaney,BOS,Boston,1610612738.0,Celtics,0,,,,,,0,,,,,,,,,12:29 PM
258,1,2,270,0029900652,MISS Anderson 25' 3PT Jump Shot,,7:07,3,4,0,0,72,Kenny Anderson,BOS,Boston,1610612738.0,Celtics,0,,,,,,0,,,,,,,,,12:29 PM
259,0,4,271,0029900652,,,7:05,3,5,0,0,1496,Keith Van Horn,NJN,New Jersey,1610612751.0,Nets,0,,,,,,0,,,,,,,,Van Horn REBOUND (Off:2 Def:6),12:29 PM
260,2,6,272,0029900652,Pierce S.FOUL (P3.T3),,6:57,3,4,0,0,1718,Paul Pierce,BOS,Boston,1610612738.0,Celtics,0,,,,,,0,,,,,,,,,12:30 PM
261,11,3,273,0029900652,,,6:57,3,5,0,0,950,Stephon Marbury,NJN,New Jersey,1610612751.0,Nets,0,,,,,,0,,,,,,66 - 55,-11,Marbury Free Throw 1 of 2 (12 PTS),12:30 PM
262,0,8,274,0029900652,,,6:57,3,5,5,0,954,Kerry Kittles,NJN,New Jersey,1610612751.0,Nets,446,Lucious Harris,NJN,New Jersey,1610612751.0,Nets,0,,,,,,,,SUB: Harris FOR Kittles,12:30 PM
263,12,3,275,0029900652,,,6:57,3,5,0,0,950,Stephon Marbury,NJN,New Jersey,1610612751.0,Nets,0,,,,,,0,,,,,,,,MISS Marbury Free Throw 2 of 2,12:30 PM
264,0,4,276,0029900652,Potapenko REBOUND (Off:2 Def:6),,6:56,3,4,0,0,958,Vitaly Potapenko,BOS,Boston,1610612738.0,Celtics,0,,,,,,0,,,,,,,,,12:30 PM
265,5,1,277,0029900652,Cheaney 2' Layup (6 PTS) (Anderson 7 AST),,6:32,3,4,4,0,384,Calbert Cheaney,BOS,Boston,1610612738.0,Celtics,72,Kenny Anderson,BOS,Boston,1610612738.0,Celtics,0,,,,,,66 - 57,-9,,12:31 PM
266,1,5,278,0029900652,Anderson STEAL (1 STL),,6:06,3,5,4,0,1496,Keith Van Horn,NJN,New Jersey,1610612751.0,Nets,72,Kenny Anderson,BOS,Boston,1610612738.0,Celtics,0,,,,,,,,Van Horn Bad Pass Turnover (P3.T10),12:31 PM
267,9,2,279,0029900652,MISS Pierce 4' Driving Dunk,,6:02,3,4,0,0,1718,Paul Pierce,BOS,Boston,1610612738.0,Celtics,0,,,,,,0,,,,,,,,,12:31 PM
268,0,4,280,0029900652,,,5:58,3,5,0,0,29,Jim McIlvaine,NJN,New Jersey,1610612751.0,Nets,0,,,,,,0,,,,,,,,McIlvaine REBOUND (Off:2 Def:3),12:31 PM
269,5,1,281,0029900652,,,5:42,3,5,0,0,950,Stephon Marbury,NJN,New Jersey,1610612751.0,Nets,0,,,,,,0,,,,,,68 - 57,-11,Marbury 6' Layup (14 PTS),12:31 PM
270,1,2,282,0029900652,MISS Cheaney 16' Jump Shot,,5:24,3,4,0,0,384,Calbert Cheaney,BOS,Boston,1610612738.0,Celtics,0,,,,,,0,,,,,,,,,12:32 PM
271,0,4,283,0029900652,Pierce REBOUND (Off:1 Def:3),,5:22,3,4,0,0,1718,Paul Pierce,BOS,Boston,1610612738.0,Celtics,0,,,,,,0,,,,,,,,,12:32 PM
272,5,2,284,0029900652,MISS Pierce 3' Layup,,5:21,3,4,0,5,1718,Paul Pierce,BOS,Boston,1610612738.0,Celtics,0,,,,,,29,Jim McIlvaine,NJN,New Jersey,1610612751.0,Nets,,,McIlvaine BLOCK (2 BLK),12:32 PM
273,0,4,285,0029900652,,,5:19,3,5,0,0,1496,Keith Van Horn,NJN,New Jersey,1610612751.0,Nets,0,,,,,,0,,,,,,,,Van Horn REBOUND (Off:2 Def:7),12:32 PM
274,2,6,286,0029900652,Pierce S.FOUL (P4.T4),,5:16,3,4,0,0,1718,Paul Pierce,BOS,Boston,1610612738.0,Celtics,0,,,,,,0,,,,,,,,,12:32 PM
275,0,8,287,0029900652,SUB: Griffin FOR Pierce,,5:16,3,4,4,0,1718,Paul Pierce,BOS,Boston,1610612738.0,Celtics,1559,Adrian Griffin,BOS,Boston,1610612738.0,Celtics,0,,,,,,,,,12:32 PM
276,0,8,288,0029900652,,,5:16,3,5,5,0,29,Jim McIlvaine,NJN,New Jersey,1610612751.0,Nets,994,Jamie Feick,NJN,New Jersey,1610612751.0,Nets,0,,,,,,,,SUB: Feick FOR McIlvaine,12:32 PM
277,11,3,289,0029900652,,,5:16,3,5,0,0,446,Lucious Harris,NJN,New Jersey,1610612751.0,Nets,0,,,,,,0,,,,,,69 - 57,-12,Harris Free Throw 1 of 2 (3 PTS),12:32 PM
278,12,3,290,0029900652,,,5:16,3,5,0,0,446,Lucious Harris,NJN,New Jersey,1610612751.0,Nets,0,,,,,,0,,,,,,70 - 57,-13,Harris Free Throw 2 of 2 (4 PTS),12:32 PM
279,1,2,291,0029900652,MISS Potapenko 6' Jump Shot,,4:52,3,4,0,0,958,Vitaly Potapenko,BOS,Boston,1610612738.0,Celtics,0,,,,,,0,,,,,,,,,12:33 PM
280,0,4,292,0029900652,,,4:50,3,5,0,0,994,Jamie Feick,NJN,New Jersey,1610612751.0,Nets,0,,,,,,0,,,,,,,,Feick REBOUND (Off:1 Def:4),12:33 PM
281,2,2,293,0029900652,,,4:30,3,5,0,0,446,Lucious Harris,NJN,New Jersey,1610612751.0,Nets,0,,,,,,0,,,,,,,,MISS Harris 16' Running Jump Shot,12:33 PM
282,0,4,294,0029900652,,,4:29,3,5,0,0,994,Jamie Feick,NJN,New Jersey,1610612751.0,Nets,0,,,,,,0,,,,,,,,Feick REBOUND (Off:2 Def:4),12:33 PM
283,5,1,295,0029900652,,,4:27,3,5,0,0,994,Jamie Feick,NJN,New Jersey,1610612751.0,Nets,0,,,,,,0,,,,,,72 - 57,-15,Feick 2' Layup (2 PTS),12:33 PM
284,1,9,297,0029900652,CELTICS Timeout: Regular (Full 5 Short 0),,4:25,3,2,0,0,1610612738,,,,,,0,,,,,,0,,,,,,,,,12:34 PM
285,0,8,298,0029900652,SUB: Battie FOR Potapenko,,4:25,3,4,4,0,958,Vitaly Potapenko,BOS,Boston,1610612738.0,Celtics,1499,Tony Battie,BOS,Boston,1610612738.0,Celtics,0,,,,,,,,,12:35 PM
286,1,6,299,0029900652,,,4:08,3,5,0,0,1496,Keith Van Horn,NJN,New Jersey,1610612751.0,Nets,0,,,,,,0,,,,,,,,Van Horn P.FOUL (P3.T3),12:36 PM
287,6,2,300,0029900652,MISS Anderson 3' Driving Layup,,4:02,3,4,0,0,72,Kenny Anderson,BOS,Boston,1610612738.0,Celtics,0,,,,,,0,,,,,,,,,12:36 PM
288,0,4,301,0029900652,,,4:00,3,3,0,0,1610612751,,,,,,0,,,,,,0,,,,,,,,Nets Rebound,12:36 PM
289,0,8,302,0029900652,,,4:00,3,5,5,0,1496,Keith Van Horn,NJN,New Jersey,1610612751.0,Nets,197,Scott Burrell,NJN,New Jersey,1610612751.0,Nets,0,,,,,,,,SUB: Burrell FOR Van Horn,12:36 PM
290,1,2,303,0029900652,,,3:43,3,5,0,0,197,Scott Burrell,NJN,New Jersey,1610612751.0,Nets,0,,,,,,0,,,,,,,,MISS Burrell 25' 3PT Jump Shot,12:37 PM
291,0,4,304,0029900652,,,3:41,3,3,0,0,1610612751,,,,,,0,,,,,,0,,,,,,,,Nets Rebound,12:37 PM
292,8,1,305,0029900652,,,3:39,3,5,5,0,950,Stephon Marbury,NJN,New Jersey,1610612751.0,Nets,383,Kendall Gill,NJN,New Jersey,1610612751.0,Nets,0,,,,,,74 - 57,-17,Marbury 3' Slam Dunk (16 PTS) (Gill 2 AST),12:37 PM
293,1,6,306,0029900652,,,3:24,3,5,0,0,197,Scott Burrell,NJN,New Jersey,1610612751.0,Nets,0,,,,,,0,,,,,,,,Burrell P.FOUL (P1.T4),12:38 PM
294,0,8,307,0029900652,SUB: Barros FOR Anderson,,3:24,3,4,4,0,72,Kenny Anderson,BOS,Boston,1610612738.0,Celtics,344,Dana Barros,BOS,Boston,1610612738.0,Celtics,0,,,,,,,,,12:38 PM
295,0,8,308,0029900652,SUB: McCarty FOR Walker,,3:24,3,4,4,0,952,Antoine Walker,BOS,Boston,1610612738.0,Celtics,962,Walter McCarty,BOS,Boston,1610612738.0,Celtics,0,,,,,,,,,12:38 PM
296,1,5,309,0029900652,Barros Bad Pass Turnover (P1.T12),,3:12,3,4,0,0,344,Dana Barros,BOS,Boston,1610612738.0,Celtics,0,,,,,,0,,,,,,,,,12:38 PM
297,0,8,310,0029900652,SUB: Overton FOR Griffin,,3:12,3,4,4,0,1559,Adrian Griffin,BOS,Boston,1610612738.0,Celtics,77,Doug Overton,BOS,Boston,1610612738.0,Celtics,0,,,,,,,,,12:39 PM
298,1,2,311,0029900652,,,2:53,3,5,0,0,950,Stephon Marbury,NJN,New Jersey,1610612751.0,Nets,0,,,,,,0,,,,,,,,MISS Marbury 17' Jump Shot,12:39 PM
299,0,4,312,0029900652,Barros REBOUND (Off:0 Def:1),,2:51,3,4,0,0,344,Dana Barros,BOS,Boston,1610612738.0,Celtics,0,,,,,,0,,,,,,,,,12:39 PM
300,5,1,313,0029900652,Battie 3' Layup (2 PTS) (Cheaney 4 AST),,2:47,3,4,4,0,1499,Tony Battie,BOS,Boston,1610612738.0,Celtics,384,Calbert Cheaney,BOS,Boston,1610612738.0,Celtics,0,,,,,,74 - 59,-15,,12:40 PM
301,2,6,314,0029900652,,,2:47,3,5,0,0,994,Jamie Feick,NJN,New Jersey,1610612751.0,Nets,0,,,,,,0,,,,,,,,Feick S.FOUL (P1.PN),12:40 PM
302,0,8,315,0029900652,,,2:47,3,5,5,0,383,Kendall Gill,NJN,New Jersey,1610612751.0,Nets,271,Johnny Newman,NJN,New Jersey,1610612751.0,Nets,0,,,,,,,,SUB: Newman FOR Gill,12:40 PM
303,10,3,316,0029900652,Battie Free Throw 1 of 1 (3 PTS),,2:47,3,4,0,0,1499,Tony Battie,BOS,Boston,1610612738.0,Celtics,0,,,,,,0,,,,,,74 - 60,-14,,12:40 PM
304,1,1,317,0029900652,,,2:33,3,5,5,0,994,Jamie Feick,NJN,New Jersey,1610612751.0,Nets,950,Stephon Marbury,NJN,New Jersey,1610612751.0,Nets,0,,,,,,76 - 60,-16,Feick 21' Jump Shot (4 PTS) (Marbury 8 AST),12:41 PM
305,1,1,318,0029900652,Barros 24' 3PT Jump Shot (3 PTS) (Cheaney 5 AST),,2:09,3,4,4,0,344,Dana Barros,BOS,Boston,1610612738.0,Celtics,384,Calbert Cheaney,BOS,Boston,1610612738.0,Celtics,0,,,,,,76 - 63,-13,,12:41 PM
306,1,1,319,0029900652,,,1:42,3,5,5,0,446,Lucious Harris,NJN,New Jersey,1610612751.0,Nets,950,Stephon Marbury,NJN,New Jersey,1610612751.0,Nets,0,,,,,,79 - 63,-16,Harris 24' 3PT Jump Shot (7 PTS) (Marbury 9 AST),12:42 PM
307,1,1,320,0029900652,Overton 20' Jump Shot (2 PTS) (Barros 1 AST),,1:20,3,4,4,0,77,Doug Overton,BOS,Boston,1610612738.0,Celtics,344,Dana Barros,BOS,Boston,1610612738.0,Celtics,0,,,,,,79 - 65,-14,,12:42 PM
308,1,1,321,0029900652,,,0:47,3,5,5,0,271,Johnny Newman,NJN,New Jersey,1610612751.0,Nets,950,Stephon Marbury,NJN,New Jersey,1610612751.0,Nets,0,,,,,,82 - 65,-17,Newman 25' 3PT Jump Shot (15 PTS) (Marbury 10 AST),12:42 PM
309,1,1,322,0029900652,Battie 7' Jump Shot (5 PTS) (Barros 2 AST),,0:31,3,4,4,0,1499,Tony Battie,BOS,Boston,1610612738.0,Celtics,344,Dana Barros,BOS,Boston,1610612738.0,Celtics,0,,,,,,82 - 67,-15,,12:43 PM
310,1,2,323,0029900652,,,0:10,3,5,0,0,446,Lucious Harris,NJN,New Jersey,1610612751.0,Nets,0,,,,,,0,,,,,,,,MISS Harris 25' 3PT Jump Shot,12:43 PM
311,0,4,324,0029900652,Barros REBOUND (Off:0 Def:2),,0:08,3,4,0,0,344,Dana Barros,BOS,Boston,1610612738.0,Celtics,0,,,,,,0,,,,,,,,,12:43 PM
312,1,1,325,0029900652,McCarty  3PT Jump Shot (3 PTS) (Cheaney 6 AST),,0:01,3,4,4,0,962,Walter McCarty,BOS,Boston,1610612738.0,Celtics,384,Calbert Cheaney,BOS,Boston,1610612738.0,Celtics,0,,,,,,82 - 70,-12,,12:43 PM
313,0,13,326,0029900652,,,0:00,3,0,0,0,0,,,,,,0,,,,,,0,,,,,,82 - 70,-12,,12:44 PM
314,0,12,328,0029900652,,,12:00,4,0,0,0,0,,,,,,0,,,,,,0,,,,,,82 - 70,-12,,12:46 PM
315,6,2,329,0029900652,MISS Barros 3' Driving Layup,,11:48,4,4,0,0,344,Dana Barros,BOS,Boston,1610612738.0,Celtics,0,,,,,,0,,,,,,,,,12:46 PM
316,0,4,330,0029900652,Battie REBOUND (Off:1 Def:0),,11:47,4,4,0,0,1499,Tony Battie,BOS,Boston,1610612738.0,Celtics,0,,,,,,0,,,,,,,,,12:46 PM
317,5,1,331,0029900652,Battie  Layup (7 PTS),,11:45,4,4,0,0,1499,Tony Battie,BOS,Boston,1610612738.0,Celtics,0,,,,,,0,,,,,,82 - 72,-10,,12:46 PM
318,1,2,332,0029900652,,,11:21,4,5,0,0,386,Elliot Perry,NJN,New Jersey,1610612751.0,Nets,0,,,,,,0,,,,,,,,MISS Perry 21' Jump Shot,12:47 PM
319,0,4,333,0029900652,Barros REBOUND (Off:0 Def:3),,11:19,4,4,0,0,344,Dana Barros,BOS,Boston,1610612738.0,Celtics,0,,,,,,0,,,,,,,,,12:47 PM
320,2,6,334,0029900652,,,11:14,4,5,0,0,271,Johnny Newman,NJN,New Jersey,1610612751.0,Nets,0,,,,,,0,,,,,,,,Newman S.FOUL (P4.T1),12:47 PM
321,11,3,335,0029900652,McCarty Free Throw 1 of 2 (4 PTS),,11:14,4,4,0,0,962,Walter McCarty,BOS,Boston,1610612738.0,Celtics,0,,,,,,0,,,,,,82 - 73,-9,,12:47 PM
322,0,8,336,0029900652,,,11:14,4,5,5,0,446,Lucious Harris,NJN,New Jersey,1610612751.0,Nets,383,Kendall Gill,NJN,New Jersey,1610612751.0,Nets,0,,,,,,,,SUB: Gill FOR Harris,12:47 PM
323,0,8,337,0029900652,,,11:14,4,5,5,0,197,Scott Burrell,NJN,New Jersey,1610612751.0,Nets,1496,Keith Van Horn,NJN,New Jersey,1610612751.0,Nets,0,,,,,,,,SUB: Van Horn FOR Burrell,12:47 PM
324,0,8,338,0029900652,,,11:14,4,5,5,0,271,Johnny Newman,NJN,New Jersey,1610612751.0,Nets,954,Kerry Kittles,NJN,New Jersey,1610612751.0,Nets,0,,,,,,,,SUB: Kittles FOR Newman,12:48 PM
325,12,3,339,0029900652,McCarty Free Throw 2 of 2 (5 PTS),,11:14,4,4,0,0,962,Walter McCarty,BOS,Boston,1610612738.0,Celtics,0,,,,,,0,,,,,,82 - 74,-8,,12:48 PM
326,1,2,340,0029900652,,,10:51,4,5,0,0,954,Kerry Kittles,NJN,New Jersey,1610612751.0,Nets,0,,,,,,0,,,,,,,,MISS Kittles 16' Jump Shot,12:48 PM
327,0,4,341,0029900652,McCarty REBOUND (Off:0 Def:1),,10:49,4,4,0,0,962,Walter McCarty,BOS,Boston,1610612738.0,Celtics,0,,,,,,0,,,,,,,,,12:48 PM
328,1,2,342,0029900652,MISS Battie 17' Jump Shot,,10:41,4,4,0,0,1499,Tony Battie,BOS,Boston,1610612738.0,Celtics,0,,,,,,0,,,,,,,,,12:48 PM
329,0,4,343,0029900652,,,10:40,4,5,0,0,383,Kendall Gill,NJN,New Jersey,1610612751.0,Nets,0,,,,,,0,,,,,,,,Gill REBOUND (Off:0 Def:1),12:48 PM
330,1,2,344,0029900652,McCarty BLOCK (1 BLK),,10:19,4,5,0,4,1496,Keith Van Horn,NJN,New Jersey,1610612751.0,Nets,0,,,,,,962,Walter McCarty,BOS,Boston,1610612738.0,Celtics,,,MISS Van Horn 12' Jump Shot,12:49 PM
331,0,4,348,0029900652,Cheaney REBOUND (Off:0 Def:7),,10:18,4,4,0,0,384,Calbert Cheaney,BOS,Boston,1610612738.0,Celtics,0,,,,,,0,,,,,,,,,12:49 PM
332,6,2,349,0029900652,MISS Overton 2' Driving Layup,,9:59,4,4,0,0,77,Doug Overton,BOS,Boston,1610612738.0,Celtics,0,,,,,,0,,,,,,,,,12:49 PM
333,0,4,345,0029900652,Barros REBOUND (Off:1 Def:3),,9:56,4,4,0,0,344,Dana Barros,BOS,Boston,1610612738.0,Celtics,0,,,,,,0,,,,,,,,,12:49 PM
334,1,1,346,0029900652,Barros 21' Jump Shot (5 PTS),,9:55,4,4,0,0,344,Dana Barros,BOS,Boston,1610612738.0,Celtics,0,,,,,,0,,,,,,82 - 76,-6,,12:49 PM
335,1,9,347,0029900652,,,9:53,4,3,0,0,1610612751,,,,,,0,,,,,,0,,,,,,,,Nets Timeout: Regular (Reg.2 Short 1),12:49 PM
336,0,8,351,0029900652,,,9:53,4,5,5,0,386,Elliot Perry,NJN,New Jersey,1610612751.0,Nets,950,Stephon Marbury,NJN,New Jersey,1610612751.0,Nets,0,,,,,,,,SUB: Marbury FOR Perry,12:51 PM
337,1,5,352,0029900652,Cheaney STEAL (1 STL),,9:39,4,5,4,0,383,Kendall Gill,NJN,New Jersey,1610612751.0,Nets,384,Calbert Cheaney,BOS,Boston,1610612738.0,Celtics,0,,,,,,,,Gill Bad Pass Turnover (P2.T11),12:52 PM
338,1,2,353,0029900652,MISS Barros 24' 3PT Jump Shot,,9:30,4,4,0,0,344,Dana Barros,BOS,Boston,1610612738.0,Celtics,0,,,,,,0,,,,,,,,,12:52 PM
339,0,4,354,0029900652,Battie REBOUND (Off:2 Def:0),,9:27,4,4,0,0,1499,Tony Battie,BOS,Boston,1610612738.0,Celtics,0,,,,,,0,,,,,,,,,12:52 PM
340,5,2,355,0029900652,MISS Battie 1' Layup,,9:25,4,4,0,0,1499,Tony Battie,BOS,Boston,1610612738.0,Celtics,0,,,,,,0,,,,,,,,,12:52 PM
341,0,4,356,0029900652,McCarty REBOUND (Off:1 Def:1),,9:24,4,4,0,0,962,Walter McCarty,BOS,Boston,1610612738.0,Celtics,0,,,,,,0,,,,,,,,,12:52 PM
342,1,2,357,0029900652,MISS Barros 24' 3PT Jump Shot,,9:22,4,4,0,0,344,Dana Barros,BOS,Boston,1610612738.0,Celtics,0,,,,,,0,,,,,,,,,12:52 PM
343,0,4,358,0029900652,,,9:20,4,5,0,0,1496,Keith Van Horn,NJN,New Jersey,1610612751.0,Nets,0,,,,,,0,,,,,,,,Van Horn REBOUND (Off:2 Def:8),12:52 PM
344,1,6,359,0029900652,McCarty P.FOUL (P1.T1),,9:10,4,4,0,0,962,Walter McCarty,BOS,Boston,1610612738.0,Celtics,0,,,,,,0,,,,,,,,,12:52 PM
345,5,2,361,0029900652,Battie BLOCK (1 BLK),,9:04,4,5,0,4,1496,Keith Van Horn,NJN,New Jersey,1610612751.0,Nets,0,,,,,,1499,Tony Battie,BOS,Boston,1610612738.0,Celtics,,,MISS Van Horn 3' Layup,12:52 PM
346,0,4,362,0029900652,Cheaney REBOUND (Off:0 Def:8),,9:00,4,4,0,0,384,Calbert Cheaney,BOS,Boston,1610612738.0,Celtics,0,,,,,,0,,,,,,,,,12:52 PM
347,1,5,363,0029900652,Barros Bad Pass Turnover (P2.T13),,8:57,4,4,5,0,344,Dana Barros,BOS,Boston,1610612738.0,Celtics,954,Kerry Kittles,NJN,New Jersey,1610612751.0,Nets,0,,,,,,,,Kittles STEAL (1 STL),12:53 PM
348,9,2,364,0029900652,,,8:52,4,5,0,0,1496,Keith Van Horn,NJN,New Jersey,1610612751.0,Nets,0,,,,,,0,,,,,,,,MISS Van Horn 3' Driving Dunk,12:53 PM
349,0,4,365,0029900652,,,8:51,4,5,0,0,950,Stephon Marbury,NJN,New Jersey,1610612751.0,Nets,0,,,,,,0,,,,,,,,Marbury REBOUND (Off:1 Def:3),12:53 PM
350,1,6,366,0029900652,Overton P.FOUL (P2.T2),,8:51,4,4,0,0,77,Doug Overton,BOS,Boston,1610612738.0,Celtics,0,,,,,,0,,,,,,,,,12:53 PM
351,0,8,367,0029900652,,,8:51,4,5,5,0,1496,Keith Van Horn,NJN,New Jersey,1610612751.0,Nets,197,Scott Burrell,NJN,New Jersey,1610612751.0,Nets,0,,,,,,,,SUB: Burrell FOR Van Horn,12:53 PM
352,1,2,368,0029900652,Cheaney BLOCK (2 BLK),,8:41,4,5,0,4,383,Kendall Gill,NJN,New Jersey,1610612751.0,Nets,0,,,,,,384,Calbert Cheaney,BOS,Boston,1610612738.0,Celtics,,,MISS Gill 10' Jump Shot,12:53 PM
353,0,4,369,0029900652,Battie REBOUND (Off:2 Def:1),,8:39,4,4,0,0,1499,Tony Battie,BOS,Boston,1610612738.0,Celtics,0,,,,,,0,,,,,,,,,12:53 PM
354,1,2,370,0029900652,MISS Barros 24' 3PT Jump Shot,,8:28,4,4,0,0,344,Dana Barros,BOS,Boston,1610612738.0,Celtics,0,,,,,,0,,,,,,,,,12:53 PM
355,0,4,371,0029900652,,,8:26,4,5,0,0,954,Kerry Kittles,NJN,New Jersey,1610612751.0,Nets,0,,,,,,0,,,,,,,,Kittles REBOUND (Off:0 Def:3),12:53 PM
356,1,2,372,0029900652,,,8:09,4,5,0,0,383,Kendall Gill,NJN,New Jersey,1610612751.0,Nets,0,,,,,,0,,,,,,,,MISS Gill 21' Jump Shot,12:54 PM
357,0,4,373,0029900652,,,8:07,4,3,0,0,1610612751,,,,,,0,,,,,,0,,,,,,,,Nets Rebound,12:54 PM
358,0,8,374,0029900652,,,8:07,4,5,5,0,383,Kendall Gill,NJN,New Jersey,1610612751.0,Nets,271,Johnny Newman,NJN,New Jersey,1610612751.0,Nets,0,,,,,,,,SUB: Newman FOR Gill,12:54 PM
359,0,8,375,0029900652,SUB: Griffin FOR Cheaney,,8:07,4,4,4,0,384,Calbert Cheaney,BOS,Boston,1610612738.0,Celtics,1559,Adrian Griffin,BOS,Boston,1610612738.0,Celtics,0,,,,,,,,,12:54 PM
360,0,8,376,0029900652,,,8:07,4,5,5,0,994,Jamie Feick,NJN,New Jersey,1610612751.0,Nets,29,Jim McIlvaine,NJN,New Jersey,1610612751.0,Nets,0,,,,,,,,SUB: McIlvaine FOR Feick,12:54 PM
361,1,9,377,0029900652,CELTICS Timeout: Regular (Full 6 Short 0),,8:07,4,2,0,0,1610612738,,,,,,0,,,,,,0,,,,,,,,,12:54 PM
362,0,8,379,0029900652,SUB: Anderson FOR Barros,,8:07,4,4,4,0,344,Dana Barros,BOS,Boston,1610612738.0,Celtics,72,Kenny Anderson,BOS,Boston,1610612738.0,Celtics,0,,,,,,,,,12:56 PM
363,0,8,380,0029900652,SUB: Pierce FOR Overton,,8:07,4,4,4,0,77,Doug Overton,BOS,Boston,1610612738.0,Celtics,1718,Paul Pierce,BOS,Boston,1610612738.0,Celtics,0,,,,,,,,,12:56 PM
364,0,8,381,0029900652,SUB: Walker FOR McCarty,,8:07,4,4,4,0,962,Walter McCarty,BOS,Boston,1610612738.0,Celtics,952,Antoine Walker,BOS,Boston,1610612738.0,Celtics,0,,,,,,,,,12:57 PM
365,8,1,382,0029900652,,,7:55,4,5,5,0,29,Jim McIlvaine,NJN,New Jersey,1610612751.0,Nets,954,Kerry Kittles,NJN,New Jersey,1610612751.0,Nets,0,,,,,,84 - 76,-8,McIlvaine 2' Slam Dunk (6 PTS) (Kittles 2 AST),12:57 PM
366,5,2,383,0029900652,MISS Walker 3' Layup,,7:38,4,4,0,5,952,Antoine Walker,BOS,Boston,1610612738.0,Celtics,0,,,,,,197,Scott Burrell,NJN,New Jersey,1610612751.0,Nets,,,Burrell BLOCK (1 BLK),12:57 PM
367,0,4,384,0029900652,CELTICS Rebound,,7:38,4,2,0,0,1610612738,,,,,,0,,,,,,0,,,,,,,,,12:57 PM
368,2,5,385,0029900652,Anderson Lost Ball Turnover (P4.T14),,7:31,4,4,5,0,72,Kenny Anderson,BOS,Boston,1610612738.0,Celtics,950,Stephon Marbury,NJN,New Jersey,1610612751.0,Nets,0,,,,,,,,Marbury STEAL (4 STL),12:57 PM
369,1,2,386,0029900652,,,7:21,4,5,0,0,197,Scott Burrell,NJN,New Jersey,1610612751.0,Nets,0,,,,,,0,,,,,,,,MISS Burrell 24' 3PT Jump Shot,12:57 PM
370,0,4,387,0029900652,Anderson REBOUND (Off:0 Def:2),,7:19,4,4,0,0,72,Kenny Anderson,BOS,Boston,1610612738.0,Celtics,0,,,,,,0,,,,,,,,,12:57 PM
371,2,6,388,0029900652,,,7:09,4,5,0,0,271,Johnny Newman,NJN,New Jersey,1610612751.0,Nets,0,,,,,,0,,,,,,,,Newman S.FOUL (P5.T2),12:58 PM
372,11,3,389,0029900652,Walker Free Throw 1 of 2 (7 PTS),,7:09,4,4,0,0,952,Antoine Walker,BOS,Boston,1610612738.0,Celtics,0,,,,,,0,,,,,,84 - 77,-7,,12:58 PM
373,12,3,390,0029900652,Walker Free Throw 2 of 2 (8 PTS),,7:09,4,4,0,0,952,Antoine Walker,BOS,Boston,1610612738.0,Celtics,0,,,,,,0,,,,,,84 - 78,-6,,12:58 PM
374,1,2,391,0029900652,,,6:51,4,5,0,0,271,Johnny Newman,NJN,New Jersey,1610612751.0,Nets,0,,,,,,0,,,,,,,,MISS Newman 19' Jump Shot,12:59 PM
375,0,4,392,0029900652,Pierce REBOUND (Off:1 Def:4),,6:48,4,4,0,0,1718,Paul Pierce,BOS,Boston,1610612738.0,Celtics,0,,,,,,0,,,,,,,,,12:59 PM
376,6,1,393,0029900652,Walker 4' Driving Layup (10 PTS),,6:36,4,4,0,0,952,Antoine Walker,BOS,Boston,1610612738.0,Celtics,0,,,,,,0,,,,,,84 - 80,-4,,12:59 PM
377,1,6,394,0029900652,Battie P.FOUL (P3.T3),,6:28,4,4,0,0,1499,Tony Battie,BOS,Boston,1610612738.0,Celtics,0,,,,,,0,,,,,,,,,12:59 PM
378,0,8,395,0029900652,SUB: Barros FOR Anderson,,6:28,4,4,4,0,72,Kenny Anderson,BOS,Boston,1610612738.0,Celtics,344,Dana Barros,BOS,Boston,1610612738.0,Celtics,0,,,,,,,,,12:59 PM
379,0,8,396,0029900652,,,6:28,4,5,5,0,954,Kerry Kittles,NJN,New Jersey,1610612751.0,Nets,383,Kendall Gill,NJN,New Jersey,1610612751.0,Nets,0,,,,,,,,SUB: Gill FOR Kittles,1:00 PM
380,1,1,397,0029900652,,,6:12,4,5,0,0,950,Stephon Marbury,NJN,New Jersey,1610612751.0,Nets,0,,,,,,0,,,,,,86 - 80,-6,Marbury 10' Jump Shot (18 PTS),1:00 PM
381,2,9,399,0029900652,CELTICS Timeout: Short (Full 6 Short 1),,6:09,4,2,0,0,1610612738,,,,,,0,,,,,,0,,,,,,,,,1:00 PM
382,2,6,400,0029900652,,,5:58,4,5,0,0,197,Scott Burrell,NJN,New Jersey,1610612751.0,Nets,0,,,,,,0,,,,,,,,Burrell S.FOUL (P2.T3),1:01 PM
383,11,3,401,0029900652,MISS Pierce Free Throw 1 of 2,,5:58,4,4,0,0,1718,Paul Pierce,BOS,Boston,1610612738.0,Celtics,0,,,,,,0,,,,,,,,,1:01 PM
384,1,4,402,0029900652,CELTICS Rebound,,5:58,4,2,0,0,1610612738,,,,,,0,,,,,,0,,,,,,,,,1:01 PM
385,12,3,403,0029900652,Pierce Free Throw 2 of 2 (16 PTS),,5:58,4,4,0,0,1718,Paul Pierce,BOS,Boston,1610612738.0,Celtics,0,,,,,,0,,,,,,86 - 81,-5,,1:02 PM
386,6,2,404,0029900652,,,5:47,4,5,0,0,950,Stephon Marbury,NJN,New Jersey,1610612751.0,Nets,0,,,,,,0,,,,,,,,MISS Marbury 3' Driving Layup,1:02 PM
387,0,4,405,0029900652,Walker REBOUND (Off:2 Def:5),,5:46,4,4,0,0,952,Antoine Walker,BOS,Boston,1610612738.0,Celtics,0,,,,,,0,,,,,,,,,1:02 PM
388,1,1,406,0029900652,Barros 24' 3PT Jump Shot (8 PTS) (Walker 3 AST),,5:35,4,4,4,0,344,Dana Barros,BOS,Boston,1610612738.0,Celtics,952,Antoine Walker,BOS,Boston,1610612738.0,Celtics,0,,,,,,86 - 84,-2,,1:02 PM
389,1,2,407,0029900652,,,5:01,4,5,0,0,383,Kendall Gill,NJN,New Jersey,1610612751.0,Nets,0,,,,,,0,,,,,,,,MISS Gill  3PT Jump Shot,1:03 PM
390,0,4,408,0029900652,Griffin REBOUND (Off:0 Def:1),,4:59,4,4,0,0,1559,Adrian Griffin,BOS,Boston,1610612738.0,Celtics,0,,,,,,0,,,,,,,,,1:03 PM
391,8,1,409,0029900652,Battie 3' Slam Dunk (9 PTS) (Walker 4 AST),,4:53,4,4,4,0,1499,Tony Battie,BOS,Boston,1610612738.0,Celtics,952,Antoine Walker,BOS,Boston,1610612738.0,Celtics,0,,,,,,86 - 86,TIE,,1:03 PM
392,1,9,410,0029900652,,,4:50,4,3,0,0,1610612751,,,,,,0,,,,,,0,,,,,,,,Nets Timeout: Regular (Reg.3 Short 1),1:03 PM
393,1,6,412,0029900652,Battie P.FOUL (P4.T4),,4:33,4,4,0,0,1499,Tony Battie,BOS,Boston,1610612738.0,Celtics,0,,,,,,0,,,,,,,,,1:05 PM
394,0,8,413,0029900652,,,4:33,4,5,5,0,271,Johnny Newman,NJN,New Jersey,1610612751.0,Nets,1496,Keith Van Horn,NJN,New Jersey,1610612751.0,Nets,0,,,,,,,,SUB: Van Horn FOR Newman,1:06 PM
395,1,1,414,0029900652,,,4:17,4,5,5,0,383,Kendall Gill,NJN,New Jersey,1610612751.0,Nets,950,Stephon Marbury,NJN,New Jersey,1610612751.0,Nets,0,,,,,,88 - 86,-2,Gill 18' Jump Shot (12 PTS) (Marbury 11 AST),1:06 PM
396,1,6,415,0029900652,,,4:05,4,5,0,0,383,Kendall Gill,NJN,New Jersey,1610612751.0,Nets,0,,,,,,0,,,,,,,,Gill P.FOUL (P2.T4),1:06 PM
397,2,6,416,0029900652,,,4:01,4,5,0,0,29,Jim McIlvaine,NJN,New Jersey,1610612751.0,Nets,0,,,,,,0,,,,,,,,McIlvaine S.FOUL (P4.PN),1:07 PM
398,11,3,417,0029900652,Pierce Free Throw 1 of 2 (17 PTS),,4:01,4,4,0,0,1718,Paul Pierce,BOS,Boston,1610612738.0,Celtics,0,,,,,,0,,,,,,88 - 87,-1,,1:07 PM
399,0,8,418,0029900652,,,4:01,4,5,5,0,29,Jim McIlvaine,NJN,New Jersey,1610612751.0,Nets,994,Jamie Feick,NJN,New Jersey,1610612751.0,Nets,0,,,,,,,,SUB: Feick FOR McIlvaine,1:07 PM
400,12,3,419,0029900652,MISS Pierce Free Throw 2 of 2,,4:01,4,4,0,0,1718,Paul Pierce,BOS,Boston,1610612738.0,Celtics,0,,,,,,0,,,,,,,,,1:07 PM
401,0,4,420,0029900652,Battie REBOUND (Off:3 Def:1),,3:59,4,4,0,0,1499,Tony Battie,BOS,Boston,1610612738.0,Celtics,0,,,,,,0,,,,,,,,,1:07 PM
402,5,1,421,0029900652,Battie 1' Layup (11 PTS),,3:58,4,4,0,0,1499,Tony Battie,BOS,Boston,1610612738.0,Celtics,0,,,,,,0,,,,,,88 - 89,1,,1:07 PM
403,1,2,422,0029900652,,,3:32,4,5,0,0,383,Kendall Gill,NJN,New Jersey,1610612751.0,Nets,0,,,,,,0,,,,,,,,MISS Gill 18' Jump Shot,1:08 PM
404,0,4,423,0029900652,Walker REBOUND (Off:2 Def:6),,3:30,4,4,0,0,952,Antoine Walker,BOS,Boston,1610612738.0,Celtics,0,,,,,,0,,,,,,,,,1:08 PM
405,1,2,424,0029900652,MISS Pierce 14' Jump Shot,,3:06,4,4,0,0,1718,Paul Pierce,BOS,Boston,1610612738.0,Celtics,0,,,,,,0,,,,,,,,,1:08 PM
406,0,4,425,0029900652,,,3:04,4,5,0,0,1496,Keith Van Horn,NJN,New Jersey,1610612751.0,Nets,0,,,,,,0,,,,,,,,Van Horn REBOUND (Off:2 Def:9),1:08 PM
407,1,1,426,0029900652,,,2:49,4,5,0,0,950,Stephon Marbury,NJN,New Jersey,1610612751.0,Nets,0,,,,,,0,,,,,,90 - 89,-1,Marbury 20' Jump Shot (20 PTS),1:09 PM
408,1,2,427,0029900652,MISS Pierce 25' 3PT Jump Shot,,2:33,4,4,0,0,1718,Paul Pierce,BOS,Boston,1610612738.0,Celtics,0,,,,,,0,,,,,,,,,1:09 PM
409,0,4,428,0029900652,Battie REBOUND (Off:4 Def:1),,2:30,4,4,0,0,1499,Tony Battie,BOS,Boston,1610612738.0,Celtics,0,,,,,,0,,,,,,,,,1:09 PM
410,2,6,429,0029900652,,,2:30,4,5,0,0,994,Jamie Feick,NJN,New Jersey,1610612751.0,Nets,0,,,,,,0,,,,,,,,Feick S.FOUL (P2.PN),1:09 PM
411,0,8,430,0029900652,SUB: Anderson FOR Barros,,2:30,4,4,4,0,344,Dana Barros,BOS,Boston,1610612738.0,Celtics,72,Kenny Anderson,BOS,Boston,1610612738.0,Celtics,0,,,,,,,,,1:09 PM
412,0,8,431,0029900652,,,2:30,4,5,5,0,994,Jamie Feick,NJN,New Jersey,1610612751.0,Nets,29,Jim McIlvaine,NJN,New Jersey,1610612751.0,Nets,0,,,,,,,,SUB: McIlvaine FOR Feick,1:09 PM
413,11,3,432,0029900652,Battie Free Throw 1 of 2 (12 PTS),,2:30,4,4,0,0,1499,Tony Battie,BOS,Boston,1610612738.0,Celtics,0,,,,,,0,,,,,,90 - 90,TIE,,1:10 PM
414,12,3,433,0029900652,Battie Free Throw 2 of 2 (13 PTS),,2:30,4,4,0,0,1499,Tony Battie,BOS,Boston,1610612738.0,Celtics,0,,,,,,0,,,,,,90 - 91,1,,1:10 PM
415,6,2,434,0029900652,,,2:10,4,5,0,0,950,Stephon Marbury,NJN,New Jersey,1610612751.0,Nets,0,,,,,,0,,,,,,,,MISS Marbury 2' Driving Layup,1:10 PM
416,0,4,435,0029900652,Walker REBOUND (Off:2 Def:7),,2:09,4,4,0,0,952,Antoine Walker,BOS,Boston,1610612738.0,Celtics,0,,,,,,0,,,,,,,,,1:10 PM
417,2,6,436,0029900652,,,2:06,4,5,0,0,197,Scott Burrell,NJN,New Jersey,1610612751.0,Nets,0,,,,,,0,,,,,,,,Burrell S.FOUL (P3.PN),1:10 PM
418,11,3,437,0029900652,MISS Battie Free Throw 1 of 2,,2:06,4,4,0,0,1499,Tony Battie,BOS,Boston,1610612738.0,Celtics,0,,,,,,0,,,,,,,,,1:11 PM
419,1,4,439,0029900652,CELTICS Rebound,,2:06,4,2,0,0,1610612738,,,,,,0,,,,,,0,,,,,,,,,1:11 PM
420,12,3,440,0029900652,Battie Free Throw 2 of 2 (14 PTS),,2:06,4,4,0,0,1499,Tony Battie,BOS,Boston,1610612738.0,Celtics,0,,,,,,0,,,,,,90 - 92,2,,1:11 PM
421,1,6,441,0029900652,Walker P.FOUL (P3.PN),,1:50,4,4,0,0,952,Antoine Walker,BOS,Boston,1610612738.0,Celtics,0,,,,,,0,,,,,,,,,1:12 PM
422,11,3,442,0029900652,,,1:50,4,5,0,0,1496,Keith Van Horn,NJN,New Jersey,1610612751.0,Nets,0,,,,,,0,,,,,,91 - 92,1,Van Horn Free Throw 1 of 2 (9 PTS),1:12 PM
423,12,3,443,0029900652,,,1:50,4,5,0,0,1496,Keith Van Horn,NJN,New Jersey,1610612751.0,Nets,0,,,,,,0,,,,,,92 - 92,TIE,Van Horn Free Throw 2 of 2 (10 PTS),1:12 PM
424,6,1,444,0029900652,Griffin 3' Driving Layup (5 PTS) (Anderson 8 AST),,1:32,4,4,4,0,1559,Adrian Griffin,BOS,Boston,1610612738.0,Celtics,72,Kenny Anderson,BOS,Boston,1610612738.0,Celtics,0,,,,,,92 - 94,2,,1:13 PM
425,1,1,445,0029900652,,,1:18,4,5,5,0,197,Scott Burrell,NJN,New Jersey,1610612751.0,Nets,383,Kendall Gill,NJN,New Jersey,1610612751.0,Nets,0,,,,,,95 - 94,-1,Burrell  3PT Jump Shot (13 PTS) (Gill 3 AST),1:13 PM
426,1,2,446,0029900652,MISS Battie 18' Jump Shot,,1:07,4,4,0,0,1499,Tony Battie,BOS,Boston,1610612738.0,Celtics,0,,,,,,0,,,,,,,,,1:13 PM
427,0,4,447,0029900652,Griffin REBOUND (Off:1 Def:1),,1:05,4,4,0,0,1559,Adrian Griffin,BOS,Boston,1610612738.0,Celtics,0,,,,,,0,,,,,,,,,1:13 PM
428,0,8,448,0029900652,SUB: Potapenko FOR Battie,,1:04,4,4,4,0,1499,Tony Battie,BOS,Boston,1610612738.0,Celtics,958,Vitaly Potapenko,BOS,Boston,1610612738.0,Celtics,0,,,,,,,,,1:14 PM
429,1,2,451,0029900652,MISS Walker 4' Jump Shot,,0:52,4,4,0,0,952,Antoine Walker,BOS,Boston,1610612738.0,Celtics,0,,,,,,0,,,,,,,,,1:14 PM
430,0,4,458,0029900652,Griffin REBOUND (Off:2 Def:1),,0:51,4,4,0,0,1559,Adrian Griffin,BOS,Boston,1610612738.0,Celtics,0,,,,,,0,,,,,,,,,1:14 PM
431,1,1,450,0029900652,Anderson 12' Jump Shot (11 PTS) (Walker 5 AST),,0:47,4,4,4,0,72,Kenny Anderson,BOS,Boston,1610612738.0,Celtics,952,Antoine Walker,BOS,Boston,1610612738.0,Celtics,0,,,,,,95 - 96,1,,1:14 PM
432,1,2,452,0029900652,,,0:31,4,5,0,0,29,Jim McIlvaine,NJN,New Jersey,1610612751.0,Nets,0,,,,,,0,,,,,,,,MISS McIlvaine 4' Jump Shot,1:14 PM
433,0,4,454,0029900652,,,0:28,4,5,0,0,29,Jim McIlvaine,NJN,New Jersey,1610612751.0,Nets,0,,,,,,0,,,,,,,,McIlvaine REBOUND (Off:3 Def:3),1:15 PM
434,1,2,453,0029900652,Pierce BLOCK (1 BLK),,0:28,4,5,0,4,29,Jim McIlvaine,NJN,New Jersey,1610612751.0,Nets,0,,,,,,1718,Paul Pierce,BOS,Boston,1610612738.0,Celtics,,,MISS McIlvaine 4' Jump Shot,1:15 PM
435,0,4,455,0029900652,Pierce REBOUND (Off:1 Def:5),,0:24,4,4,0,0,1718,Paul Pierce,BOS,Boston,1610612738.0,Celtics,0,,,,,,0,,,,,,,,,1:15 PM
436,1,6,457,0029900652,,,0:17,4,5,0,0,950,Stephon Marbury,NJN,New Jersey,1610612751.0,Nets,0,,,,,,0,,,,,,,,Marbury P.FOUL (P1.PN),1:15 PM
437,11,3,459,0029900652,Anderson Free Throw 1 of 2 (12 PTS),,0:17,4,4,0,0,72,Kenny Anderson,BOS,Boston,1610612738.0,Celtics,0,,,,,,0,,,,,,95 - 97,2,,1:15 PM
438,0,8,461,0029900652,SUB: Cheaney FOR Potapenko,,0:17,4,4,4,0,958,Vitaly Potapenko,BOS,Boston,1610612738.0,Celtics,384,Calbert Cheaney,BOS,Boston,1610612738.0,Celtics,0,,,,,,,,,1:16 PM
439,12,3,462,0029900652,Anderson Free Throw 2 of 2 (13 PTS),,0:17,4,4,0,0,72,Kenny Anderson,BOS,Boston,1610612738.0,Celtics,0,,,,,,0,,,,,,95 - 98,3,,1:16 PM
440,1,9,464,0029900652,,,0:17,4,3,0,0,1610612751,,,,,,0,,,,,,0,,,,,,,,Nets Timeout: Regular (Reg.4 Short 1),1:16 PM
441,0,8,465,0029900652,,,0:17,4,5,5,0,29,Jim McIlvaine,NJN,New Jersey,1610612751.0,Nets,271,Johnny Newman,NJN,New Jersey,1610612751.0,Nets,0,,,,,,,,SUB: Newman FOR McIlvaine,1:18 PM
442,2,9,466,0029900652,,,0:17,4,3,0,0,1610612751,,,,,,0,,,,,,0,,,,,,,,Nets Timeout: Short (Reg.4 Short 2),1:18 PM
443,1,9,467,0029900652,,,0:17,4,3,0,0,1610612751,,,,,,0,,,,,,0,,,,,,,,Nets Timeout: Regular (Reg.5 Short 2),1:19 PM
444,0,8,468,0029900652,SUB: Battie FOR Walker,,0:17,4,4,4,0,952,Antoine Walker,BOS,Boston,1610612738.0,Celtics,1499,Tony Battie,BOS,Boston,1610612738.0,Celtics,0,,,,,,,,,1:21 PM
445,1,7,469,0029900652,CELTICS Violation: Delay of game Violation,,0:17,4,2,0,1,1610612738,,,,,,0,,,,,,0,,,,,,,,,1:21 PM
446,1,2,470,0029900652,,,0:06,4,5,0,0,197,Scott Burrell,NJN,New Jersey,1610612751.0,Nets,0,,,,,,0,,,,,,,,MISS Burrell 29' 3PT Jump Shot,1:21 PM
447,0,4,471,0029900652,Griffin REBOUND (Off:2 Def:2),,0:04,4,4,0,0,1559,Adrian Griffin,BOS,Boston,1610612738.0,Celtics,0,,,,,,0,,,,,,,,,1:21 PM
448,1,6,472,0029900652,,,0:03,4,5,0,0,1496,Keith Van Horn,NJN,New Jersey,1610612751.0,Nets,0,,,,,,0,,,,,,,,Van Horn P.FOUL (P4.PN),1:21 PM
449,11,3,473,0029900652,Pierce Free Throw 1 of 2 (18 PTS),,0:03,4,4,0,0,1718,Paul Pierce,BOS,Boston,1610612738.0,Celtics,0,,,,,,0,,,,,,95 - 99,4,,1:22 PM
450,0,8,474,0029900652,SUB: Walker FOR Battie,,0:03,4,4,4,0,1499,Tony Battie,BOS,Boston,1610612738.0,Celtics,952,Antoine Walker,BOS,Boston,1610612738.0,Celtics,0,,,,,,,,,1:22 PM
451,12,3,475,0029900652,Pierce Free Throw 2 of 2 (19 PTS),,0:03,4,4,0,0,1718,Paul Pierce,BOS,Boston,1610612738.0,Celtics,0,,,,,,0,,,,,,95 - 100,5,,1:22 PM
452,1,2,476,0029900652,,,0:00,4,5,0,0,197,Scott Burrell,NJN,New Jersey,1610612751.0,Nets,0,,,,,,0,,,,,,,,MISS Burrell 18' Jump Shot,1:22 PM
453,0,4,477,0029900652,CELTICS Rebound,,0:00,4,2,0,0,1610612738,,,,,,0,,,,,,0,,,,,,,,,1:22 PM
454,0,13,478,0029900652,,,0:00,4,0,0,0,0,,,,,,0,,,,,,0,,,,,,95 - 100,5,,1:23 PM
