,EVENTMSGACTIONTYPE,EVENTMSGTYPE,EVENTNUM,GAME_ID,HOMEDESCRIPTION,NEUTRALDESCRIPTION,PCTIMESTRING,PERIOD,PERSON1TYPE,PERSON2TYPE,PERSON3TYPE,PLAYER1_ID,PLAYER1_NAME,PLAYER1_TEAM_ABBREVIATION,PLAYER1_TEAM_CITY,PLAYER1_TEAM_ID,PLAYER1_TEAM_NICKNAME,PLAYER2_ID,PLAYER2_NAME,PLAYER2_TEAM_ABBREVIATION,PLAYER2_TEAM_CITY,PLAYER2_TEAM_ID,PLAYER2_TEAM_NICKNAME,PLAYER3_ID,PLAYER3_NAME,PLAYER3_TEAM_ABBREVIATION,PLAYER3_TEAM_CITY,PLAYER3_TEAM_ID,PLAYER3_TEAM_NICKNAME,SCORE,SCOREMARGIN,VISITORDESCRIPTION,WCTIMESTRING
0,0,12,0,0021600495,,,12:00,1,0,0,0,0,,,,,,0,,,,,,0,,,,,,,,,8:11 PM
1,0,10,1,0021600495,Jump Ball Davis vs. Noah: Tip to Rose,,12:00,1,4,5,5,203076,Anthony Davis,NOP,New Orleans,1610612740.0,Pelicans,201149,Joakim Noah,NYK,New York,1610612752.0,Knicks,201565,Derrick Rose,NYK,New York,1610612752.0,Knicks,,,,8:11 PM
2,1,2,2,0021600495,,,11:35,1,5,0,0,2756,Sasha Vujacic,NYK,New York,1610612752.0,Knicks,0,,,,,,0,,,,,,,,MISS Vujacic 24' 3PT Jump Shot,8:11 PM
3,0,4,3,0021600495,Davis REBOUND (Off:0 Def:1),,11:34,1,4,0,0,203076,Anthony Davis,NOP,New Orleans,1610612740.0,Pelicans,0,,,,,,0,,,,,,,,,8:11 PM
4,1,2,4,0021600495,MISS Holiday 8' Jump Shot,,11:15,1,4,0,0,201950,Jrue Holiday,NOP,New Orleans,1610612740.0,Pelicans,0,,,,,,0,,,,,,,,,8:12 PM
5,0,4,5,0021600495,,,11:14,1,5,0,0,2546,Carmelo Anthony,NYK,New York,1610612752.0,Knicks,0,,,,,,0,,,,,,,,Anthony REBOUND (Off:0 Def:1),8:12 PM
6,15,5,6,0021600495,,,11:04,1,5,0,1,201565,Derrick Rose,NYK,New York,1610612752.0,Knicks,0,,,,,,0,,,,,,,,Rose Offensive Goaltending Turnover (P1.T1),8:12 PM
7,5,2,7,0021600495,MISS Cunningham 3' Layup,,10:46,1,4,0,5,201967,Dante Cunningham,NOP,New Orleans,1610612740.0,Pelicans,0,,,,,,201149,Joakim Noah,NYK,New York,1610612752.0,Knicks,,,Noah BLOCK (1 BLK),8:12 PM
8,0,4,8,0021600495,,,10:44,1,5,0,0,204001,Kristaps Porzingis,NYK,New York,1610612752.0,Knicks,0,,,,,,0,,,,,,,,Porzingis REBOUND (Off:0 Def:1),8:12 PM
9,1,2,9,0021600495,,,10:36,1,5,0,0,2546,Carmelo Anthony,NYK,New York,1610612752.0,Knicks,0,,,,,,0,,,,,,,,MISS Anthony 16' Jump Shot,8:12 PM
10,0,4,10,0021600495,Davis REBOUND (Off:0 Def:2),,10:35,1,4,0,0,203076,Anthony Davis,NOP,New Orleans,1610612740.0,Pelicans,0,,,,,,0,,,,,,,,,8:12 PM
11,1,1,11,0021600495,Hield 25' 3PT Jump Shot (3 PTS),,10:26,1,4,0,0,1627741,Buddy Hield,NOP,New Orleans,1610612740.0,Pelicans,0,,,,,,0,,,,,,0 - 3,3,,8:13 PM
12,1,1,12,0021600495,,,10:05,1,5,5,0,201565,Derrick Rose,NYK,New York,1610612752.0,Knicks,2546,Carmelo Anthony,NYK,New York,1610612752.0,Knicks,0,,,,,,3 - 3,TIE,Rose 25' 3PT Jump Shot (3 PTS) (Anthony 1 AST),8:13 PM
13,5,2,13,0021600495,MISS Hield 1' Layup,,9:47,1,4,0,0,1627741,Buddy Hield,NOP,New Orleans,1610612740.0,Pelicans,0,,,,,,0,,,,,,,,,8:13 PM
14,0,4,14,0021600495,,,9:46,1,5,0,0,201149,Joakim Noah,NYK,New York,1610612752.0,Knicks,0,,,,,,0,,,,,,,,Noah REBOUND (Off:0 Def:1),8:13 PM
15,45,5,15,0021600495,,,9:43,1,5,0,0,201149,Joakim Noah,NYK,New York,1610612752.0,Knicks,0,,,,,,0,,,,,,,,Noah Out of Bounds - Bad Pass Turnover Turnover (P1.T2),8:13 PM
16,1,5,16,0021600495,Hield Bad Pass Turnover (P1.T1),,9:34,1,4,5,0,1627741,Buddy Hield,NOP,New Orleans,1610612740.0,Pelicans,201565,Derrick Rose,NYK,New York,1610612752.0,Knicks,0,,,,,,,,Rose STEAL (1 STL),8:14 PM
17,5,2,17,0021600495,Cunningham BLOCK (1 BLK),,9:31,1,5,0,4,201565,Derrick Rose,NYK,New York,1610612752.0,Knicks,0,,,,,,201967,Dante Cunningham,NOP,New Orleans,1610612740.0,Pelicans,,,MISS Rose 2' Layup,8:14 PM
18,0,4,18,0021600495,,,9:31,1,3,0,0,1610612752,,,,,,0,,,,,,0,,,,,,,,Knicks Rebound,8:14 PM
19,5,2,19,0021600495,,,9:28,1,5,0,0,201149,Joakim Noah,NYK,New York,1610612752.0,Knicks,0,,,,,,0,,,,,,,,MISS Noah 1' Layup,8:14 PM
20,0,4,20,0021600495,Davis REBOUND (Off:0 Def:3),,9:28,1,4,0,0,203076,Anthony Davis,NOP,New Orleans,1610612740.0,Pelicans,0,,,,,,0,,,,,,,,,8:14 PM
21,3,6,21,0021600495,,,9:28,1,5,4,1,201149,Joakim Noah,NYK,New York,1610612752.0,Knicks,203076,Anthony Davis,NOP,New Orleans,1610612740.0,Pelicans,0,,,,,,,,Noah L.B.FOUL (P1.T1) (J.Capers),8:14 PM
22,78,1,22,0021600495,Davis 4' Floating Jump Shot (2 PTS),,9:13,1,4,0,0,203076,Anthony Davis,NOP,New Orleans,1610612740.0,Pelicans,0,,,,,,0,,,,,,3 - 5,2,,8:15 PM
23,1,5,23,0021600495,Davis STEAL (1 STL),,9:00,1,5,4,0,2546,Carmelo Anthony,NYK,New York,1610612752.0,Knicks,203076,Anthony Davis,NOP,New Orleans,1610612740.0,Pelicans,0,,,,,,,,Anthony Bad Pass Turnover (P1.T3),8:15 PM
24,44,1,24,0021600495,Cunningham 3' Reverse Layup (2 PTS) (Davis 1 AST),,8:52,1,4,4,0,201967,Dante Cunningham,NOP,New Orleans,1610612740.0,Pelicans,203076,Anthony Davis,NOP,New Orleans,1610612740.0,Pelicans,0,,,,,,3 - 7,4,,8:15 PM
25,52,1,25,0021600495,,,8:39,1,5,5,0,204001,Kristaps Porzingis,NYK,New York,1610612752.0,Knicks,201149,Joakim Noah,NYK,New York,1610612752.0,Knicks,0,,,,,,5 - 7,2,Porzingis  Alley Oop Dunk (2 PTS) (Noah 1 AST),8:15 PM
26,1,2,26,0021600495,MISS Holiday 5' Jump Shot,,8:25,1,4,0,0,201950,Jrue Holiday,NOP,New Orleans,1610612740.0,Pelicans,0,,,,,,0,,,,,,,,,8:15 PM
27,0,4,27,0021600495,,,8:24,1,5,0,0,204001,Kristaps Porzingis,NYK,New York,1610612752.0,Knicks,0,,,,,,0,,,,,,,,Porzingis REBOUND (Off:0 Def:2),8:15 PM
28,1,2,28,0021600495,,,8:18,1,5,0,0,204001,Kristaps Porzingis,NYK,New York,1610612752.0,Knicks,0,,,,,,0,,,,,,,,MISS Porzingis 29' 3PT Jump Shot,8:15 PM
29,0,4,29,0021600495,Davis REBOUND (Off:0 Def:4),,8:17,1,4,0,0,203076,Anthony Davis,NOP,New Orleans,1610612740.0,Pelicans,0,,,,,,0,,,,,,,,,8:15 PM
30,5,2,30,0021600495,MISS Cunningham 1' Layup,,8:10,1,4,0,0,201967,Dante Cunningham,NOP,New Orleans,1610612740.0,Pelicans,0,,,,,,0,,,,,,,,,8:16 PM
31,0,4,31,0021600495,,,8:09,1,5,0,0,2546,Carmelo Anthony,NYK,New York,1610612752.0,Knicks,0,,,,,,0,,,,,,,,Anthony REBOUND (Off:0 Def:2),8:16 PM
32,1,5,32,0021600495,Holiday STEAL (1 STL),,8:05,1,5,4,0,2546,Carmelo Anthony,NYK,New York,1610612752.0,Knicks,201950,Jrue Holiday,NOP,New Orleans,1610612740.0,Pelicans,0,,,,,,,,Anthony Bad Pass Turnover (P2.T4),8:16 PM
33,5,1,33,0021600495,Holiday 2' Layup (2 PTS),,8:01,1,4,0,0,201950,Jrue Holiday,NOP,New Orleans,1610612740.0,Pelicans,0,,,,,,0,,,,,,5 - 9,4,,8:16 PM
34,78,1,34,0021600495,,,7:40,1,5,0,0,201565,Derrick Rose,NYK,New York,1610612752.0,Knicks,0,,,,,,0,,,,,,7 - 9,2,Rose 11' Floating Jump Shot (5 PTS),8:16 PM
35,1,2,36,0021600495,MISS Hield 25' 3PT Jump Shot,,7:25,1,4,0,0,1627741,Buddy Hield,NOP,New Orleans,1610612740.0,Pelicans,0,,,,,,0,,,,,,,,,8:16 PM
36,0,4,37,0021600495,,,7:25,1,5,0,0,201149,Joakim Noah,NYK,New York,1610612752.0,Knicks,0,,,,,,0,,,,,,,,Noah REBOUND (Off:0 Def:2),8:16 PM
37,47,1,38,0021600495,,,7:09,1,5,0,0,204001,Kristaps Porzingis,NYK,New York,1610612752.0,Knicks,0,,,,,,0,,,,,,9 - 9,TIE,Porzingis 14' Turnaround Jump Shot (4 PTS),8:17 PM
38,1,2,39,0021600495,MISS Davis 10' Jump Shot,,6:47,1,4,0,0,203076,Anthony Davis,NOP,New Orleans,1610612740.0,Pelicans,0,,,,,,0,,,,,,,,,8:17 PM
39,0,4,40,0021600495,,,6:46,1,5,0,0,204001,Kristaps Porzingis,NYK,New York,1610612752.0,Knicks,0,,,,,,0,,,,,,,,Porzingis REBOUND (Off:0 Def:3),8:17 PM
40,1,2,41,0021600495,,,6:31,1,5,0,0,204001,Kristaps Porzingis,NYK,New York,1610612752.0,Knicks,0,,,,,,0,,,,,,,,MISS Porzingis 12' Jump Shot,8:17 PM
41,0,4,42,0021600495,Davis REBOUND (Off:0 Def:5),,6:30,1,4,0,0,203076,Anthony Davis,NOP,New Orleans,1610612740.0,Pelicans,0,,,,,,0,,,,,,,,,8:17 PM
42,1,2,43,0021600495,MISS Davis 14' Jump Shot,,6:20,1,4,0,0,203076,Anthony Davis,NOP,New Orleans,1610612740.0,Pelicans,0,,,,,,0,,,,,,,,,8:17 PM
43,0,4,44,0021600495,,,6:20,1,5,0,0,204001,Kristaps Porzingis,NYK,New York,1610612752.0,Knicks,0,,,,,,0,,,,,,,,Porzingis REBOUND (Off:0 Def:4),8:17 PM
44,1,2,45,0021600495,,,6:10,1,5,0,0,201565,Derrick Rose,NYK,New York,1610612752.0,Knicks,0,,,,,,0,,,,,,,,MISS Rose 18' Jump Shot,8:18 PM
45,0,4,46,0021600495,Davis REBOUND (Off:0 Def:6),,6:10,1,4,0,0,203076,Anthony Davis,NOP,New Orleans,1610612740.0,Pelicans,0,,,,,,0,,,,,,,,,8:18 PM
46,5,1,47,0021600495,Davis 2' Layup (4 PTS),,6:05,1,4,0,0,203076,Anthony Davis,NOP,New Orleans,1610612740.0,Pelicans,0,,,,,,0,,,,,,9 - 11,2,,8:18 PM
47,2,6,48,0021600495,,,6:05,1,5,4,1,2546,Carmelo Anthony,NYK,New York,1610612752.0,Knicks,203076,Anthony Davis,NOP,New Orleans,1610612740.0,Pelicans,0,,,,,,,,Anthony S.FOUL (P1.T2) (J.Capers),8:18 PM
48,10,3,49,0021600495,Davis Free Throw 1 of 1 (5 PTS),,6:05,1,4,0,0,203076,Anthony Davis,NOP,New Orleans,1610612740.0,Pelicans,0,,,,,,0,,,,,,9 - 12,3,,8:18 PM
49,98,1,51,0021600495,,,5:45,1,5,5,0,201565,Derrick Rose,NYK,New York,1610612752.0,Knicks,201149,Joakim Noah,NYK,New York,1610612752.0,Knicks,0,,,,,,11 - 12,1,Rose 1' Cutting Layup Shot (7 PTS) (Noah 2 AST),8:18 PM
50,1,1,52,0021600495,Davis 4' Jump Shot (7 PTS) (Holiday 1 AST),,5:31,1,4,4,0,203076,Anthony Davis,NOP,New Orleans,1610612740.0,Pelicans,201950,Jrue Holiday,NOP,New Orleans,1610612740.0,Pelicans,0,,,,,,11 - 14,3,,8:19 PM
51,1,9,53,0021600495,,,5:26,1,3,0,0,1610612752,,,,,,0,,,,,,0,,,,,,,,Knicks Timeout: Regular (Reg.1 Short 0),8:19 PM
52,0,8,55,0021600495,,,5:26,1,5,5,0,2756,Sasha Vujacic,NYK,New York,1610612752.0,Knicks,203200,Justin Holiday,NYK,New York,1610612752.0,Knicks,0,,,,,,,,SUB: Holiday FOR Vujacic,8:21 PM
53,79,1,56,0021600495,,,5:19,1,5,0,0,2546,Carmelo Anthony,NYK,New York,1610612752.0,Knicks,0,,,,,,0,,,,,,13 - 14,1,Anthony 18' Pullup Jump Shot (2 PTS),8:22 PM
54,5,1,57,0021600495,Holiday 3' Layup (4 PTS),,5:03,1,4,0,0,201950,Jrue Holiday,NOP,New Orleans,1610612740.0,Pelicans,0,,,,,,0,,,,,,13 - 16,3,,8:22 PM
55,4,5,58,0021600495,,,4:52,1,5,0,1,201149,Joakim Noah,NYK,New York,1610612752.0,Knicks,0,,,,,,0,,,,,,,,Noah Traveling Turnover (P2.T5),8:22 PM
56,1,1,59,0021600495,Hield 25' 3PT Jump Shot (6 PTS) (Davis 2 AST),,4:42,1,4,4,0,1627741,Buddy Hield,NOP,New Orleans,1610612740.0,Pelicans,203076,Anthony Davis,NOP,New Orleans,1610612740.0,Pelicans,0,,,,,,13 - 19,6,,8:22 PM
57,47,1,60,0021600495,,,4:21,1,5,0,0,2546,Carmelo Anthony,NYK,New York,1610612752.0,Knicks,0,,,,,,0,,,,,,15 - 19,4,Anthony 12' Turnaround Jump Shot (4 PTS),8:23 PM
58,1,1,61,0021600495,Holiday 15' Jump Shot (6 PTS),,4:07,1,4,0,0,201950,Jrue Holiday,NOP,New Orleans,1610612740.0,Pelicans,0,,,,,,0,,,,,,15 - 21,6,,8:23 PM
59,2,6,62,0021600495,S. Hill S.FOUL (P1.T1) (J.Capers),,3:56,1,4,5,1,203524,Solomon Hill,NOP,New Orleans,1610612740.0,Pelicans,2546,Carmelo Anthony,NYK,New York,1610612752.0,Knicks,0,,,,,,,,,8:23 PM
60,11,3,63,0021600495,,,3:56,1,5,0,0,2546,Carmelo Anthony,NYK,New York,1610612752.0,Knicks,0,,,,,,0,,,,,,16 - 21,5,Anthony Free Throw 1 of 2 (5 PTS),8:24 PM
61,0,8,65,0021600495,,,3:56,1,5,5,0,204001,Kristaps Porzingis,NYK,New York,1610612752.0,Knicks,202498,Lance Thomas,NYK,New York,1610612752.0,Knicks,0,,,,,,,,SUB: Thomas FOR Porzingis,8:24 PM
62,12,3,66,0021600495,,,3:56,1,5,0,0,2546,Carmelo Anthony,NYK,New York,1610612752.0,Knicks,0,,,,,,0,,,,,,17 - 21,4,Anthony Free Throw 2 of 2 (6 PTS),8:24 PM
63,1,2,68,0021600495,MISS Cunningham 25' 3PT Jump Shot,,3:34,1,4,0,0,201967,Dante Cunningham,NOP,New Orleans,1610612740.0,Pelicans,0,,,,,,0,,,,,,,,,8:25 PM
64,0,4,69,0021600495,,,3:33,1,5,0,0,2546,Carmelo Anthony,NYK,New York,1610612752.0,Knicks,0,,,,,,0,,,,,,,,Anthony REBOUND (Off:0 Def:3),8:25 PM
65,2,6,70,0021600495,S. Hill S.FOUL (P2.T2) (J.Tiven),,3:27,1,4,5,1,203524,Solomon Hill,NOP,New Orleans,1610612740.0,Pelicans,2546,Carmelo Anthony,NYK,New York,1610612752.0,Knicks,0,,,,,,,,,8:25 PM
66,11,3,71,0021600495,,,3:27,1,5,0,0,2546,Carmelo Anthony,NYK,New York,1610612752.0,Knicks,0,,,,,,0,,,,,,18 - 21,3,Anthony Free Throw 1 of 2 (7 PTS),8:25 PM
67,0,8,73,0021600495,SUB: Jones FOR S. Hill,,3:27,1,4,4,0,203524,Solomon Hill,NOP,New Orleans,1610612740.0,Pelicans,203093,Terrence Jones,NOP,New Orleans,1610612740.0,Pelicans,0,,,,,,,,,8:25 PM
68,12,3,74,0021600495,,,3:27,1,5,0,0,2546,Carmelo Anthony,NYK,New York,1610612752.0,Knicks,0,,,,,,0,,,,,,19 - 21,2,Anthony Free Throw 2 of 2 (8 PTS),8:25 PM
69,1,1,76,0021600495,Cunningham  3PT Jump Shot (5 PTS) (Holiday 2 AST),,3:16,1,4,4,0,201967,Dante Cunningham,NOP,New Orleans,1610612740.0,Pelicans,201950,Jrue Holiday,NOP,New Orleans,1610612740.0,Pelicans,0,,,,,,19 - 24,5,,8:26 PM
70,5,2,77,0021600495,Jones BLOCK (1 BLK),,3:01,1,5,0,4,201149,Joakim Noah,NYK,New York,1610612752.0,Knicks,0,,,,,,203093,Terrence Jones,NOP,New Orleans,1610612740.0,Pelicans,,,MISS Noah 2' Layup,8:26 PM
71,0,4,78,0021600495,PELICANS Rebound,,3:01,1,2,0,0,1610612740,,,,,,0,,,,,,0,,,,,,,,,8:26 PM
72,0,8,79,0021600495,SUB: Galloway FOR Hield,,3:01,1,4,4,0,1627741,Buddy Hield,NOP,New Orleans,1610612740.0,Pelicans,204038,Langston Galloway,NOP,New Orleans,1610612740.0,Pelicans,0,,,,,,,,,8:26 PM
73,1,2,80,0021600495,MISS Galloway 4' Jump Shot,,2:49,1,4,0,0,204038,Langston Galloway,NOP,New Orleans,1610612740.0,Pelicans,0,,,,,,0,,,,,,,,,8:26 PM
74,0,4,81,0021600495,,,2:48,1,5,0,0,203200,Justin Holiday,NYK,New York,1610612752.0,Knicks,0,,,,,,0,,,,,,,,Holiday REBOUND (Off:0 Def:1),8:26 PM
75,1,2,82,0021600495,,,2:38,1,5,0,0,2546,Carmelo Anthony,NYK,New York,1610612752.0,Knicks,0,,,,,,0,,,,,,,,MISS Anthony 25' 3PT Jump Shot,8:27 PM
76,0,4,83,0021600495,Jones REBOUND (Off:0 Def:1),,2:38,1,4,0,0,203093,Terrence Jones,NOP,New Orleans,1610612740.0,Pelicans,0,,,,,,0,,,,,,,,,8:27 PM
77,98,1,84,0021600495,Davis 3' Cutting Layup Shot (9 PTS) (Holiday 3 AST),,2:21,1,4,4,0,203076,Anthony Davis,NOP,New Orleans,1610612740.0,Pelicans,201950,Jrue Holiday,NOP,New Orleans,1610612740.0,Pelicans,0,,,,,,19 - 26,7,,8:27 PM
78,1,2,85,0021600495,,,2:06,1,5,0,0,203200,Justin Holiday,NYK,New York,1610612752.0,Knicks,0,,,,,,0,,,,,,,,MISS Holiday 26' 3PT Jump Shot,8:27 PM
79,0,4,86,0021600495,,,2:05,1,5,0,0,201149,Joakim Noah,NYK,New York,1610612752.0,Knicks,0,,,,,,0,,,,,,,,Noah REBOUND (Off:1 Def:2),8:27 PM
80,1,2,87,0021600495,,,1:52,1,5,0,0,202498,Lance Thomas,NYK,New York,1610612752.0,Knicks,0,,,,,,0,,,,,,,,MISS Thomas 24' 3PT Jump Shot,8:27 PM
81,0,4,88,0021600495,,,1:51,1,5,0,0,203200,Justin Holiday,NYK,New York,1610612752.0,Knicks,0,,,,,,0,,,,,,,,Holiday REBOUND (Off:1 Def:1),8:27 PM
82,78,2,89,0021600495,,,1:39,1,5,0,0,202498,Lance Thomas,NYK,New York,1610612752.0,Knicks,0,,,,,,0,,,,,,,,MISS Thomas 5' Floating Jump Shot,8:28 PM
83,0,4,90,0021600495,Holiday REBOUND (Off:0 Def:1),,1:38,1,4,0,0,201950,Jrue Holiday,NOP,New Orleans,1610612740.0,Pelicans,0,,,,,,0,,,,,,,,,8:28 PM
84,1,2,91,0021600495,MISS Holiday 25' 3PT Jump Shot,,1:30,1,4,0,0,201950,Jrue Holiday,NOP,New Orleans,1610612740.0,Pelicans,0,,,,,,0,,,,,,,,,8:28 PM
85,0,4,92,0021600495,,,1:29,1,5,0,0,201149,Joakim Noah,NYK,New York,1610612752.0,Knicks,0,,,,,,0,,,,,,,,Noah REBOUND (Off:1 Def:3),8:28 PM
86,1,2,93,0021600495,,,1:14,1,5,0,0,201565,Derrick Rose,NYK,New York,1610612752.0,Knicks,0,,,,,,0,,,,,,,,MISS Rose 12' Jump Shot,8:28 PM
87,0,4,94,0021600495,Davis REBOUND (Off:0 Def:7),,1:13,1,4,0,0,203076,Anthony Davis,NOP,New Orleans,1610612740.0,Pelicans,0,,,,,,0,,,,,,,,,8:28 PM
88,1,1,95,0021600495,Galloway 26' 3PT Jump Shot (3 PTS),,1:05,1,4,0,0,204038,Langston Galloway,NOP,New Orleans,1610612740.0,Pelicans,0,,,,,,0,,,,,,19 - 29,10,,8:28 PM
89,5,1,96,0021600495,,,0:43,1,5,0,0,201565,Derrick Rose,NYK,New York,1610612752.0,Knicks,0,,,,,,0,,,,,,21 - 29,8,Rose 2' Layup (9 PTS),8:29 PM
90,2,6,97,0021600495,,,0:34,1,5,4,1,201149,Joakim Noah,NYK,New York,1610612752.0,Knicks,203076,Anthony Davis,NOP,New Orleans,1610612740.0,Pelicans,0,,,,,,,,Noah S.FOUL (P2.T3) (J.Tiven),8:29 PM
91,1,9,98,0021600495,PELICANS Timeout: Regular (Full 1 Short 0),,0:34,1,2,0,0,1610612740,,,,,,0,,,,,,0,,,,,,,,,8:29 PM
92,0,8,100,0021600495,,,0:34,1,5,5,0,201149,Joakim Noah,NYK,New York,1610612752.0,Knicks,201943,Brandon Jennings,NYK,New York,1610612752.0,Knicks,0,,,,,,,,SUB: Jennings FOR Noah,8:31 PM
93,0,8,101,0021600495,,,0:34,1,5,5,0,201565,Derrick Rose,NYK,New York,1610612752.0,Knicks,204001,Kristaps Porzingis,NYK,New York,1610612752.0,Knicks,0,,,,,,,,SUB: Porzingis FOR Rose,8:32 PM
94,0,8,102,0021600495,SUB: Evans FOR Holiday,,0:34,1,4,4,0,201950,Jrue Holiday,NOP,New Orleans,1610612740.0,Pelicans,201936,Tyreke Evans,NOP,New Orleans,1610612740.0,Pelicans,0,,,,,,,,,8:32 PM
95,11,3,103,0021600495,Davis Free Throw 1 of 2 (10 PTS),,0:34,1,4,0,0,203076,Anthony Davis,NOP,New Orleans,1610612740.0,Pelicans,0,,,,,,0,,,,,,21 - 30,9,,8:32 PM
96,12,3,105,0021600495,Davis Free Throw 2 of 2 (11 PTS),,0:34,1,4,0,0,203076,Anthony Davis,NOP,New Orleans,1610612740.0,Pelicans,0,,,,,,0,,,,,,21 - 31,10,,8:32 PM
97,3,2,107,0021600495,,,0:15,1,5,0,0,204001,Kristaps Porzingis,NYK,New York,1610612752.0,Knicks,0,,,,,,0,,,,,,,,MISS Porzingis 5' Hook Shot,8:32 PM
98,0,4,108,0021600495,Jones REBOUND (Off:0 Def:2),,0:14,1,4,0,0,203093,Terrence Jones,NOP,New Orleans,1610612740.0,Pelicans,0,,,,,,0,,,,,,,,,8:32 PM
99,1,2,109,0021600495,MISS Evans 22' Jump Shot,,0:00,1,4,0,0,201936,Tyreke Evans,NOP,New Orleans,1610612740.0,Pelicans,0,,,,,,0,,,,,,,,,8:32 PM
100,0,4,110,0021600495,,,0:00,1,5,0,0,2546,Carmelo Anthony,NYK,New York,1610612752.0,Knicks,0,,,,,,0,,,,,,,,Anthony REBOUND (Off:0 Def:4),8:32 PM
101,0,13,111,0021600495,,,0:00,1,0,0,0,0,,,,,,0,,,,,,0,,,,,,21 - 31,10,,8:33 PM
102,0,12,113,0021600495,,,12:00,2,0,0,0,0,,,,,,0,,,,,,0,,,,,,21 - 31,10,,8:35 PM
103,1,2,114,0021600495,MISS Jones 17' Jump Shot,,11:46,2,4,0,5,203093,Terrence Jones,NOP,New Orleans,1610612740.0,Pelicans,0,,,,,,203200,Justin Holiday,NYK,New York,1610612752.0,Knicks,,,Holiday BLOCK (1 BLK),8:35 PM
104,0,4,115,0021600495,,,11:44,2,5,0,0,204001,Kristaps Porzingis,NYK,New York,1610612752.0,Knicks,0,,,,,,0,,,,,,,,Porzingis REBOUND (Off:0 Def:5),8:35 PM
105,1,1,116,0021600495,,,11:29,2,5,5,0,204001,Kristaps Porzingis,NYK,New York,1610612752.0,Knicks,201943,Brandon Jennings,NYK,New York,1610612752.0,Knicks,0,,,,,,23 - 31,8,Porzingis 17' Jump Shot (6 PTS) (Jennings 1 AST),8:36 PM
106,47,1,117,0021600495,Moore 16' Turnaround Jump Shot (2 PTS),,11:08,2,4,0,0,202734,E'Twaun Moore,NOP,New Orleans,1610612740.0,Pelicans,0,,,,,,0,,,,,,23 - 33,10,,8:36 PM
107,5,2,118,0021600495,Jones BLOCK (2 BLK),,10:51,2,5,0,4,203124,Kyle O'Quinn,NYK,New York,1610612752.0,Knicks,0,,,,,,203093,Terrence Jones,NOP,New Orleans,1610612740.0,Pelicans,,,MISS O'Quinn 3' Layup,8:36 PM
108,0,4,120,0021600495,,,10:47,2,5,0,0,204001,Kristaps Porzingis,NYK,New York,1610612752.0,Knicks,0,,,,,,0,,,,,,,,Porzingis REBOUND (Off:1 Def:5),8:36 PM
109,7,1,119,0021600495,,,10:47,2,5,0,0,204001,Kristaps Porzingis,NYK,New York,1610612752.0,Knicks,0,,,,,,0,,,,,,25 - 33,8,Porzingis  Dunk (8 PTS),8:36 PM
110,5,1,121,0021600495,Evans 2' Layup (2 PTS),,10:42,2,4,0,0,201936,Tyreke Evans,NOP,New Orleans,1610612740.0,Pelicans,0,,,,,,0,,,,,,25 - 35,10,,8:37 PM
111,1,2,122,0021600495,,,10:24,2,5,0,0,201943,Brandon Jennings,NYK,New York,1610612752.0,Knicks,0,,,,,,0,,,,,,,,MISS Jennings 25' 3PT Jump Shot,8:37 PM
112,0,4,123,0021600495,Jones REBOUND (Off:0 Def:3),,10:23,2,4,0,0,203093,Terrence Jones,NOP,New Orleans,1610612740.0,Pelicans,0,,,,,,0,,,,,,,,,8:37 PM
113,4,5,124,0021600495,Evans Traveling Turnover (P1.T2),,10:09,2,4,0,1,201936,Tyreke Evans,NOP,New Orleans,1610612740.0,Pelicans,0,,,,,,0,,,,,,,,,8:37 PM
114,85,1,125,0021600495,,,9:55,2,5,5,0,204001,Kristaps Porzingis,NYK,New York,1610612752.0,Knicks,201943,Brandon Jennings,NYK,New York,1610612752.0,Knicks,0,,,,,,27 - 35,8,Porzingis 14' Turnaround Bank Shot (10 PTS) (Jennings 2 AST),8:38 PM
115,1,6,126,0021600495,,,9:48,2,5,4,1,203200,Justin Holiday,NYK,New York,1610612752.0,Knicks,202734,E'Twaun Moore,NOP,New Orleans,1610612740.0,Pelicans,0,,,,,,,,Holiday P.FOUL (P1.T1) (J.Tiven),8:38 PM
116,1,2,127,0021600495,MISS Galloway 27' 3PT Jump Shot,,9:40,2,4,0,0,204038,Langston Galloway,NOP,New Orleans,1610612740.0,Pelicans,0,,,,,,0,,,,,,,,,8:38 PM
117,0,4,128,0021600495,,,9:38,2,5,0,0,203124,Kyle O'Quinn,NYK,New York,1610612752.0,Knicks,0,,,,,,0,,,,,,,,O'Quinn REBOUND (Off:0 Def:1),8:38 PM
118,1,2,129,0021600495,,,9:28,2,5,0,0,203200,Justin Holiday,NYK,New York,1610612752.0,Knicks,0,,,,,,0,,,,,,,,MISS Holiday 25' 3PT Jump Shot,8:38 PM
119,0,4,131,0021600495,,,9:25,2,5,0,0,203124,Kyle O'Quinn,NYK,New York,1610612752.0,Knicks,0,,,,,,0,,,,,,,,O'Quinn REBOUND (Off:1 Def:1),8:38 PM
120,97,1,130,0021600495,,,9:25,2,5,0,0,203124,Kyle O'Quinn,NYK,New York,1610612752.0,Knicks,0,,,,,,0,,,,,,29 - 35,6,O'Quinn 3' Tip Layup Shot (2 PTS),8:38 PM
121,1,9,132,0021600495,PELICANS Timeout: Regular (Full 2 Short 0),,9:20,2,2,0,0,1610612740,,,,,,0,,,,,,0,,,,,,,,,8:39 PM
122,1,1,134,0021600495,Evans 25' 3PT Jump Shot (5 PTS) (Galloway 1 AST),,9:07,2,4,4,0,201936,Tyreke Evans,NOP,New Orleans,1610612740.0,Pelicans,204038,Langston Galloway,NOP,New Orleans,1610612740.0,Pelicans,0,,,,,,29 - 38,9,,8:41 PM
123,1,1,135,0021600495,,,8:41,2,5,5,0,202498,Lance Thomas,NYK,New York,1610612752.0,Knicks,203200,Justin Holiday,NYK,New York,1610612752.0,Knicks,0,,,,,,32 - 38,6,Thomas 24' 3PT Jump Shot (3 PTS) (Holiday 1 AST),8:42 PM
124,1,2,136,0021600495,MISS S. Hill 27' 3PT Jump Shot,,8:25,2,4,0,0,203524,Solomon Hill,NOP,New Orleans,1610612740.0,Pelicans,0,,,,,,0,,,,,,,,,8:42 PM
125,0,4,137,0021600495,,,8:24,2,5,0,0,203200,Justin Holiday,NYK,New York,1610612752.0,Knicks,0,,,,,,0,,,,,,,,Holiday REBOUND (Off:1 Def:2),8:42 PM
126,1,2,138,0021600495,,,8:15,2,5,0,0,204001,Kristaps Porzingis,NYK,New York,1610612752.0,Knicks,0,,,,,,0,,,,,,,,MISS Porzingis 9' Jump Shot,8:42 PM
127,0,4,139,0021600495,Jones REBOUND (Off:0 Def:4),,8:15,2,4,0,0,203093,Terrence Jones,NOP,New Orleans,1610612740.0,Pelicans,0,,,,,,0,,,,,,,,,8:42 PM
128,78,2,140,0021600495,MISS Moore 7' Floating Jump Shot,,8:05,2,4,0,0,202734,E'Twaun Moore,NOP,New Orleans,1610612740.0,Pelicans,0,,,,,,0,,,,,,,,,8:42 PM
129,0,4,141,0021600495,,,8:03,2,5,0,0,203200,Justin Holiday,NYK,New York,1610612752.0,Knicks,0,,,,,,0,,,,,,,,Holiday REBOUND (Off:1 Def:3),8:42 PM
130,1,2,142,0021600495,,,7:57,2,5,0,0,201943,Brandon Jennings,NYK,New York,1610612752.0,Knicks,0,,,,,,0,,,,,,,,MISS Jennings 18' Jump Shot,8:42 PM
131,0,4,143,0021600495,,,7:57,2,3,0,0,1610612752,,,,,,0,,,,,,0,,,,,,,,Knicks Rebound,8:42 PM
132,1,6,144,0021600495,Galloway P.FOUL (P1.T1) (J.Capers),,7:57,2,4,5,1,204038,Langston Galloway,NOP,New Orleans,1610612740.0,Pelicans,203124,Kyle O'Quinn,NYK,New York,1610612752.0,Knicks,0,,,,,,,,,8:43 PM
133,1,2,145,0021600495,,,7:50,2,5,0,0,203200,Justin Holiday,NYK,New York,1610612752.0,Knicks,0,,,,,,0,,,,,,,,MISS Holiday 25' 3PT Jump Shot,8:43 PM
134,0,4,146,0021600495,Evans REBOUND (Off:0 Def:1),,7:50,2,4,0,0,201936,Tyreke Evans,NOP,New Orleans,1610612740.0,Pelicans,0,,,,,,0,,,,,,,,,8:43 PM
135,42,1,147,0021600495,Evans 1' Driving Layup (7 PTS),,7:39,2,4,0,0,201936,Tyreke Evans,NOP,New Orleans,1610612740.0,Pelicans,0,,,,,,0,,,,,,32 - 40,8,,8:43 PM
136,5,1,148,0021600495,,,7:16,2,5,0,0,202498,Lance Thomas,NYK,New York,1610612752.0,Knicks,0,,,,,,0,,,,,,34 - 40,6,Thomas 3' Layup (5 PTS),8:43 PM
137,79,1,149,0021600495,Evans 25' 3PT Pullup Jump Shot (10 PTS),,7:08,2,4,0,0,201936,Tyreke Evans,NOP,New Orleans,1610612740.0,Pelicans,0,,,,,,0,,,,,,34 - 43,9,,8:44 PM
138,1,2,150,0021600495,,,6:53,2,5,0,0,203124,Kyle O'Quinn,NYK,New York,1610612752.0,Knicks,0,,,,,,0,,,,,,,,MISS O'Quinn 20' Jump Shot,8:44 PM
139,0,4,151,0021600495,Evans REBOUND (Off:0 Def:2),,6:52,2,4,0,0,201936,Tyreke Evans,NOP,New Orleans,1610612740.0,Pelicans,0,,,,,,0,,,,,,,,,8:44 PM
140,1,1,152,0021600495,Moore 24' 3PT Jump Shot (5 PTS) (Evans 1 AST),,6:45,2,4,4,0,202734,E'Twaun Moore,NOP,New Orleans,1610612740.0,Pelicans,201936,Tyreke Evans,NOP,New Orleans,1610612740.0,Pelicans,0,,,,,,34 - 46,12,,8:44 PM
141,1,9,153,0021600495,,,6:45,2,3,0,0,1610612752,,,,,,0,,,,,,0,,,,,,,,Knicks Timeout: Regular (Reg.2 Short 0),8:44 PM
142,0,8,155,0021600495,,,6:45,2,5,5,0,203200,Justin Holiday,NYK,New York,1610612752.0,Knicks,201565,Derrick Rose,NYK,New York,1610612752.0,Knicks,0,,,,,,,,SUB: Rose FOR Holiday,8:47 PM
143,0,8,156,0021600495,,,6:45,2,5,5,0,202498,Lance Thomas,NYK,New York,1610612752.0,Knicks,2546,Carmelo Anthony,NYK,New York,1610612752.0,Knicks,0,,,,,,,,SUB: Anthony FOR Thomas,8:47 PM
144,0,8,157,0021600495,,,6:45,2,5,5,0,203124,Kyle O'Quinn,NYK,New York,1610612752.0,Knicks,2756,Sasha Vujacic,NYK,New York,1610612752.0,Knicks,0,,,,,,,,SUB: Vujacic FOR O'Quinn,8:47 PM
145,0,8,158,0021600495,SUB: Cunningham FOR S. Hill,,6:36,2,4,4,0,203524,Solomon Hill,NOP,New Orleans,1610612740.0,Pelicans,201967,Dante Cunningham,NOP,New Orleans,1610612740.0,Pelicans,0,,,,,,,,,8:47 PM
146,1,1,159,0021600495,,,6:26,2,5,5,0,2756,Sasha Vujacic,NYK,New York,1610612752.0,Knicks,2546,Carmelo Anthony,NYK,New York,1610612752.0,Knicks,0,,,,,,37 - 46,9,Vujacic 26' 3PT Jump Shot (3 PTS) (Anthony 2 AST),8:47 PM
147,1,2,160,0021600495,MISS Galloway 25' 3PT Jump Shot,,6:12,2,4,0,0,204038,Langston Galloway,NOP,New Orleans,1610612740.0,Pelicans,0,,,,,,0,,,,,,,,,8:47 PM
148,0,4,161,0021600495,,,6:11,2,5,0,0,2546,Carmelo Anthony,NYK,New York,1610612752.0,Knicks,0,,,,,,0,,,,,,,,Anthony REBOUND (Off:0 Def:5),8:47 PM
149,1,1,162,0021600495,,,5:49,2,5,5,0,2546,Carmelo Anthony,NYK,New York,1610612752.0,Knicks,204001,Kristaps Porzingis,NYK,New York,1610612752.0,Knicks,0,,,,,,40 - 46,6,Anthony 25' 3PT Jump Shot (11 PTS) (Porzingis 1 AST),8:47 PM
150,1,6,163,0021600495,,,5:39,2,5,4,1,2756,Sasha Vujacic,NYK,New York,1610612752.0,Knicks,201936,Tyreke Evans,NOP,New Orleans,1610612740.0,Pelicans,0,,,,,,,,Vujacic P.FOUL (P1.T2) (J.Capers),8:48 PM
151,0,8,164,0021600495,SUB: Davis FOR Jones,,5:39,2,4,4,0,203093,Terrence Jones,NOP,New Orleans,1610612740.0,Pelicans,203076,Anthony Davis,NOP,New Orleans,1610612740.0,Pelicans,0,,,,,,,,,8:48 PM
152,0,8,165,0021600495,SUB: Holiday FOR Galloway,,5:39,2,4,4,0,204038,Langston Galloway,NOP,New Orleans,1610612740.0,Pelicans,201950,Jrue Holiday,NOP,New Orleans,1610612740.0,Pelicans,0,,,,,,,,,8:48 PM
153,78,2,166,0021600495,MISS Holiday 8' Floating Jump Shot,,5:26,2,4,0,0,201950,Jrue Holiday,NOP,New Orleans,1610612740.0,Pelicans,0,,,,,,0,,,,,,,,,8:48 PM
154,0,4,167,0021600495,,,5:26,2,5,0,0,201565,Derrick Rose,NYK,New York,1610612752.0,Knicks,0,,,,,,0,,,,,,,,Rose REBOUND (Off:0 Def:1),8:48 PM
155,5,2,168,0021600495,,,5:17,2,5,0,0,201565,Derrick Rose,NYK,New York,1610612752.0,Knicks,0,,,,,,0,,,,,,,,MISS Rose 1' Layup,8:48 PM
156,0,4,169,0021600495,Holiday REBOUND (Off:0 Def:2),,5:17,2,4,0,0,201950,Jrue Holiday,NOP,New Orleans,1610612740.0,Pelicans,0,,,,,,0,,,,,,,,,8:48 PM
157,5,2,170,0021600495,MISS Evans 2' Layup,,5:11,2,4,0,5,201936,Tyreke Evans,NOP,New Orleans,1610612740.0,Pelicans,0,,,,,,2756,Sasha Vujacic,NYK,New York,1610612752.0,Knicks,,,Vujacic BLOCK (1 BLK),8:48 PM
158,0,4,171,0021600495,PELICANS Rebound,,5:11,2,2,0,0,1610612740,,,,,,0,,,,,,0,,,,,,,,,8:48 PM
159,0,8,172,0021600495,,,5:11,2,5,5,0,204001,Kristaps Porzingis,NYK,New York,1610612752.0,Knicks,201149,Joakim Noah,NYK,New York,1610612752.0,Knicks,0,,,,,,,,SUB: Noah FOR Porzingis,8:49 PM
160,1,1,173,0021600495,Davis 19' Jump Shot (13 PTS) (Evans 2 AST),,5:08,2,4,4,0,203076,Anthony Davis,NOP,New Orleans,1610612740.0,Pelicans,201936,Tyreke Evans,NOP,New Orleans,1610612740.0,Pelicans,0,,,,,,40 - 48,8,,8:49 PM
161,1,6,174,0021600495,Cunningham P.FOUL (P1.T2) (J.Tiven),,4:58,2,4,5,1,201967,Dante Cunningham,NOP,New Orleans,1610612740.0,Pelicans,2546,Carmelo Anthony,NYK,New York,1610612752.0,Knicks,0,,,,,,,,,8:49 PM
162,0,8,175,0021600495,SUB: Hield FOR Evans,,4:58,2,4,4,0,201936,Tyreke Evans,NOP,New Orleans,1610612740.0,Pelicans,1627741,Buddy Hield,NOP,New Orleans,1610612740.0,Pelicans,0,,,,,,,,,8:49 PM
163,1,1,176,0021600495,,,4:48,2,5,5,0,201943,Brandon Jennings,NYK,New York,1610612752.0,Knicks,2756,Sasha Vujacic,NYK,New York,1610612752.0,Knicks,0,,,,,,42 - 48,6,Jennings 17' Jump Shot (2 PTS) (Vujacic 1 AST),8:50 PM
164,1,2,177,0021600495,MISS Hield 26' 3PT Jump Shot,,4:30,2,4,0,0,1627741,Buddy Hield,NOP,New Orleans,1610612740.0,Pelicans,0,,,,,,0,,,,,,,,,8:50 PM
165,0,4,178,0021600495,,,4:29,2,5,0,0,2546,Carmelo Anthony,NYK,New York,1610612752.0,Knicks,0,,,,,,0,,,,,,,,Anthony REBOUND (Off:0 Def:6),8:50 PM
166,1,2,179,0021600495,,,4:18,2,5,0,0,2546,Carmelo Anthony,NYK,New York,1610612752.0,Knicks,0,,,,,,0,,,,,,,,MISS Anthony 17' Jump Shot,8:50 PM
167,0,4,180,0021600495,Davis REBOUND (Off:0 Def:8),,4:17,2,4,0,0,203076,Anthony Davis,NOP,New Orleans,1610612740.0,Pelicans,0,,,,,,0,,,,,,,,,8:50 PM
168,45,5,181,0021600495,Davis Out of Bounds - Bad Pass Turnover Turnover (P1.T3),,4:11,2,4,0,0,203076,Anthony Davis,NOP,New Orleans,1610612740.0,Pelicans,0,,,,,,0,,,,,,,,,8:50 PM
169,4,6,182,0021600495,,,3:55,2,5,4,1,201149,Joakim Noah,NYK,New York,1610612752.0,Knicks,203076,Anthony Davis,NOP,New Orleans,1610612740.0,Pelicans,0,,,,,,,,Noah OFF.Foul (P3) (J.Tiven),8:51 PM
170,5,5,183,0021600495,,,3:55,2,5,0,1,201149,Joakim Noah,NYK,New York,1610612752.0,Knicks,0,,,,,,0,,,,,,,,Noah Foul Turnover (P3.T6),8:51 PM
171,0,8,184,0021600495,,,3:55,2,5,5,0,201149,Joakim Noah,NYK,New York,1610612752.0,Knicks,204001,Kristaps Porzingis,NYK,New York,1610612752.0,Knicks,0,,,,,,,,SUB: Porzingis FOR Noah,8:51 PM
172,27,6,185,0021600495,,,3:38,2,5,4,1,2756,Sasha Vujacic,NYK,New York,1610612752.0,Knicks,1627741,Buddy Hield,NOP,New Orleans,1610612740.0,Pelicans,0,,,,,,,,Vujacic Personal Block Foul (P2.T3) (J.Tiven),8:52 PM
173,1,6,186,0021600495,,,3:31,2,5,4,1,201565,Derrick Rose,NYK,New York,1610612752.0,Knicks,203076,Anthony Davis,NOP,New Orleans,1610612740.0,Pelicans,0,,,,,,,,Rose P.FOUL (P1.T4) (S.Anderson),8:52 PM
174,1,2,187,0021600495,MISS Davis 4' Jump Shot,,3:20,2,4,0,0,203076,Anthony Davis,NOP,New Orleans,1610612740.0,Pelicans,0,,,,,,0,,,,,,,,,8:53 PM
175,0,4,188,0021600495,,,3:20,2,5,0,0,204001,Kristaps Porzingis,NYK,New York,1610612752.0,Knicks,0,,,,,,0,,,,,,,,Porzingis REBOUND (Off:1 Def:6),8:53 PM
176,1,1,191,0021600495,,,3:05,2,5,5,0,2546,Carmelo Anthony,NYK,New York,1610612752.0,Knicks,2756,Sasha Vujacic,NYK,New York,1610612752.0,Knicks,0,,,,,,44 - 48,4,Anthony 15' Jump Shot (13 PTS) (Vujacic 2 AST),8:53 PM
177,5,2,192,0021600495,MISS Holiday 3' Layup,,2:54,2,4,0,5,201950,Jrue Holiday,NOP,New Orleans,1610612740.0,Pelicans,0,,,,,,204001,Kristaps Porzingis,NYK,New York,1610612752.0,Knicks,,,Porzingis BLOCK (1 BLK),8:53 PM
178,0,4,193,0021600495,,,2:53,2,5,0,0,201565,Derrick Rose,NYK,New York,1610612752.0,Knicks,0,,,,,,0,,,,,,,,Rose REBOUND (Off:0 Def:2),8:53 PM
179,5,2,194,0021600495,Holiday BLOCK (1 BLK),,2:45,2,5,0,4,201565,Derrick Rose,NYK,New York,1610612752.0,Knicks,0,,,,,,201950,Jrue Holiday,NOP,New Orleans,1610612740.0,Pelicans,,,MISS Rose 3' Layup,8:53 PM
180,0,4,195,0021600495,,,2:45,2,3,0,0,1610612752,,,,,,0,,,,,,0,,,,,,,,Knicks Rebound,8:54 PM
181,4,9,196,0021600495,,,2:45,2,1,0,0,0,,,,,,0,,,,,,0,,,,,,,,,8:54 PM
182,1,2,198,0021600495,,,2:39,2,5,0,0,2546,Carmelo Anthony,NYK,New York,1610612752.0,Knicks,0,,,,,,0,,,,,,,,MISS Anthony 16' Jump Shot,8:56 PM
183,0,4,199,0021600495,Hield REBOUND (Off:0 Def:1),,2:38,2,4,0,0,1627741,Buddy Hield,NOP,New Orleans,1610612740.0,Pelicans,0,,,,,,0,,,,,,,,,8:56 PM
184,1,2,200,0021600495,MISS Moore 4' Jump Shot,,2:22,2,4,0,0,202734,E'Twaun Moore,NOP,New Orleans,1610612740.0,Pelicans,0,,,,,,0,,,,,,,,,8:56 PM
185,0,4,202,0021600495,,,2:22,2,5,0,0,204001,Kristaps Porzingis,NYK,New York,1610612752.0,Knicks,0,,,,,,0,,,,,,,,Porzingis REBOUND (Off:1 Def:7),8:57 PM
186,0,10,201,0021600495,Jump Ball Moore vs. Porzingis: Tip to Vujacic,,2:22,2,4,5,5,202734,E'Twaun Moore,NOP,New Orleans,1610612740.0,Pelicans,204001,Kristaps Porzingis,NYK,New York,1610612752.0,Knicks,2756,Sasha Vujacic,NYK,New York,1610612752.0,Knicks,,,,8:57 PM
187,49,1,203,0021600495,,,2:07,2,5,0,0,201565,Derrick Rose,NYK,New York,1610612752.0,Knicks,0,,,,,,0,,,,,,46 - 48,2,Rose  Driving Dunk (11 PTS),8:57 PM
188,2,5,204,0021600495,Davis Lost Ball Turnover (P2.T4),,2:01,2,4,5,0,203076,Anthony Davis,NOP,New Orleans,1610612740.0,Pelicans,204001,Kristaps Porzingis,NYK,New York,1610612752.0,Knicks,0,,,,,,,,Porzingis STEAL (1 STL),8:57 PM
189,2,6,206,0021600495,Davis S.FOUL (P1.T3) (S.Anderson),,1:59,2,4,5,1,203076,Anthony Davis,NOP,New Orleans,1610612740.0,Pelicans,204001,Kristaps Porzingis,NYK,New York,1610612752.0,Knicks,0,,,,,,,,,8:58 PM
190,11,3,207,0021600495,,,1:59,2,5,0,0,204001,Kristaps Porzingis,NYK,New York,1610612752.0,Knicks,0,,,,,,0,,,,,,47 - 48,1,Porzingis Free Throw 1 of 2 (11 PTS),8:58 PM
191,12,3,209,0021600495,,,1:59,2,5,0,0,204001,Kristaps Porzingis,NYK,New York,1610612752.0,Knicks,0,,,,,,0,,,,,,48 - 48,TIE,Porzingis Free Throw 2 of 2 (12 PTS),8:58 PM
192,1,2,211,0021600495,MISS Moore 6' Jump Shot,,1:44,2,4,0,0,202734,E'Twaun Moore,NOP,New Orleans,1610612740.0,Pelicans,0,,,,,,0,,,,,,,,,8:58 PM
193,0,4,212,0021600495,,,1:44,2,5,0,0,2546,Carmelo Anthony,NYK,New York,1610612752.0,Knicks,0,,,,,,0,,,,,,,,Anthony REBOUND (Off:0 Def:7),8:58 PM
194,1,1,213,0021600495,,,1:38,2,5,5,0,201943,Brandon Jennings,NYK,New York,1610612752.0,Knicks,2546,Carmelo Anthony,NYK,New York,1610612752.0,Knicks,0,,,,,,51 - 48,-3,Jennings 25' 3PT Jump Shot (5 PTS) (Anthony 3 AST),8:58 PM
195,2,9,214,0021600495,PELICANS Timeout: Short (Full 2 Short 1),,1:32,2,2,0,0,1610612740,,,,,,0,,,,,,0,,,,,,,,,8:59 PM
196,98,1,216,0021600495,Davis 2' Cutting Layup Shot (15 PTS) (Holiday 4 AST),,1:23,2,4,4,0,203076,Anthony Davis,NOP,New Orleans,1610612740.0,Pelicans,201950,Jrue Holiday,NOP,New Orleans,1610612740.0,Pelicans,0,,,,,,51 - 50,-1,,9:00 PM
197,45,5,218,0021600495,,,1:02,2,5,0,0,201565,Derrick Rose,NYK,New York,1610612752.0,Knicks,0,,,,,,0,,,,,,,,Rose Out of Bounds - Bad Pass Turnover Turnover (P2.T7),9:00 PM
198,49,1,220,0021600495,Holiday  Driving Dunk (8 PTS),,0:50,2,4,0,0,201950,Jrue Holiday,NOP,New Orleans,1610612740.0,Pelicans,0,,,,,,0,,,,,,51 - 52,1,,9:01 PM
199,1,2,222,0021600495,,,0:27,2,5,0,0,204001,Kristaps Porzingis,NYK,New York,1610612752.0,Knicks,0,,,,,,0,,,,,,,,MISS Porzingis 12' Jump Shot,9:01 PM
200,0,4,223,0021600495,Davis REBOUND (Off:0 Def:9),,0:27,2,4,0,0,203076,Anthony Davis,NOP,New Orleans,1610612740.0,Pelicans,0,,,,,,0,,,,,,,,,9:01 PM
201,1,1,224,0021600495,Moore 29' 3PT Jump Shot (8 PTS) (Holiday 5 AST),,0:07,2,4,4,0,202734,E'Twaun Moore,NOP,New Orleans,1610612740.0,Pelicans,201950,Jrue Holiday,NOP,New Orleans,1610612740.0,Pelicans,0,,,,,,51 - 55,4,,9:01 PM
202,5,2,225,0021600495,,,0:04,2,5,0,0,201943,Brandon Jennings,NYK,New York,1610612752.0,Knicks,0,,,,,,0,,,,,,,,MISS Jennings 3' Layup,9:02 PM
203,0,4,226,0021600495,Moore REBOUND (Off:0 Def:1),,0:02,2,4,0,0,202734,E'Twaun Moore,NOP,New Orleans,1610612740.0,Pelicans,0,,,,,,0,,,,,,,,,9:02 PM
204,1,2,227,0021600495,MISS Moore 26' 3PT Jump Shot,,0:00,2,4,0,0,202734,E'Twaun Moore,NOP,New Orleans,1610612740.0,Pelicans,0,,,,,,0,,,,,,,,,9:03 PM
205,0,4,229,0021600495,PELICANS Rebound,,0:00,2,2,0,0,1610612740,,,,,,0,,,,,,0,,,,,,,,,9:03 PM
206,0,13,228,0021600495,,,0:00,2,0,0,0,0,,,,,,0,,,,,,0,,,,,,51 - 55,4,,9:03 PM
207,0,12,231,0021600495,,,12:00,3,0,0,0,0,,,,,,0,,,,,,0,,,,,,51 - 55,4,,9:18 PM
208,1,5,232,0021600495,Davis Bad Pass Turnover (P3.T5),,11:45,3,4,5,0,203076,Anthony Davis,NOP,New Orleans,1610612740.0,Pelicans,204001,Kristaps Porzingis,NYK,New York,1610612752.0,Knicks,0,,,,,,,,Porzingis STEAL (2 STL),9:18 PM
209,1,1,233,0021600495,,,11:28,3,5,5,0,2546,Carmelo Anthony,NYK,New York,1610612752.0,Knicks,204001,Kristaps Porzingis,NYK,New York,1610612752.0,Knicks,0,,,,,,53 - 55,2,Anthony 19' Jump Shot (15 PTS) (Porzingis 2 AST),9:18 PM
210,80,1,234,0021600495,Hield 13' Step Back Jump Shot (8 PTS),,11:07,3,4,0,0,1627741,Buddy Hield,NOP,New Orleans,1610612740.0,Pelicans,0,,,,,,0,,,,,,53 - 57,4,,9:19 PM
211,1,2,235,0021600495,,,10:44,3,5,0,0,201565,Derrick Rose,NYK,New York,1610612752.0,Knicks,0,,,,,,0,,,,,,,,MISS Rose 26' 3PT Jump Shot,9:19 PM
212,0,4,236,0021600495,Davis REBOUND (Off:0 Def:10),,10:43,3,4,0,0,203076,Anthony Davis,NOP,New Orleans,1610612740.0,Pelicans,0,,,,,,0,,,,,,,,,9:19 PM
213,1,2,237,0021600495,MISS Hield 26' 3PT Jump Shot,,10:33,3,4,0,0,1627741,Buddy Hield,NOP,New Orleans,1610612740.0,Pelicans,0,,,,,,0,,,,,,,,,9:19 PM
214,0,4,238,0021600495,,,10:32,3,5,0,0,2546,Carmelo Anthony,NYK,New York,1610612752.0,Knicks,0,,,,,,0,,,,,,,,Anthony REBOUND (Off:0 Def:8),9:19 PM
215,1,2,239,0021600495,,,10:20,3,5,0,0,2546,Carmelo Anthony,NYK,New York,1610612752.0,Knicks,0,,,,,,0,,,,,,,,MISS Anthony 20' Jump Shot,9:19 PM
216,0,4,240,0021600495,Cunningham REBOUND (Off:0 Def:1),,10:18,3,4,0,0,201967,Dante Cunningham,NOP,New Orleans,1610612740.0,Pelicans,0,,,,,,0,,,,,,,,,9:19 PM
217,1,2,241,0021600495,MISS Davis 18' Jump Shot,,10:07,3,4,0,0,203076,Anthony Davis,NOP,New Orleans,1610612740.0,Pelicans,0,,,,,,0,,,,,,,,,9:20 PM
218,0,4,242,0021600495,,,10:07,3,5,0,0,204001,Kristaps Porzingis,NYK,New York,1610612752.0,Knicks,0,,,,,,0,,,,,,,,Porzingis REBOUND (Off:1 Def:8),9:20 PM
219,1,2,243,0021600495,,,9:51,3,5,0,0,204001,Kristaps Porzingis,NYK,New York,1610612752.0,Knicks,0,,,,,,0,,,,,,,,MISS Porzingis 14' Jump Shot,9:20 PM
220,0,4,244,0021600495,Holiday REBOUND (Off:0 Def:3),,9:50,3,4,0,0,201950,Jrue Holiday,NOP,New Orleans,1610612740.0,Pelicans,0,,,,,,0,,,,,,,,,9:20 PM
221,2,6,245,0021600495,,,9:46,3,5,4,1,204001,Kristaps Porzingis,NYK,New York,1610612752.0,Knicks,1627741,Buddy Hield,NOP,New Orleans,1610612740.0,Pelicans,0,,,,,,,,Porzingis S.FOUL (P1.T1) (J.Capers),9:20 PM
222,11,3,247,0021600495,Hield Free Throw 1 of 2 (9 PTS),,9:46,3,4,0,0,1627741,Buddy Hield,NOP,New Orleans,1610612740.0,Pelicans,0,,,,,,0,,,,,,53 - 58,5,,9:20 PM
223,12,3,249,0021600495,Hield Free Throw 2 of 2 (10 PTS),,9:46,3,4,0,0,1627741,Buddy Hield,NOP,New Orleans,1610612740.0,Pelicans,0,,,,,,0,,,,,,53 - 59,6,,9:20 PM
224,1,2,251,0021600495,Holiday BLOCK (2 BLK),,9:29,3,5,0,4,201565,Derrick Rose,NYK,New York,1610612752.0,Knicks,0,,,,,,201950,Jrue Holiday,NOP,New Orleans,1610612740.0,Pelicans,,,MISS Rose 9' Jump Shot,9:21 PM
225,0,4,252,0021600495,Davis REBOUND (Off:0 Def:11),,9:27,3,4,0,0,203076,Anthony Davis,NOP,New Orleans,1610612740.0,Pelicans,0,,,,,,0,,,,,,,,,9:21 PM
226,1,2,253,0021600495,MISS Hield 20' Jump Shot,,9:16,3,4,0,0,1627741,Buddy Hield,NOP,New Orleans,1610612740.0,Pelicans,0,,,,,,0,,,,,,,,,9:21 PM
227,0,4,254,0021600495,,,9:16,3,3,0,0,1610612752,,,,,,0,,,,,,0,,,,,,,,Knicks Rebound,9:21 PM
228,63,2,256,0021600495,,,8:56,3,5,0,0,201565,Derrick Rose,NYK,New York,1610612752.0,Knicks,0,,,,,,0,,,,,,,,MISS Rose 6' Fadeaway Jumper,9:22 PM
229,0,4,258,0021600495,,,8:54,3,5,0,0,201149,Joakim Noah,NYK,New York,1610612752.0,Knicks,0,,,,,,0,,,,,,,,Noah REBOUND (Off:2 Def:3),9:22 PM
230,97,2,257,0021600495,,,8:54,3,5,0,0,201149,Joakim Noah,NYK,New York,1610612752.0,Knicks,0,,,,,,0,,,,,,,,MISS Noah 1' Tip Layup Shot,9:22 PM
231,0,4,259,0021600495,,,8:51,3,5,0,0,201149,Joakim Noah,NYK,New York,1610612752.0,Knicks,0,,,,,,0,,,,,,,,Noah REBOUND (Off:3 Def:3),9:22 PM
232,1,5,260,0021600495,Cunningham STEAL (1 STL),,8:49,3,5,4,0,201149,Joakim Noah,NYK,New York,1610612752.0,Knicks,201967,Dante Cunningham,NOP,New Orleans,1610612740.0,Pelicans,0,,,,,,,,Noah Bad Pass Turnover (P4.T8),9:22 PM
233,5,2,261,0021600495,MISS Davis 2' Layup,,8:43,3,4,0,5,203076,Anthony Davis,NOP,New Orleans,1610612740.0,Pelicans,0,,,,,,201149,Joakim Noah,NYK,New York,1610612752.0,Knicks,,,Noah BLOCK (2 BLK),9:22 PM
234,0,4,262,0021600495,PELICANS Rebound,,8:43,3,2,0,0,1610612740,,,,,,0,,,,,,0,,,,,,,,,9:22 PM
235,0,8,263,0021600495,,,8:43,3,5,5,0,201149,Joakim Noah,NYK,New York,1610612752.0,Knicks,1626195,Willy Hernangomez,NYK,New York,1610612752.0,Knicks,0,,,,,,,,SUB: Hernangomez FOR Noah,9:22 PM
236,5,2,264,0021600495,MISS Hield 1' Layup,,8:37,3,4,0,5,1627741,Buddy Hield,NOP,New Orleans,1610612740.0,Pelicans,0,,,,,,204001,Kristaps Porzingis,NYK,New York,1610612752.0,Knicks,,,Porzingis BLOCK (2 BLK),9:23 PM
237,0,4,265,0021600495,,,8:36,3,5,0,0,2756,Sasha Vujacic,NYK,New York,1610612752.0,Knicks,0,,,,,,0,,,,,,,,Vujacic REBOUND (Off:0 Def:1),9:23 PM
238,39,5,266,0021600495,,,8:30,3,5,0,1,201565,Derrick Rose,NYK,New York,1610612752.0,Knicks,0,,,,,,0,,,,,,,,Rose Step Out of Bounds Turnover (P3.T9),9:23 PM
239,5,1,267,0021600495,S. Hill 3' Layup (2 PTS) (Holiday 6 AST),,8:18,3,4,4,0,203524,Solomon Hill,NOP,New Orleans,1610612740.0,Pelicans,201950,Jrue Holiday,NOP,New Orleans,1610612740.0,Pelicans,0,,,,,,53 - 61,8,,9:23 PM
240,47,2,268,0021600495,,,7:59,3,5,0,0,204001,Kristaps Porzingis,NYK,New York,1610612752.0,Knicks,0,,,,,,0,,,,,,,,MISS Porzingis 13' Turnaround Jump Shot,9:23 PM
241,0,4,269,0021600495,Davis REBOUND (Off:0 Def:12),,7:59,3,4,0,0,203076,Anthony Davis,NOP,New Orleans,1610612740.0,Pelicans,0,,,,,,0,,,,,,,,,9:23 PM
242,5,1,270,0021600495,Holiday 2' Layup (10 PTS),,7:53,3,4,0,0,201950,Jrue Holiday,NOP,New Orleans,1610612740.0,Pelicans,0,,,,,,0,,,,,,53 - 63,10,,9:23 PM
243,1,9,271,0021600495,,,7:53,3,3,0,0,1610612752,,,,,,0,,,,,,0,,,,,,,,Knicks Timeout: Regular (Reg.3 Short 0),9:24 PM
244,13,5,273,0021600495,,,7:34,3,5,0,1,2546,Carmelo Anthony,NYK,New York,1610612752.0,Knicks,0,,,,,,0,,,,,,,,Anthony Backcourt Turnover (P3.T10),9:26 PM
245,5,2,274,0021600495,MISS Davis 3' Layup,,7:20,3,4,0,0,203076,Anthony Davis,NOP,New Orleans,1610612740.0,Pelicans,0,,,,,,0,,,,,,,,,9:27 PM
246,0,4,275,0021600495,,,7:20,3,5,0,0,2546,Carmelo Anthony,NYK,New York,1610612752.0,Knicks,0,,,,,,0,,,,,,,,Anthony REBOUND (Off:0 Def:9),9:27 PM
247,1,2,276,0021600495,,,6:57,3,5,0,0,2546,Carmelo Anthony,NYK,New York,1610612752.0,Knicks,0,,,,,,0,,,,,,,,MISS Anthony 16' Jump Shot,9:27 PM
248,0,4,277,0021600495,,,6:57,3,3,0,0,1610612752,,,,,,0,,,,,,0,,,,,,,,Knicks Rebound,9:27 PM
249,0,8,278,0021600495,,,6:57,3,5,5,0,2756,Sasha Vujacic,NYK,New York,1610612752.0,Knicks,201943,Brandon Jennings,NYK,New York,1610612752.0,Knicks,0,,,,,,,,SUB: Jennings FOR Vujacic,9:27 PM
250,1,2,279,0021600495,,,6:51,3,5,0,0,204001,Kristaps Porzingis,NYK,New York,1610612752.0,Knicks,0,,,,,,0,,,,,,,,MISS Porzingis 17' Jump Shot,9:27 PM
251,0,4,280,0021600495,Davis REBOUND (Off:0 Def:13),,6:50,3,4,0,0,203076,Anthony Davis,NOP,New Orleans,1610612740.0,Pelicans,0,,,,,,0,,,,,,,,,9:28 PM
252,45,5,281,0021600495,Holiday Out of Bounds - Bad Pass Turnover Turnover (P1.T6),,6:40,3,4,0,0,201950,Jrue Holiday,NOP,New Orleans,1610612740.0,Pelicans,0,,,,,,0,,,,,,,,,9:28 PM
253,1,2,282,0021600495,,,6:28,3,5,0,0,2546,Carmelo Anthony,NYK,New York,1610612752.0,Knicks,0,,,,,,0,,,,,,,,MISS Anthony 25' 3PT Jump Shot,9:28 PM
254,0,4,283,0021600495,Cunningham REBOUND (Off:0 Def:2),,6:27,3,4,0,0,201967,Dante Cunningham,NOP,New Orleans,1610612740.0,Pelicans,0,,,,,,0,,,,,,,,,9:28 PM
255,5,1,284,0021600495,S. Hill 2' Layup (4 PTS) (Holiday 7 AST),,6:19,3,4,4,0,203524,Solomon Hill,NOP,New Orleans,1610612740.0,Pelicans,201950,Jrue Holiday,NOP,New Orleans,1610612740.0,Pelicans,0,,,,,,53 - 65,12,,9:28 PM
256,1,2,286,0021600495,,,5:52,3,5,0,0,2546,Carmelo Anthony,NYK,New York,1610612752.0,Knicks,0,,,,,,0,,,,,,,,MISS Anthony 17' Jump Shot,9:29 PM
257,0,4,287,0021600495,Hield REBOUND (Off:0 Def:2),,5:51,3,4,0,0,1627741,Buddy Hield,NOP,New Orleans,1610612740.0,Pelicans,0,,,,,,0,,,,,,,,,9:29 PM
258,1,1,288,0021600495,S. Hill 28' 3PT Jump Shot (7 PTS) (Holiday 8 AST),,5:38,3,4,4,0,203524,Solomon Hill,NOP,New Orleans,1610612740.0,Pelicans,201950,Jrue Holiday,NOP,New Orleans,1610612740.0,Pelicans,0,,,,,,53 - 68,15,,9:29 PM
259,42,1,289,0021600495,,,5:18,3,5,0,0,201565,Derrick Rose,NYK,New York,1610612752.0,Knicks,0,,,,,,0,,,,,,55 - 68,13,Rose 1' Driving Layup (13 PTS),9:30 PM
260,2,6,290,0021600495,Davis S.FOUL (P2.T1) (J.Capers),,5:18,3,4,5,1,203076,Anthony Davis,NOP,New Orleans,1610612740.0,Pelicans,201565,Derrick Rose,NYK,New York,1610612752.0,Knicks,0,,,,,,,,,9:30 PM
261,0,8,291,0021600495,,,5:18,3,5,5,0,204001,Kristaps Porzingis,NYK,New York,1610612752.0,Knicks,203200,Justin Holiday,NYK,New York,1610612752.0,Knicks,0,,,,,,,,SUB: Holiday FOR Porzingis,9:30 PM
262,10,3,292,0021600495,,,5:18,3,5,0,0,201565,Derrick Rose,NYK,New York,1610612752.0,Knicks,0,,,,,,0,,,,,,56 - 68,12,Rose Free Throw 1 of 1 (14 PTS),9:30 PM
263,98,1,294,0021600495,Davis 3' Cutting Layup Shot (17 PTS) (Holiday 9 AST),,5:08,3,4,4,0,203076,Anthony Davis,NOP,New Orleans,1610612740.0,Pelicans,201950,Jrue Holiday,NOP,New Orleans,1610612740.0,Pelicans,0,,,,,,56 - 70,14,,9:30 PM
264,2,5,295,0021600495,Davis STEAL (2 STL),,4:59,3,5,4,0,1626195,Willy Hernangomez,NYK,New York,1610612752.0,Knicks,203076,Anthony Davis,NOP,New Orleans,1610612740.0,Pelicans,0,,,,,,,,Hernangomez Lost Ball Turnover (P1.T11),9:30 PM
265,1,2,296,0021600495,MISS Cunningham 25' 3PT Jump Shot,,4:51,3,4,0,0,201967,Dante Cunningham,NOP,New Orleans,1610612740.0,Pelicans,0,,,,,,0,,,,,,,,,9:31 PM
266,0,4,297,0021600495,,,4:51,3,3,0,0,1610612752,,,,,,0,,,,,,0,,,,,,,,Knicks Rebound,9:31 PM
267,0,8,299,0021600495,SUB: Moore FOR Cunningham,,4:51,3,4,4,0,201967,Dante Cunningham,NOP,New Orleans,1610612740.0,Pelicans,202734,E'Twaun Moore,NOP,New Orleans,1610612740.0,Pelicans,0,,,,,,,,,9:31 PM
268,2,6,301,0021600495,Moore S.FOUL (P1.T2) (S.Anderson),,4:38,3,4,5,1,202734,E'Twaun Moore,NOP,New Orleans,1610612740.0,Pelicans,2546,Carmelo Anthony,NYK,New York,1610612752.0,Knicks,0,,,,,,,,,9:31 PM
269,11,3,302,0021600495,,,4:38,3,5,0,0,2546,Carmelo Anthony,NYK,New York,1610612752.0,Knicks,0,,,,,,0,,,,,,57 - 70,13,Anthony Free Throw 1 of 2 (16 PTS),9:31 PM
270,12,3,305,0021600495,,,4:38,3,5,0,0,2546,Carmelo Anthony,NYK,New York,1610612752.0,Knicks,0,,,,,,0,,,,,,58 - 70,12,Anthony Free Throw 2 of 2 (17 PTS),9:32 PM
271,45,5,308,0021600495,Moore Out of Bounds - Bad Pass Turnover Turnover (P1.T7),,4:26,3,4,0,0,202734,E'Twaun Moore,NOP,New Orleans,1610612740.0,Pelicans,0,,,,,,0,,,,,,,,,9:32 PM
272,2,6,309,0021600495,S. Hill S.FOUL (P3.T3) (J.Tiven),,4:17,3,4,5,1,203524,Solomon Hill,NOP,New Orleans,1610612740.0,Pelicans,2546,Carmelo Anthony,NYK,New York,1610612752.0,Knicks,0,,,,,,,,,9:32 PM
273,11,3,310,0021600495,,,4:17,3,5,0,0,2546,Carmelo Anthony,NYK,New York,1610612752.0,Knicks,0,,,,,,0,,,,,,59 - 70,11,Anthony Free Throw 1 of 2 (18 PTS),9:33 PM
274,12,3,312,0021600495,,,4:17,3,5,0,0,2546,Carmelo Anthony,NYK,New York,1610612752.0,Knicks,0,,,,,,0,,,,,,60 - 70,10,Anthony Free Throw 2 of 2 (19 PTS),9:33 PM
275,2,6,314,0021600495,,,4:00,3,5,4,1,203200,Justin Holiday,NYK,New York,1610612752.0,Knicks,1627741,Buddy Hield,NOP,New Orleans,1610612740.0,Pelicans,0,,,,,,,,Holiday S.FOUL (P2.T2) (J.Capers),9:34 PM
276,11,3,315,0021600495,Hield Free Throw 1 of 2 (11 PTS),,4:00,3,4,0,0,1627741,Buddy Hield,NOP,New Orleans,1610612740.0,Pelicans,0,,,,,,0,,,,,,60 - 71,11,,9:34 PM
277,12,3,317,0021600495,Hield Free Throw 2 of 2 (12 PTS),,4:00,3,4,0,0,1627741,Buddy Hield,NOP,New Orleans,1610612740.0,Pelicans,0,,,,,,0,,,,,,60 - 72,12,,9:34 PM
278,79,1,319,0021600495,,,3:46,3,5,5,0,203200,Justin Holiday,NYK,New York,1610612752.0,Knicks,201943,Brandon Jennings,NYK,New York,1610612752.0,Knicks,0,,,,,,62 - 72,10,Holiday 14' Pullup Jump Shot (2 PTS) (Jennings 3 AST),9:34 PM
279,5,1,320,0021600495,Davis 2' Layup (19 PTS) (Moore 1 AST),,3:37,3,4,4,0,203076,Anthony Davis,NOP,New Orleans,1610612740.0,Pelicans,202734,E'Twaun Moore,NOP,New Orleans,1610612740.0,Pelicans,0,,,,,,62 - 74,12,,9:35 PM
280,2,6,321,0021600495,,,3:37,3,5,4,1,1626195,Willy Hernangomez,NYK,New York,1610612752.0,Knicks,203076,Anthony Davis,NOP,New Orleans,1610612740.0,Pelicans,0,,,,,,,,Hernangomez S.FOUL (P1.T3) (J.Tiven),9:35 PM
281,10,3,322,0021600495,MISS Davis Free Throw 1 of 1,,3:37,3,4,0,0,203076,Anthony Davis,NOP,New Orleans,1610612740.0,Pelicans,0,,,,,,0,,,,,,,,,9:35 PM
282,0,4,324,0021600495,,,3:35,3,5,0,0,1626195,Willy Hernangomez,NYK,New York,1610612752.0,Knicks,0,,,,,,0,,,,,,,,Hernangomez REBOUND (Off:0 Def:1),9:35 PM
283,5,2,325,0021600495,,,3:13,3,5,0,0,2546,Carmelo Anthony,NYK,New York,1610612752.0,Knicks,0,,,,,,0,,,,,,,,MISS Anthony 2' Layup,9:35 PM
284,0,4,327,0021600495,,,3:12,3,5,0,0,1626195,Willy Hernangomez,NYK,New York,1610612752.0,Knicks,0,,,,,,0,,,,,,,,Hernangomez REBOUND (Off:1 Def:1),9:35 PM
285,97,1,326,0021600495,,,3:12,3,5,0,0,1626195,Willy Hernangomez,NYK,New York,1610612752.0,Knicks,0,,,,,,0,,,,,,64 - 74,10,Hernangomez 2' Tip Layup Shot (2 PTS),9:35 PM
286,1,5,328,0021600495,Moore Bad Pass Turnover (P2.T8),,3:05,3,4,5,0,202734,E'Twaun Moore,NOP,New Orleans,1610612740.0,Pelicans,201565,Derrick Rose,NYK,New York,1610612752.0,Knicks,0,,,,,,,,Rose STEAL (2 STL),9:36 PM
287,1,2,330,0021600495,,,2:57,3,5,0,0,2546,Carmelo Anthony,NYK,New York,1610612752.0,Knicks,0,,,,,,0,,,,,,,,MISS Anthony 26' 3PT Jump Shot,9:36 PM
288,0,4,331,0021600495,Davis REBOUND (Off:0 Def:14),,2:55,3,4,0,0,203076,Anthony Davis,NOP,New Orleans,1610612740.0,Pelicans,0,,,,,,0,,,,,,,,,9:36 PM
289,5,1,332,0021600495,Moore 3' Layup (10 PTS) (Hield 1 AST),,2:44,3,4,4,0,202734,E'Twaun Moore,NOP,New Orleans,1610612740.0,Pelicans,1627741,Buddy Hield,NOP,New Orleans,1610612740.0,Pelicans,0,,,,,,64 - 76,12,,9:36 PM
290,1,2,334,0021600495,,,2:28,3,5,0,0,201565,Derrick Rose,NYK,New York,1610612752.0,Knicks,0,,,,,,0,,,,,,,,MISS Rose 20' Jump Shot,9:36 PM
291,0,4,335,0021600495,Moore REBOUND (Off:0 Def:2),,2:28,3,4,0,0,202734,E'Twaun Moore,NOP,New Orleans,1610612740.0,Pelicans,0,,,,,,0,,,,,,,,,9:36 PM
292,1,5,337,0021600495,Davis Bad Pass Turnover (P4.T9),,2:15,3,4,5,0,203076,Anthony Davis,NOP,New Orleans,1610612740.0,Pelicans,201565,Derrick Rose,NYK,New York,1610612752.0,Knicks,0,,,,,,,,Rose STEAL (3 STL),9:36 PM
293,45,5,338,0021600495,,,2:09,3,5,0,0,201565,Derrick Rose,NYK,New York,1610612752.0,Knicks,0,,,,,,0,,,,,,,,Rose Out of Bounds - Bad Pass Turnover Turnover (P4.T12),9:36 PM
294,1,9,339,0021600495,PELICANS Timeout: Regular (Full 3 Short 1),,2:09,3,2,0,0,1610612740,,,,,,0,,,,,,0,,,,,,,,,9:37 PM
295,0,8,342,0021600495,,,2:09,3,5,5,0,1626195,Willy Hernangomez,NYK,New York,1610612752.0,Knicks,204001,Kristaps Porzingis,NYK,New York,1610612752.0,Knicks,0,,,,,,,,SUB: Porzingis FOR Hernangomez,9:39 PM
296,0,8,344,0021600495,SUB: Evans FOR Hield,,2:09,3,4,4,0,1627741,Buddy Hield,NOP,New Orleans,1610612740.0,Pelicans,201936,Tyreke Evans,NOP,New Orleans,1610612740.0,Pelicans,0,,,,,,,,,9:39 PM
297,0,8,345,0021600495,SUB: Galloway FOR Holiday,,2:09,3,4,4,0,201950,Jrue Holiday,NOP,New Orleans,1610612740.0,Pelicans,204038,Langston Galloway,NOP,New Orleans,1610612740.0,Pelicans,0,,,,,,,,,9:39 PM
298,1,2,347,0021600495,MISS Evans 27' 3PT Jump Shot,,1:51,3,4,0,0,201936,Tyreke Evans,NOP,New Orleans,1610612740.0,Pelicans,0,,,,,,0,,,,,,,,,9:39 PM
299,0,4,348,0021600495,,,1:50,3,5,0,0,204001,Kristaps Porzingis,NYK,New York,1610612752.0,Knicks,0,,,,,,0,,,,,,,,Porzingis REBOUND (Off:1 Def:9),9:39 PM
300,1,1,349,0021600495,,,1:28,3,5,0,0,2546,Carmelo Anthony,NYK,New York,1610612752.0,Knicks,0,,,,,,0,,,,,,66 - 76,10,Anthony 4' Jump Shot (21 PTS),9:40 PM
301,1,2,350,0021600495,MISS Davis 9' Jump Shot,,1:11,3,4,0,0,203076,Anthony Davis,NOP,New Orleans,1610612740.0,Pelicans,0,,,,,,0,,,,,,,,,9:40 PM
302,0,4,351,0021600495,,,1:11,3,5,0,0,203200,Justin Holiday,NYK,New York,1610612752.0,Knicks,0,,,,,,0,,,,,,,,Holiday REBOUND (Off:1 Def:4),9:40 PM
303,1,2,352,0021600495,,,1:00,3,5,0,0,203200,Justin Holiday,NYK,New York,1610612752.0,Knicks,0,,,,,,0,,,,,,,,MISS Holiday 25' 3PT Jump Shot,9:40 PM
304,0,4,353,0021600495,Moore REBOUND (Off:0 Def:3),,0:59,3,4,0,0,202734,E'Twaun Moore,NOP,New Orleans,1610612740.0,Pelicans,0,,,,,,0,,,,,,,,,9:40 PM
305,1,6,354,0021600495,,,0:57,3,5,4,1,201943,Brandon Jennings,NYK,New York,1610612752.0,Knicks,202734,E'Twaun Moore,NOP,New Orleans,1610612740.0,Pelicans,0,,,,,,,,Jennings P.FOUL (P1.T4) (S.Anderson),9:40 PM
306,1,7,355,0021600495,PELICANS Violation: Delay of game Violation,,0:57,3,2,0,1,1610612740,,,,,,0,,,,,,0,,,,,,,,,9:41 PM
307,0,8,356,0021600495,SUB: Jones FOR Davis,,0:57,3,4,4,0,203076,Anthony Davis,NOP,New Orleans,1610612740.0,Pelicans,203093,Terrence Jones,NOP,New Orleans,1610612740.0,Pelicans,0,,,,,,,,,9:41 PM
308,1,2,358,0021600495,MISS S. Hill 26' 3PT Jump Shot,,0:51,3,4,0,0,203524,Solomon Hill,NOP,New Orleans,1610612740.0,Pelicans,0,,,,,,0,,,,,,,,,9:41 PM
309,0,4,359,0021600495,,,0:51,3,5,0,0,201943,Brandon Jennings,NYK,New York,1610612752.0,Knicks,0,,,,,,0,,,,,,,,Jennings REBOUND (Off:0 Def:1),9:41 PM
310,5,2,360,0021600495,,,0:44,3,5,0,0,201943,Brandon Jennings,NYK,New York,1610612752.0,Knicks,0,,,,,,0,,,,,,,,MISS Jennings 2' Layup,9:41 PM
311,0,4,361,0021600495,,,0:41,3,5,0,0,204001,Kristaps Porzingis,NYK,New York,1610612752.0,Knicks,0,,,,,,0,,,,,,,,Porzingis REBOUND (Off:2 Def:9),9:41 PM
312,5,2,362,0021600495,,,0:32,3,5,0,0,2546,Carmelo Anthony,NYK,New York,1610612752.0,Knicks,0,,,,,,0,,,,,,,,MISS Anthony 2' Layup,9:41 PM
313,0,4,363,0021600495,,,0:31,3,5,0,0,204001,Kristaps Porzingis,NYK,New York,1610612752.0,Knicks,0,,,,,,0,,,,,,,,Porzingis REBOUND (Off:3 Def:9),9:41 PM
314,1,1,364,0021600495,,,0:28,3,5,5,0,203200,Justin Holiday,NYK,New York,1610612752.0,Knicks,204001,Kristaps Porzingis,NYK,New York,1610612752.0,Knicks,0,,,,,,69 - 76,7,Holiday 24' 3PT Jump Shot (5 PTS) (Porzingis 3 AST),9:41 PM
315,1,1,365,0021600495,S. Hill 25' 3PT Jump Shot (10 PTS) (Evans 3 AST),,0:06,3,4,4,0,203524,Solomon Hill,NOP,New Orleans,1610612740.0,Pelicans,201936,Tyreke Evans,NOP,New Orleans,1610612740.0,Pelicans,0,,,,,,69 - 79,10,,9:42 PM
316,40,5,366,0021600495,,,0:02,3,5,0,0,2546,Carmelo Anthony,NYK,New York,1610612752.0,Knicks,0,,,,,,0,,,,,,,,Anthony Out of Bounds Lost Ball Turnover (P4.T13),9:42 PM
317,1,2,368,0021600495,MISS Evans 27' 3PT Jump Shot,,0:00,3,4,0,0,201936,Tyreke Evans,NOP,New Orleans,1610612740.0,Pelicans,0,,,,,,0,,,,,,,,,9:42 PM
318,0,4,370,0021600495,PELICANS Rebound,,0:00,3,2,0,0,1610612740,,,,,,0,,,,,,0,,,,,,,,,9:42 PM
319,0,13,369,0021600495,,,0:00,3,0,0,0,0,,,,,,0,,,,,,0,,,,,,69 - 79,10,,9:42 PM
320,0,12,372,0021600495,,,12:00,4,0,0,0,0,,,,,,0,,,,,,0,,,,,,69 - 79,10,,9:45 PM
321,1,2,373,0021600495,,,11:44,4,5,0,0,204001,Kristaps Porzingis,NYK,New York,1610612752.0,Knicks,0,,,,,,0,,,,,,,,MISS Porzingis 12' Jump Shot,9:45 PM
322,0,4,374,0021600495,Evans REBOUND (Off:0 Def:3),,11:43,4,4,0,0,201936,Tyreke Evans,NOP,New Orleans,1610612740.0,Pelicans,0,,,,,,0,,,,,,,,,9:45 PM
323,1,2,375,0021600495,MISS Galloway 26' 3PT Jump Shot,,11:28,4,4,0,0,204038,Langston Galloway,NOP,New Orleans,1610612740.0,Pelicans,0,,,,,,0,,,,,,,,,9:45 PM
324,0,4,376,0021600495,,,11:28,4,5,0,0,2756,Sasha Vujacic,NYK,New York,1610612752.0,Knicks,0,,,,,,0,,,,,,,,Vujacic REBOUND (Off:0 Def:2),9:46 PM
325,47,1,377,0021600495,,,11:14,4,5,0,0,2546,Carmelo Anthony,NYK,New York,1610612752.0,Knicks,0,,,,,,0,,,,,,71 - 79,8,Anthony 12' Turnaround Jump Shot (23 PTS),9:46 PM
326,2,5,378,0021600495,Galloway Lost Ball Turnover (P1.T10),,10:57,4,4,5,0,204038,Langston Galloway,NOP,New Orleans,1610612740.0,Pelicans,201943,Brandon Jennings,NYK,New York,1610612752.0,Knicks,0,,,,,,,,Jennings STEAL (1 STL),9:46 PM
327,5,2,379,0021600495,,,10:51,4,5,0,0,201943,Brandon Jennings,NYK,New York,1610612752.0,Knicks,0,,,,,,0,,,,,,,,MISS Jennings 2' Layup,9:46 PM
328,0,4,380,0021600495,Galloway REBOUND (Off:0 Def:1),,10:48,4,4,0,0,204038,Langston Galloway,NOP,New Orleans,1610612740.0,Pelicans,0,,,,,,0,,,,,,,,,9:46 PM
329,5,1,381,0021600495,Evans 3' Layup (12 PTS),,10:44,4,4,0,0,201936,Tyreke Evans,NOP,New Orleans,1610612740.0,Pelicans,0,,,,,,0,,,,,,71 - 81,10,,9:46 PM
330,1,2,382,0021600495,,,10:22,4,5,0,0,204001,Kristaps Porzingis,NYK,New York,1610612752.0,Knicks,0,,,,,,0,,,,,,,,MISS Porzingis 14' Jump Shot,9:47 PM
331,0,4,383,0021600495,Evans REBOUND (Off:0 Def:4),,10:22,4,4,0,0,201936,Tyreke Evans,NOP,New Orleans,1610612740.0,Pelicans,0,,,,,,0,,,,,,,,,9:47 PM
332,45,5,384,0021600495,Jones Out of Bounds - Bad Pass Turnover Turnover (P1.T11),,10:16,4,4,0,0,203093,Terrence Jones,NOP,New Orleans,1610612740.0,Pelicans,0,,,,,,0,,,,,,,,,9:47 PM
333,40,5,385,0021600495,,,10:04,4,5,0,0,201943,Brandon Jennings,NYK,New York,1610612752.0,Knicks,0,,,,,,0,,,,,,,,Jennings Out of Bounds Lost Ball Turnover (P1.T14),9:47 PM
334,2,6,386,0021600495,,,9:55,4,5,4,1,2546,Carmelo Anthony,NYK,New York,1610612752.0,Knicks,201936,Tyreke Evans,NOP,New Orleans,1610612740.0,Pelicans,0,,,,,,,,Anthony S.FOUL (P2.T1) (J.Capers),9:47 PM
335,11,3,387,0021600495,Evans Free Throw 1 of 2 (13 PTS),,9:55,4,4,0,0,201936,Tyreke Evans,NOP,New Orleans,1610612740.0,Pelicans,0,,,,,,0,,,,,,71 - 82,11,,9:48 PM
336,12,3,389,0021600495,Evans Free Throw 2 of 2 (14 PTS),,9:55,4,4,0,0,201936,Tyreke Evans,NOP,New Orleans,1610612740.0,Pelicans,0,,,,,,0,,,,,,71 - 83,12,,9:48 PM
337,5,2,391,0021600495,,,9:33,4,5,0,0,2546,Carmelo Anthony,NYK,New York,1610612752.0,Knicks,0,,,,,,0,,,,,,,,MISS Anthony 2' Layup,9:48 PM
338,0,4,393,0021600495,,,9:32,4,5,0,0,2546,Carmelo Anthony,NYK,New York,1610612752.0,Knicks,0,,,,,,0,,,,,,,,Anthony REBOUND (Off:1 Def:9),9:49 PM
339,97,1,392,0021600495,,,9:32,4,5,0,0,2546,Carmelo Anthony,NYK,New York,1610612752.0,Knicks,0,,,,,,0,,,,,,73 - 83,10,Anthony 2' Tip Layup Shot (25 PTS),9:49 PM
340,5,2,394,0021600495,MISS Jones 2' Layup,,9:15,4,4,0,0,203093,Terrence Jones,NOP,New Orleans,1610612740.0,Pelicans,0,,,,,,0,,,,,,,,,9:49 PM
341,0,4,395,0021600495,,,9:15,4,5,0,0,201943,Brandon Jennings,NYK,New York,1610612752.0,Knicks,0,,,,,,0,,,,,,,,Jennings REBOUND (Off:0 Def:2),9:49 PM
342,7,1,396,0021600495,,,9:09,4,5,5,0,204001,Kristaps Porzingis,NYK,New York,1610612752.0,Knicks,203200,Justin Holiday,NYK,New York,1610612752.0,Knicks,0,,,,,,75 - 83,8,Porzingis  Dunk (14 PTS) (Holiday 2 AST),9:49 PM
343,2,6,397,0021600495,,,8:58,4,5,4,1,204001,Kristaps Porzingis,NYK,New York,1610612752.0,Knicks,201936,Tyreke Evans,NOP,New Orleans,1610612740.0,Pelicans,0,,,,,,,,Porzingis S.FOUL (P2.T2) (J.Tiven),9:49 PM
344,4,9,398,0021600495,,,8:58,4,1,0,0,0,,,,,,0,,,,,,0,,,,,,,,,9:50 PM
345,16,6,401,0021600495,,,8:58,4,4,5,1,203093,Terrence Jones,NOP,New Orleans,1610612740.0,Pelicans,2756,Sasha Vujacic,NYK,New York,1610612752.0,Knicks,0,,,,,,,,,9:51 PM
346,11,3,402,0021600495,Evans Free Throw 1 of 2 (15 PTS),,8:58,4,4,0,0,201936,Tyreke Evans,NOP,New Orleans,1610612740.0,Pelicans,0,,,,,,0,,,,,,75 - 84,9,,9:52 PM
347,12,3,405,0021600495,Evans Free Throw 2 of 2 (16 PTS),,8:58,4,4,0,0,201936,Tyreke Evans,NOP,New Orleans,1610612740.0,Pelicans,0,,,,,,0,,,,,,75 - 85,10,,9:53 PM
348,1,2,408,0021600495,,,8:39,4,5,0,0,2546,Carmelo Anthony,NYK,New York,1610612752.0,Knicks,0,,,,,,0,,,,,,,,MISS Anthony 14' Jump Shot,9:53 PM
349,0,4,409,0021600495,PELICANS Rebound,,8:38,4,2,0,0,1610612740,,,,,,0,,,,,,0,,,,,,,,,9:53 PM
350,5,1,410,0021600495,Jones 2' Layup (2 PTS) (Evans 4 AST),,8:21,4,4,4,0,203093,Terrence Jones,NOP,New Orleans,1610612740.0,Pelicans,201936,Tyreke Evans,NOP,New Orleans,1610612740.0,Pelicans,0,,,,,,75 - 87,12,,9:54 PM
351,2,6,411,0021600495,,,8:21,4,5,4,1,204001,Kristaps Porzingis,NYK,New York,1610612752.0,Knicks,203093,Terrence Jones,NOP,New Orleans,1610612740.0,Pelicans,0,,,,,,,,Porzingis S.FOUL (P3.T3) (S.Anderson),9:54 PM
352,0,8,412,0021600495,,,8:21,4,5,5,0,2546,Carmelo Anthony,NYK,New York,1610612752.0,Knicks,202498,Lance Thomas,NYK,New York,1610612752.0,Knicks,0,,,,,,,,SUB: Thomas FOR Anthony,9:54 PM
353,10,3,413,0021600495,Jones Free Throw 1 of 1 (3 PTS),,8:21,4,4,0,0,203093,Terrence Jones,NOP,New Orleans,1610612740.0,Pelicans,0,,,,,,0,,,,,,75 - 88,13,,9:54 PM
354,0,8,416,0021600495,,,8:07,4,5,5,0,2756,Sasha Vujacic,NYK,New York,1610612752.0,Knicks,201565,Derrick Rose,NYK,New York,1610612752.0,Knicks,0,,,,,,,,SUB: Rose FOR Vujacic,9:55 PM
355,0,8,417,0021600495,SUB: Holiday FOR Evans,,8:07,4,4,4,0,201936,Tyreke Evans,NOP,New Orleans,1610612740.0,Pelicans,201950,Jrue Holiday,NOP,New Orleans,1610612740.0,Pelicans,0,,,,,,,,,9:55 PM
356,5,2,418,0021600495,,,7:55,4,5,0,0,201565,Derrick Rose,NYK,New York,1610612752.0,Knicks,0,,,,,,0,,,,,,,,MISS Rose 1' Layup,9:55 PM
357,0,4,419,0021600495,Cunningham REBOUND (Off:0 Def:3),,7:54,4,4,0,0,201967,Dante Cunningham,NOP,New Orleans,1610612740.0,Pelicans,0,,,,,,0,,,,,,,,,9:55 PM
358,1,1,420,0021600495,Galloway 26' 3PT Jump Shot (6 PTS) (Jones 1 AST),,7:44,4,4,4,0,204038,Langston Galloway,NOP,New Orleans,1610612740.0,Pelicans,203093,Terrence Jones,NOP,New Orleans,1610612740.0,Pelicans,0,,,,,,75 - 91,16,,9:55 PM
359,85,1,421,0021600495,,,7:24,4,5,5,0,204001,Kristaps Porzingis,NYK,New York,1610612752.0,Knicks,203200,Justin Holiday,NYK,New York,1610612752.0,Knicks,0,,,,,,77 - 91,14,Porzingis 13' Turnaround Bank Shot (16 PTS) (Holiday 3 AST),9:55 PM
360,1,2,422,0021600495,MISS Moore 23' Jump Shot,,7:16,4,4,0,0,202734,E'Twaun Moore,NOP,New Orleans,1610612740.0,Pelicans,0,,,,,,0,,,,,,,,,9:56 PM
361,0,4,423,0021600495,,,7:13,4,5,0,0,203200,Justin Holiday,NYK,New York,1610612752.0,Knicks,0,,,,,,0,,,,,,,,Holiday REBOUND (Off:1 Def:5),9:56 PM
362,5,1,424,0021600495,,,7:08,4,5,0,0,201565,Derrick Rose,NYK,New York,1610612752.0,Knicks,0,,,,,,0,,,,,,79 - 91,12,Rose 2' Layup (16 PTS),9:56 PM
363,5,1,425,0021600495,Jones 2' Layup (5 PTS) (Holiday 10 AST),,6:56,4,4,4,0,203093,Terrence Jones,NOP,New Orleans,1610612740.0,Pelicans,201950,Jrue Holiday,NOP,New Orleans,1610612740.0,Pelicans,0,,,,,,79 - 93,14,,9:56 PM
364,2,6,426,0021600495,Holiday S.FOUL (P1.T1) (S.Anderson),,6:44,4,4,5,1,201950,Jrue Holiday,NOP,New Orleans,1610612740.0,Pelicans,204001,Kristaps Porzingis,NYK,New York,1610612752.0,Knicks,0,,,,,,,,,9:56 PM
365,11,3,427,0021600495,,,6:44,4,5,0,0,204001,Kristaps Porzingis,NYK,New York,1610612752.0,Knicks,0,,,,,,0,,,,,,80 - 93,13,Porzingis Free Throw 1 of 2 (17 PTS),9:56 PM
366,12,3,429,0021600495,,,6:44,4,5,0,0,204001,Kristaps Porzingis,NYK,New York,1610612752.0,Knicks,0,,,,,,0,,,,,,81 - 93,12,Porzingis Free Throw 2 of 2 (18 PTS),9:57 PM
367,79,1,431,0021600495,Moore 16' Pullup Jump Shot (12 PTS),,6:22,4,4,0,0,202734,E'Twaun Moore,NOP,New Orleans,1610612740.0,Pelicans,0,,,,,,0,,,,,,81 - 95,14,,9:57 PM
368,1,2,432,0021600495,,,6:10,4,5,0,0,202498,Lance Thomas,NYK,New York,1610612752.0,Knicks,0,,,,,,0,,,,,,,,MISS Thomas 22' Jump Shot,9:57 PM
369,0,4,433,0021600495,Galloway REBOUND (Off:0 Def:2),,6:08,4,4,0,0,204038,Langston Galloway,NOP,New Orleans,1610612740.0,Pelicans,0,,,,,,0,,,,,,,,,9:57 PM
370,5,2,434,0021600495,MISS Jones 3' Layup,,6:00,4,4,0,0,203093,Terrence Jones,NOP,New Orleans,1610612740.0,Pelicans,0,,,,,,0,,,,,,,,,9:58 PM
371,0,4,435,0021600495,,,5:58,4,5,0,0,201943,Brandon Jennings,NYK,New York,1610612752.0,Knicks,0,,,,,,0,,,,,,,,Jennings REBOUND (Off:0 Def:3),9:58 PM
372,1,2,436,0021600495,,,5:47,4,5,0,0,201565,Derrick Rose,NYK,New York,1610612752.0,Knicks,0,,,,,,0,,,,,,,,MISS Rose 20' Jump Shot,9:58 PM
373,0,4,437,0021600495,Holiday REBOUND (Off:0 Def:4),,5:47,4,4,0,0,201950,Jrue Holiday,NOP,New Orleans,1610612740.0,Pelicans,0,,,,,,0,,,,,,,,,9:58 PM
374,3,6,438,0021600495,,,5:47,4,5,4,1,204001,Kristaps Porzingis,NYK,New York,1610612752.0,Knicks,201950,Jrue Holiday,NOP,New Orleans,1610612740.0,Pelicans,0,,,,,,,,Porzingis L.B.FOUL (P4.T4) (J.Capers),9:58 PM
375,1,9,439,0021600495,PELICANS Timeout: Regular (Full 4 Short 1),,5:47,4,2,0,0,1610612740,,,,,,0,,,,,,0,,,,,,,,,9:58 PM
376,0,8,440,0021600495,SUB: Davis FOR Cunningham,,5:47,4,4,4,0,201967,Dante Cunningham,NOP,New Orleans,1610612740.0,Pelicans,203076,Anthony Davis,NOP,New Orleans,1610612740.0,Pelicans,0,,,,,,,,,10:00 PM
377,0,8,441,0021600495,,,5:46,4,5,5,0,204001,Kristaps Porzingis,NYK,New York,1610612752.0,Knicks,2546,Carmelo Anthony,NYK,New York,1610612752.0,Knicks,0,,,,,,,,SUB: Anthony FOR Porzingis,10:00 PM
378,5,2,442,0021600495,MISS Jones 2' Layup,,5:25,4,4,0,0,203093,Terrence Jones,NOP,New Orleans,1610612740.0,Pelicans,0,,,,,,0,,,,,,,,,10:01 PM
379,0,4,443,0021600495,,,5:24,4,5,0,0,203200,Justin Holiday,NYK,New York,1610612752.0,Knicks,0,,,,,,0,,,,,,,,Holiday REBOUND (Off:1 Def:6),10:01 PM
380,1,2,444,0021600495,,,5:06,4,5,0,0,203200,Justin Holiday,NYK,New York,1610612752.0,Knicks,0,,,,,,0,,,,,,,,MISS Holiday 27' 3PT Jump Shot,10:01 PM
381,0,4,445,0021600495,Davis REBOUND (Off:0 Def:15),,5:05,4,4,0,0,203076,Anthony Davis,NOP,New Orleans,1610612740.0,Pelicans,0,,,,,,0,,,,,,,,,10:01 PM
382,2,6,446,0021600495,,,4:53,4,5,4,1,2546,Carmelo Anthony,NYK,New York,1610612752.0,Knicks,201950,Jrue Holiday,NOP,New Orleans,1610612740.0,Pelicans,0,,,,,,,,Anthony S.FOUL (P3.PN) (J.Capers),10:01 PM
383,11,3,447,0021600495,Holiday Free Throw 1 of 2 (11 PTS),,4:53,4,4,0,0,201950,Jrue Holiday,NOP,New Orleans,1610612740.0,Pelicans,0,,,,,,0,,,,,,81 - 96,15,,10:02 PM
384,0,8,449,0021600495,SUB: S. Hill FOR Moore,,4:53,4,4,4,0,202734,E'Twaun Moore,NOP,New Orleans,1610612740.0,Pelicans,203524,Solomon Hill,NOP,New Orleans,1610612740.0,Pelicans,0,,,,,,,,,10:02 PM
385,12,3,451,0021600495,Holiday Free Throw 2 of 2 (12 PTS),,4:53,4,4,0,0,201950,Jrue Holiday,NOP,New Orleans,1610612740.0,Pelicans,0,,,,,,0,,,,,,81 - 97,16,,10:02 PM
386,1,2,454,0021600495,,,4:42,4,5,0,0,201943,Brandon Jennings,NYK,New York,1610612752.0,Knicks,0,,,,,,0,,,,,,,,MISS Jennings 25' 3PT Jump Shot,10:02 PM
387,0,4,455,0021600495,PELICANS Rebound,,4:42,4,2,0,0,1610612740,,,,,,0,,,,,,0,,,,,,,,,10:02 PM
388,0,8,456,0021600495,SUB: Evans FOR Jones,,4:42,4,4,4,0,203093,Terrence Jones,NOP,New Orleans,1610612740.0,Pelicans,201936,Tyreke Evans,NOP,New Orleans,1610612740.0,Pelicans,0,,,,,,,,,10:02 PM
389,4,6,457,0021600495,Davis OFF.Foul (P3) (J.Tiven),,4:26,4,4,5,1,203076,Anthony Davis,NOP,New Orleans,1610612740.0,Pelicans,203200,Justin Holiday,NYK,New York,1610612752.0,Knicks,0,,,,,,,,,10:03 PM
390,5,5,458,0021600495,Davis Foul Turnover (P5.T12),,4:26,4,4,0,1,203076,Anthony Davis,NOP,New Orleans,1610612740.0,Pelicans,0,,,,,,0,,,,,,,,,10:03 PM
391,42,1,459,0021600495,,,4:14,4,5,0,0,201565,Derrick Rose,NYK,New York,1610612752.0,Knicks,0,,,,,,0,,,,,,83 - 97,14,Rose 2' Driving Layup (18 PTS),10:03 PM
392,1,2,460,0021600495,MISS Galloway  3PT Jump Shot,,4:01,4,4,0,0,204038,Langston Galloway,NOP,New Orleans,1610612740.0,Pelicans,0,,,,,,0,,,,,,,,,10:03 PM
393,0,4,461,0021600495,,,4:01,4,5,0,0,202498,Lance Thomas,NYK,New York,1610612752.0,Knicks,0,,,,,,0,,,,,,,,Thomas REBOUND (Off:0 Def:1),10:03 PM
394,1,1,462,0021600495,,,3:48,4,5,5,0,203200,Justin Holiday,NYK,New York,1610612752.0,Knicks,201565,Derrick Rose,NYK,New York,1610612752.0,Knicks,0,,,,,,86 - 97,11,Holiday  3PT Jump Shot (8 PTS) (Rose 1 AST),10:04 PM
395,1,6,463,0021600495,,,3:34,4,5,4,1,201565,Derrick Rose,NYK,New York,1610612752.0,Knicks,203076,Anthony Davis,NOP,New Orleans,1610612740.0,Pelicans,0,,,,,,,,Rose P.FOUL (P2.PN) (J.Tiven),10:04 PM
396,11,3,464,0021600495,Davis Free Throw 1 of 2 (20 PTS),,3:34,4,4,0,0,203076,Anthony Davis,NOP,New Orleans,1610612740.0,Pelicans,0,,,,,,0,,,,,,86 - 98,12,,10:04 PM
397,12,3,466,0021600495,Davis Free Throw 2 of 2 (21 PTS),,3:34,4,4,0,0,203076,Anthony Davis,NOP,New Orleans,1610612740.0,Pelicans,0,,,,,,0,,,,,,86 - 99,13,,10:04 PM
398,2,6,468,0021600495,S. Hill S.FOUL (P4.T2) (J.Tiven),,3:22,4,4,5,1,203524,Solomon Hill,NOP,New Orleans,1610612740.0,Pelicans,2546,Carmelo Anthony,NYK,New York,1610612752.0,Knicks,0,,,,,,,,,10:05 PM
399,11,3,469,0021600495,,,3:22,4,5,0,0,2546,Carmelo Anthony,NYK,New York,1610612752.0,Knicks,0,,,,,,0,,,,,,,,MISS Anthony Free Throw 1 of 2,10:05 PM
400,1,4,470,0021600495,,,3:22,4,3,0,0,1610612752,,,,,,0,,,,,,0,,,,,,,,Knicks Rebound,10:05 PM
401,0,8,471,0021600495,,,3:22,4,5,5,0,201943,Brandon Jennings,NYK,New York,1610612752.0,Knicks,204001,Kristaps Porzingis,NYK,New York,1610612752.0,Knicks,0,,,,,,,,SUB: Porzingis FOR Jennings,10:05 PM
402,12,3,472,0021600495,,,3:22,4,5,0,0,2546,Carmelo Anthony,NYK,New York,1610612752.0,Knicks,0,,,,,,0,,,,,,87 - 99,12,Anthony Free Throw 2 of 2 (26 PTS),10:06 PM
403,1,2,474,0021600495,MISS Galloway 24' 3PT Jump Shot,,3:02,4,4,0,0,204038,Langston Galloway,NOP,New Orleans,1610612740.0,Pelicans,0,,,,,,0,,,,,,,,,10:06 PM
404,0,4,475,0021600495,,,3:00,4,5,0,0,2546,Carmelo Anthony,NYK,New York,1610612752.0,Knicks,0,,,,,,0,,,,,,,,Anthony REBOUND (Off:1 Def:10),10:06 PM
405,1,2,476,0021600495,,,2:51,4,5,0,0,201565,Derrick Rose,NYK,New York,1610612752.0,Knicks,0,,,,,,0,,,,,,,,MISS Rose 18' Jump Shot,10:06 PM
406,0,4,477,0021600495,Davis REBOUND (Off:0 Def:16),,2:50,4,4,0,0,203076,Anthony Davis,NOP,New Orleans,1610612740.0,Pelicans,0,,,,,,0,,,,,,,,,10:06 PM
407,1,5,478,0021600495,S. Hill Bad Pass Turnover (P1.T13),,2:40,4,4,5,0,203524,Solomon Hill,NOP,New Orleans,1610612740.0,Pelicans,2546,Carmelo Anthony,NYK,New York,1610612752.0,Knicks,0,,,,,,,,Anthony STEAL (1 STL),10:07 PM
408,7,1,479,0021600495,,,2:37,4,5,5,0,204001,Kristaps Porzingis,NYK,New York,1610612752.0,Knicks,203200,Justin Holiday,NYK,New York,1610612752.0,Knicks,0,,,,,,89 - 99,10,Porzingis  Dunk (20 PTS) (Holiday 4 AST),10:07 PM
409,2,6,480,0021600495,S. Hill S.FOUL (P5.T3) (J.Capers),,2:37,4,4,5,1,203524,Solomon Hill,NOP,New Orleans,1610612740.0,Pelicans,204001,Kristaps Porzingis,NYK,New York,1610612752.0,Knicks,0,,,,,,,,,10:07 PM
410,1,9,481,0021600495,,,2:37,4,3,0,0,1610612752,,,,,,0,,,,,,0,,,,,,,,Knicks Timeout: Regular (Reg.4 Short 0),10:07 PM
411,0,8,483,0021600495,SUB: Cunningham FOR Galloway,,2:37,4,4,4,0,204038,Langston Galloway,NOP,New Orleans,1610612740.0,Pelicans,201967,Dante Cunningham,NOP,New Orleans,1610612740.0,Pelicans,0,,,,,,,,,10:09 PM
412,0,8,484,0021600495,SUB: Moore FOR S. Hill,,2:37,4,4,4,0,203524,Solomon Hill,NOP,New Orleans,1610612740.0,Pelicans,202734,E'Twaun Moore,NOP,New Orleans,1610612740.0,Pelicans,0,,,,,,,,,10:09 PM
413,10,3,485,0021600495,,,2:37,4,5,0,0,204001,Kristaps Porzingis,NYK,New York,1610612752.0,Knicks,0,,,,,,0,,,,,,90 - 99,9,Porzingis Free Throw 1 of 1 (21 PTS),10:09 PM
414,5,2,488,0021600495,MISS Davis 2' Layup,,2:16,4,4,0,0,203076,Anthony Davis,NOP,New Orleans,1610612740.0,Pelicans,0,,,,,,0,,,,,,,,,10:10 PM
415,0,4,489,0021600495,Moore REBOUND (Off:1 Def:3),,2:16,4,4,0,0,202734,E'Twaun Moore,NOP,New Orleans,1610612740.0,Pelicans,0,,,,,,0,,,,,,,,,10:10 PM
416,1,1,490,0021600495,Cunningham 24' 3PT Jump Shot (8 PTS) (Holiday 11 AST),,1:59,4,4,4,0,201967,Dante Cunningham,NOP,New Orleans,1610612740.0,Pelicans,201950,Jrue Holiday,NOP,New Orleans,1610612740.0,Pelicans,0,,,,,,90 - 102,12,,10:10 PM
417,1,2,491,0021600495,,,1:48,4,5,0,0,204001,Kristaps Porzingis,NYK,New York,1610612752.0,Knicks,0,,,,,,0,,,,,,,,MISS Porzingis 25' 3PT Jump Shot,10:10 PM
418,0,4,492,0021600495,,,1:48,4,3,0,0,1610612752,,,,,,0,,,,,,0,,,,,,,,Knicks Rebound,10:10 PM
419,0,18,493,0021600495,,,1:48,4,0,0,1,0,,,,,,0,,,,,,0,,,,,,90 - 102,12,,10:11 PM
420,1,2,494,0021600495,,,1:39,4,5,0,0,204001,Kristaps Porzingis,NYK,New York,1610612752.0,Knicks,0,,,,,,0,,,,,,,,MISS Porzingis 12' Jump Shot,10:11 PM
421,0,4,495,0021600495,Davis REBOUND (Off:0 Def:17),,1:38,4,4,0,0,203076,Anthony Davis,NOP,New Orleans,1610612740.0,Pelicans,0,,,,,,0,,,,,,,,,10:11 PM
422,108,1,496,0021600495,Davis  Cutting Dunk Shot (23 PTS) (Moore 2 AST),,1:19,4,4,4,0,203076,Anthony Davis,NOP,New Orleans,1610612740.0,Pelicans,202734,E'Twaun Moore,NOP,New Orleans,1610612740.0,Pelicans,0,,,,,,90 - 104,14,,10:12 PM
423,42,1,497,0021600495,,,1:09,4,5,0,0,201565,Derrick Rose,NYK,New York,1610612752.0,Knicks,0,,,,,,0,,,,,,92 - 104,12,Rose 1' Driving Layup (20 PTS),10:12 PM
424,1,2,498,0021600495,MISS Evans 26' 3PT Jump Shot,,0:47,4,4,0,0,201936,Tyreke Evans,NOP,New Orleans,1610612740.0,Pelicans,0,,,,,,0,,,,,,,,,10:12 PM
425,1,4,502,0021600495,Davis REBOUND (Off:1 Def:17),,0:47,4,4,0,0,203076,Anthony Davis,NOP,New Orleans,1610612740.0,Pelicans,0,,,,,,0,,,,,,,,,10:12 PM
426,72,2,505,0021600495,MISS Davis 1' Putback Layup,,0:47,4,4,0,0,203076,Anthony Davis,NOP,New Orleans,1610612740.0,Pelicans,0,,,,,,0,,,,,,,,,10:12 PM
427,0,4,499,0021600495,,,0:45,4,5,0,0,2546,Carmelo Anthony,NYK,New York,1610612752.0,Knicks,0,,,,,,0,,,,,,,,Anthony REBOUND (Off:1 Def:11),10:12 PM
428,1,2,500,0021600495,,,0:38,4,5,0,0,2546,Carmelo Anthony,NYK,New York,1610612752.0,Knicks,0,,,,,,0,,,,,,,,MISS Anthony 28' 3PT Jump Shot,10:12 PM
429,0,4,501,0021600495,Evans REBOUND (Off:0 Def:5),,0:36,4,4,0,0,201936,Tyreke Evans,NOP,New Orleans,1610612740.0,Pelicans,0,,,,,,0,,,,,,,,,10:13 PM
430,5,2,503,0021600495,MISS Evans 3' Layup,,0:14,4,4,0,0,201936,Tyreke Evans,NOP,New Orleans,1610612740.0,Pelicans,0,,,,,,0,,,,,,,,,10:13 PM
431,0,4,504,0021600495,,,0:13,4,5,0,0,2546,Carmelo Anthony,NYK,New York,1610612752.0,Knicks,0,,,,,,0,,,,,,,,Anthony REBOUND (Off:1 Def:12),10:13 PM
432,0,13,506,0021600495,,,0:00,4,0,0,0,0,,,,,,0,,,,,,0,,,,,,92 - 104,12,,10:13 PM
