,EVENTMSGACTIONTYPE,EVENTMSGTYPE,EVENTNUM,GAME_ID,HOMEDESCRIPTION,NEUTRALDESCRIPTION,PCTIMESTRING,PERIOD,PERSON1TYPE,PERSON2TYPE,PERSON3TYPE,PLAYER1_ID,PLAYER1_NAME,PLAYER1_TEAM_ABBREVIATION,PLAYER1_TEAM_CITY,PLAYER1_TEAM_ID,PLAYER1_TEAM_NICKNAME,PLAYER2_ID,PLAYER2_NAME,PLAYER2_TEAM_ABBREVIATION,PLAYER2_TEAM_CITY,PLAYER2_TEAM_ID,PLAYER2_TEAM_NICKNAME,PLAYER3_ID,PLAYER3_NAME,PLAYER3_TEAM_ABBREVIATION,PLAYER3_TEAM_CITY,PLAYER3_TEAM_ID,PLAYER3_TEAM_NICKNAME,SCORE,SCOREMARGIN,VISITORDESCRIPTION,WCTIMESTRING
0,0,12,1,0020600645,,,12:00,1,0,0,0,0,,,,,,0,,,,,,0,,,,,,,,,11:37 PM
1,0,10,2,0020600645,Jump Ball Wilcox vs. Garnett: Tip to Blount,,12:00,1,4,5,5,2404,Chris Wilcox,SEA,Seattle,1610612760.0,SuperSonics,708,Kevin Garnett,MIN,Minnesota,1610612750.0,Timberwolves,1548,Mark Blount,MIN,Minnesota,1610612750.0,Timberwolves,,,,11:41 PM
2,44,1,4,0020600645,,,11:40,1,5,5,0,1548,Mark Blount,MIN,Minnesota,1610612750.0,Timberwolves,708,Kevin Garnett,MIN,Minnesota,1610612750.0,Timberwolves,0,,,,,,2 - 0,-2,Blount  Reverse Layup (2 PTS) (Garnett 1 AST),11:42 PM
3,1,2,5,0020600645,MISS Wilcox 5' Jump Shot,,11:25,1,4,0,0,2404,Chris Wilcox,SEA,Seattle,1610612760.0,SuperSonics,0,,,,,,0,,,,,,,,,11:42 PM
4,0,4,6,0020600645,Gelabale REBOUND (Off:1 Def:0),,11:22,1,4,0,0,101153,Mickael Gelabale,SEA,Seattle,1610612760.0,SuperSonics,0,,,,,,0,,,,,,,,,11:42 PM
5,2,5,7,0020600645,Wilcox Lost Ball Turnover (P1.T1),,11:16,1,4,5,0,2404,Chris Wilcox,SEA,Seattle,1610612760.0,SuperSonics,708,Kevin Garnett,MIN,Minnesota,1610612750.0,Timberwolves,0,,,,,,,,Garnett STEAL (1 STL),11:43 PM
6,39,5,8,0020600645,,,11:07,1,5,0,1,2229,Mike James,MIN,Minnesota,1610612750.0,Timberwolves,0,,,,,,0,,,,,,,,James Step Out of Bounds Turnover (P1.T1),11:43 PM
7,1,2,10,0020600645,MISS Collison 5' Jump Shot,,10:50,1,4,0,0,2555,Nick Collison,SEA,Seattle,1610612760.0,SuperSonics,0,,,,,,0,,,,,,,,,11:43 PM
8,0,4,12,0020600645,Wilcox REBOUND (Off:1 Def:0),,10:47,1,4,0,0,2404,Chris Wilcox,SEA,Seattle,1610612760.0,SuperSonics,0,,,,,,0,,,,,,,,,11:43 PM
9,5,2,11,0020600645,MISS Wilcox  Layup,,10:47,1,4,0,0,2404,Chris Wilcox,SEA,Seattle,1610612760.0,SuperSonics,0,,,,,,0,,,,,,,,,11:43 PM
10,0,4,13,0020600645,Collison REBOUND (Off:1 Def:0),,10:41,1,4,0,0,2555,Nick Collison,SEA,Seattle,1610612760.0,SuperSonics,0,,,,,,0,,,,,,,,,11:43 PM
11,65,1,14,0020600645,Collison 5' Jump Hook Shot (2 PTS),,10:38,1,4,0,0,2555,Nick Collison,SEA,Seattle,1610612760.0,SuperSonics,0,,,,,,0,,,,,,2 - 2,TIE,,11:43 PM
12,1,1,15,0020600645,,,10:30,1,5,5,0,2229,Mike James,MIN,Minnesota,1610612750.0,Timberwolves,2239,Trenton Hassell,MIN,Minnesota,1610612750.0,Timberwolves,0,,,,,,5 - 2,-3,James  3PT Jump Shot (3 PTS) (Hassell 1 AST),11:43 PM
13,5,1,16,0020600645,Collison  Layup (4 PTS) (Allen 1 AST),,10:16,1,4,4,0,2555,Nick Collison,SEA,Seattle,1610612760.0,SuperSonics,951,Ray Allen,SEA,Seattle,1610612760.0,SuperSonics,0,,,,,,5 - 4,-1,,11:44 PM
14,17,6,17,0020600645,SUPERSONICS T.Foul (Def. 3 Sec Wilcox ),,10:05,1,4,0,1,2404,Chris Wilcox,SEA,Seattle,1610612760.0,SuperSonics,0,,,,,,0,,,,,,,,,11:44 PM
15,16,3,18,0020600645,,,10:05,1,5,0,0,708,Kevin Garnett,MIN,Minnesota,1610612750.0,Timberwolves,0,,,,,,0,,,,,,6 - 4,-2,Garnett Free Throw Technical (1 PTS),11:44 PM
16,1,2,19,0020600645,,,9:58,1,5,0,0,1548,Mark Blount,MIN,Minnesota,1610612750.0,Timberwolves,0,,,,,,0,,,,,,,,MISS Blount 20' Jump Shot,11:44 PM
17,0,4,20,0020600645,Gelabale REBOUND (Off:1 Def:1),,9:56,1,4,0,0,101153,Mickael Gelabale,SEA,Seattle,1610612760.0,SuperSonics,0,,,,,,0,,,,,,,,,11:45 PM
18,1,2,22,0020600645,MISS Watson 19' Jump Shot,,9:48,1,4,0,0,2248,Earl Watson,SEA,Seattle,1610612760.0,SuperSonics,0,,,,,,0,,,,,,,,,11:45 PM
19,0,4,23,0020600645,Watson REBOUND (Off:1 Def:0),,9:45,1,4,0,0,2248,Earl Watson,SEA,Seattle,1610612760.0,SuperSonics,0,,,,,,0,,,,,,,,,11:45 PM
20,5,2,24,0020600645,MISS Allen  Layup,,9:43,1,4,0,0,951,Ray Allen,SEA,Seattle,1610612760.0,SuperSonics,0,,,,,,0,,,,,,,,,11:45 PM
21,0,4,25,0020600645,,,9:40,1,5,0,0,2239,Trenton Hassell,MIN,Minnesota,1610612750.0,Timberwolves,0,,,,,,0,,,,,,,,Hassell REBOUND (Off:0 Def:1),11:45 PM
22,1,5,26,0020600645,Collison STEAL (1 STL),,9:35,1,5,4,0,2239,Trenton Hassell,MIN,Minnesota,1610612750.0,Timberwolves,2555,Nick Collison,SEA,Seattle,1610612760.0,SuperSonics,0,,,,,,,,Hassell Bad Pass Turnover (P1.T2),11:45 PM
23,1,2,27,0020600645,MISS Gelabale 4' Jump Shot,,9:26,1,4,0,5,101153,Mickael Gelabale,SEA,Seattle,1610612760.0,SuperSonics,0,,,,,,1548,Mark Blount,MIN,Minnesota,1610612750.0,Timberwolves,,,Blount BLOCK (1 BLK),11:45 PM
24,0,4,28,0020600645,SUPERSONICS Rebound,,9:25,1,2,0,0,1610612760,,,,,,0,,,,,,0,,,,,,,,,11:45 PM
25,1,1,30,0020600645,Gelabale 20' Jump Shot (2 PTS) (Allen 2 AST),,9:19,1,4,4,0,101153,Mickael Gelabale,SEA,Seattle,1610612760.0,SuperSonics,951,Ray Allen,SEA,Seattle,1610612760.0,SuperSonics,0,,,,,,6 - 6,TIE,,11:45 PM
26,1,1,31,0020600645,,,9:08,1,5,5,0,1729,Ricky Davis,MIN,Minnesota,1610612750.0,Timberwolves,2229,Mike James,MIN,Minnesota,1610612750.0,Timberwolves,0,,,,,,9 - 6,-3,Davis 26' 3PT Jump Shot (3 PTS) (James 1 AST),11:46 PM
27,1,1,32,0020600645,Allen 27' 3PT Jump Shot (3 PTS) (Watson 1 AST),,8:58,1,4,4,0,951,Ray Allen,SEA,Seattle,1610612760.0,SuperSonics,2248,Earl Watson,SEA,Seattle,1610612760.0,SuperSonics,0,,,,,,9 - 9,TIE,,11:46 PM
28,1,2,33,0020600645,,,8:44,1,5,0,0,2229,Mike James,MIN,Minnesota,1610612750.0,Timberwolves,0,,,,,,0,,,,,,,,MISS James 27' 3PT Jump Shot,11:46 PM
29,0,4,34,0020600645,Wilcox REBOUND (Off:1 Def:1),,8:41,1,4,0,0,2404,Chris Wilcox,SEA,Seattle,1610612760.0,SuperSonics,0,,,,,,0,,,,,,,,,11:46 PM
30,2,6,36,0020600645,,,8:30,1,5,4,1,1548,Mark Blount,MIN,Minnesota,1610612750.0,Timberwolves,2404,Chris Wilcox,SEA,Seattle,1610612760.0,SuperSonics,0,,,,,,,,Blount S.FOUL (P1.T1),11:46 PM
31,11,3,37,0020600645,Wilcox Free Throw 1 of 2 (1 PTS),,8:30,1,4,0,0,2404,Chris Wilcox,SEA,Seattle,1610612760.0,SuperSonics,0,,,,,,0,,,,,,9 - 10,1,,11:46 PM
32,12,3,38,0020600645,Wilcox Free Throw 2 of 2 (2 PTS),,8:30,1,4,0,0,2404,Chris Wilcox,SEA,Seattle,1610612760.0,SuperSonics,0,,,,,,0,,,,,,9 - 11,2,,11:47 PM
33,1,2,40,0020600645,,,8:12,1,5,0,0,1729,Ricky Davis,MIN,Minnesota,1610612750.0,Timberwolves,0,,,,,,0,,,,,,,,MISS Davis  3PT Jump Shot,11:47 PM
34,0,4,41,0020600645,Collison REBOUND (Off:1 Def:1),,8:09,1,4,0,0,2555,Nick Collison,SEA,Seattle,1610612760.0,SuperSonics,0,,,,,,0,,,,,,,,,11:47 PM
35,52,1,42,0020600645,Gelabale  Alley Oop Dunk (4 PTS) (Watson 2 AST),,8:04,1,4,4,0,101153,Mickael Gelabale,SEA,Seattle,1610612760.0,SuperSonics,2248,Earl Watson,SEA,Seattle,1610612760.0,SuperSonics,0,,,,,,9 - 13,4,,11:47 PM
36,1,2,43,0020600645,,,7:51,1,5,0,0,708,Kevin Garnett,MIN,Minnesota,1610612750.0,Timberwolves,0,,,,,,0,,,,,,,,MISS Garnett 15' Jump Shot,11:47 PM
37,0,4,44,0020600645,Allen REBOUND (Off:0 Def:1),,7:49,1,4,0,0,951,Ray Allen,SEA,Seattle,1610612760.0,SuperSonics,0,,,,,,0,,,,,,,,,11:48 PM
38,63,1,45,0020600645,Allen 14' Fadeaway Jumper (5 PTS),,7:43,1,4,0,0,951,Ray Allen,SEA,Seattle,1610612760.0,SuperSonics,0,,,,,,0,,,,,,9 - 15,6,,11:48 PM
39,1,9,46,0020600645,,,7:37,1,3,0,0,1610612750,,,,,,0,,,,,,0,,,,,,,,Timberwolves Timeout: Regular (Reg.1 Short 0),11:48 PM
40,4,6,48,0020600645,,,7:21,1,5,4,1,708,Kevin Garnett,MIN,Minnesota,1610612750.0,Timberwolves,2555,Nick Collison,SEA,Seattle,1610612760.0,SuperSonics,0,,,,,,,,Garnett OFF.Foul (P1),11:51 PM
41,5,5,49,0020600645,,,7:21,1,5,0,1,708,Kevin Garnett,MIN,Minnesota,1610612750.0,Timberwolves,0,,,,,,0,,,,,,,,Garnett Foul Turnover (P1.T3),11:51 PM
42,1,2,51,0020600645,MISS Watson 26' 3PT Jump Shot,,6:59,1,4,0,0,2248,Earl Watson,SEA,Seattle,1610612760.0,SuperSonics,0,,,,,,0,,,,,,,,,11:51 PM
43,0,4,52,0020600645,SUPERSONICS Rebound,,6:57,1,2,0,0,1610612760,,,,,,0,,,,,,0,,,,,,,,,11:51 PM
44,1,1,53,0020600645,Allen 19' Jump Shot (7 PTS) (Gelabale 1 AST),,6:49,1,4,4,0,951,Ray Allen,SEA,Seattle,1610612760.0,SuperSonics,101153,Mickael Gelabale,SEA,Seattle,1610612760.0,SuperSonics,0,,,,,,9 - 17,8,,11:51 PM
45,40,5,54,0020600645,,,6:38,1,5,0,1,708,Kevin Garnett,MIN,Minnesota,1610612750.0,Timberwolves,0,,,,,,0,,,,,,,,Garnett Out of Bounds Lost Ball Turnover (P2.T4),11:52 PM
46,1,1,56,0020600645,Gelabale 20' Jump Shot (6 PTS) (Watson 3 AST),,6:21,1,4,4,0,101153,Mickael Gelabale,SEA,Seattle,1610612760.0,SuperSonics,2248,Earl Watson,SEA,Seattle,1610612760.0,SuperSonics,0,,,,,,9 - 19,10,,11:52 PM
47,1,1,57,0020600645,,,6:06,1,5,5,0,2229,Mike James,MIN,Minnesota,1610612750.0,Timberwolves,2239,Trenton Hassell,MIN,Minnesota,1610612750.0,Timberwolves,0,,,,,,12 - 19,7,James 24' 3PT Jump Shot (6 PTS) (Hassell 2 AST),11:52 PM
48,21,5,58,0020600645,Watson Palming Turnover (P1.T2),,6:01,1,4,0,1,2248,Earl Watson,SEA,Seattle,1610612760.0,SuperSonics,0,,,,,,0,,,,,,,,,11:52 PM
49,1,2,59,0020600645,,,5:52,1,5,0,0,1548,Mark Blount,MIN,Minnesota,1610612750.0,Timberwolves,0,,,,,,0,,,,,,,,MISS Blount 21' Jump Shot,11:53 PM
50,0,4,60,0020600645,Wilcox REBOUND (Off:1 Def:2),,5:50,1,4,0,0,2404,Chris Wilcox,SEA,Seattle,1610612760.0,SuperSonics,0,,,,,,0,,,,,,,,,11:53 PM
51,1,2,61,0020600645,MISS Gelabale 5' Jump Shot,,5:30,1,4,0,0,101153,Mickael Gelabale,SEA,Seattle,1610612760.0,SuperSonics,0,,,,,,0,,,,,,,,,11:53 PM
52,0,4,62,0020600645,Wilcox REBOUND (Off:2 Def:2),,5:26,1,4,0,0,2404,Chris Wilcox,SEA,Seattle,1610612760.0,SuperSonics,0,,,,,,0,,,,,,,,,11:53 PM
53,8,1,63,0020600645,Wilcox  Slam Dunk (4 PTS),,5:24,1,4,0,0,2404,Chris Wilcox,SEA,Seattle,1610612760.0,SuperSonics,0,,,,,,0,,,,,,12 - 21,9,,11:53 PM
54,1,2,64,0020600645,,,5:13,1,5,0,0,708,Kevin Garnett,MIN,Minnesota,1610612750.0,Timberwolves,0,,,,,,0,,,,,,,,MISS Garnett 5' Jump Shot,11:53 PM
55,0,4,65,0020600645,Wilcox REBOUND (Off:2 Def:3),,5:10,1,4,0,0,2404,Chris Wilcox,SEA,Seattle,1610612760.0,SuperSonics,0,,,,,,0,,,,,,,,,11:53 PM
56,1,2,66,0020600645,MISS Allen 18' Jump Shot,,5:06,1,4,0,0,951,Ray Allen,SEA,Seattle,1610612760.0,SuperSonics,0,,,,,,0,,,,,,,,,11:54 PM
57,0,4,67,0020600645,,,5:04,1,5,0,0,2229,Mike James,MIN,Minnesota,1610612750.0,Timberwolves,0,,,,,,0,,,,,,,,James REBOUND (Off:0 Def:1),11:54 PM
58,42,1,68,0020600645,,,5:00,1,5,0,0,1729,Ricky Davis,MIN,Minnesota,1610612750.0,Timberwolves,0,,,,,,0,,,,,,14 - 21,7,Davis  Driving Layup (5 PTS),11:54 PM
59,1,2,70,0020600645,MISS Watson 26' 3PT Jump Shot,,4:44,1,4,0,0,2248,Earl Watson,SEA,Seattle,1610612760.0,SuperSonics,0,,,,,,0,,,,,,,,,11:54 PM
60,0,4,71,0020600645,,,4:41,1,5,0,0,2239,Trenton Hassell,MIN,Minnesota,1610612750.0,Timberwolves,0,,,,,,0,,,,,,,,Hassell REBOUND (Off:0 Def:2),11:54 PM
61,1,2,72,0020600645,,,4:34,1,5,0,0,1729,Ricky Davis,MIN,Minnesota,1610612750.0,Timberwolves,0,,,,,,0,,,,,,,,MISS Davis 27' 3PT Jump Shot,11:54 PM
62,0,4,73,0020600645,Gelabale REBOUND (Off:1 Def:2),,4:32,1,4,0,0,101153,Mickael Gelabale,SEA,Seattle,1610612760.0,SuperSonics,0,,,,,,0,,,,,,,,,11:54 PM
63,1,2,74,0020600645,MISS Allen 19' Jump Shot,,4:11,1,4,0,0,951,Ray Allen,SEA,Seattle,1610612760.0,SuperSonics,0,,,,,,0,,,,,,,,,11:54 PM
64,0,4,75,0020600645,,,4:08,1,5,0,0,2239,Trenton Hassell,MIN,Minnesota,1610612750.0,Timberwolves,0,,,,,,0,,,,,,,,Hassell REBOUND (Off:0 Def:3),11:54 PM
65,2,6,76,0020600645,Watson S.FOUL (P1.T1),,4:05,1,4,5,1,2248,Earl Watson,SEA,Seattle,1610612760.0,SuperSonics,1729,Ricky Davis,MIN,Minnesota,1610612750.0,Timberwolves,0,,,,,,,,,11:55 PM
66,0,8,77,0020600645,SUB: Ridnour FOR Allen,,4:05,1,4,4,0,951,Ray Allen,SEA,Seattle,1610612760.0,SuperSonics,2557,Luke Ridnour,SEA,Seattle,1610612760.0,SuperSonics,0,,,,,,,,,11:55 PM
67,11,3,78,0020600645,,,4:05,1,5,0,0,1729,Ricky Davis,MIN,Minnesota,1610612750.0,Timberwolves,0,,,,,,0,,,,,,,,MISS Davis Free Throw 1 of 2,11:55 PM
68,1,4,79,0020600645,,,4:05,1,3,0,0,1610612750,,,,,,0,,,,,,0,,,,,,,,Timberwolves Rebound,11:55 PM
69,12,3,80,0020600645,,,4:05,1,5,0,0,1729,Ricky Davis,MIN,Minnesota,1610612750.0,Timberwolves,0,,,,,,0,,,,,,15 - 21,6,Davis Free Throw 2 of 2 (6 PTS),11:55 PM
70,0,8,82,0020600645,,,3:50,1,5,5,0,1548,Mark Blount,MIN,Minnesota,1610612750.0,Timberwolves,2058,Mark Madsen,MIN,Minnesota,1610612750.0,Timberwolves,0,,,,,,,,SUB: Madsen FOR Blount,11:56 PM
71,1,2,83,0020600645,MISS Watson 17' Jump Shot,,3:42,1,4,0,0,2248,Earl Watson,SEA,Seattle,1610612760.0,SuperSonics,0,,,,,,0,,,,,,,,,11:56 PM
72,0,4,84,0020600645,,,3:41,1,5,0,0,708,Kevin Garnett,MIN,Minnesota,1610612750.0,Timberwolves,0,,,,,,0,,,,,,,,Garnett REBOUND (Off:0 Def:1),11:56 PM
73,1,6,85,0020600645,Wilcox P.FOUL (P1.T2),,3:41,1,4,5,1,2404,Chris Wilcox,SEA,Seattle,1610612760.0,SuperSonics,708,Kevin Garnett,MIN,Minnesota,1610612750.0,Timberwolves,0,,,,,,,,,11:56 PM
74,0,8,86,0020600645,,,3:41,1,5,5,0,2229,Mike James,MIN,Minnesota,1610612750.0,Timberwolves,200751,Randy Foye,MIN,Minnesota,1610612750.0,Timberwolves,0,,,,,,,,SUB: Foye FOR James,11:56 PM
75,1,2,88,0020600645,,,3:26,1,5,0,0,1729,Ricky Davis,MIN,Minnesota,1610612750.0,Timberwolves,0,,,,,,0,,,,,,,,MISS Davis 19' Jump Shot,11:57 PM
76,0,4,89,0020600645,Watson REBOUND (Off:1 Def:1),,3:24,1,4,0,0,2248,Earl Watson,SEA,Seattle,1610612760.0,SuperSonics,0,,,,,,0,,,,,,,,,11:57 PM
77,1,5,90,0020600645,Gelabale Bad Pass Turnover (P1.T3),,3:18,1,4,5,0,101153,Mickael Gelabale,SEA,Seattle,1610612760.0,SuperSonics,708,Kevin Garnett,MIN,Minnesota,1610612750.0,Timberwolves,0,,,,,,,,Garnett STEAL (2 STL),11:57 PM
78,1,1,91,0020600645,,,3:07,1,5,0,0,2239,Trenton Hassell,MIN,Minnesota,1610612750.0,Timberwolves,0,,,,,,0,,,,,,17 - 21,4,Hassell 15' Jump Shot (2 PTS),11:57 PM
79,46,2,93,0020600645,MISS Ridnour 27' 3PT Running Jump Shot,,2:41,1,4,0,0,2557,Luke Ridnour,SEA,Seattle,1610612760.0,SuperSonics,0,,,,,,0,,,,,,,,,11:58 PM
80,0,4,94,0020600645,,,2:38,1,5,0,0,2239,Trenton Hassell,MIN,Minnesota,1610612750.0,Timberwolves,0,,,,,,0,,,,,,,,Hassell REBOUND (Off:0 Def:4),11:58 PM
81,2,6,95,0020600645,Gelabale S.FOUL (P1.T3),,2:34,1,4,5,1,101153,Mickael Gelabale,SEA,Seattle,1610612760.0,SuperSonics,708,Kevin Garnett,MIN,Minnesota,1610612750.0,Timberwolves,0,,,,,,,,,11:58 PM
82,1,9,96,0020600645,SUPERSONICS Timeout: Regular (Full 1 Short 0),,2:34,1,2,0,0,1610612760,,,,,,0,,,,,,0,,,,,,,,,11:58 PM
83,0,8,98,0020600645,,,2:34,1,5,5,0,1729,Ricky Davis,MIN,Minnesota,1610612750.0,Timberwolves,2060,Marko Jaric,MIN,Minnesota,1610612750.0,Timberwolves,0,,,,,,,,SUB: Jaric FOR Davis,12:00 PM
84,0,8,99,0020600645,SUB: Wilkins FOR Gelabale,,2:34,1,4,4,0,101153,Mickael Gelabale,SEA,Seattle,1610612760.0,SuperSonics,2863,Damien Wilkins,SEA,Seattle,1610612760.0,SuperSonics,0,,,,,,,,,12:00 PM
85,11,3,100,0020600645,,,2:34,1,5,0,0,708,Kevin Garnett,MIN,Minnesota,1610612750.0,Timberwolves,0,,,,,,0,,,,,,18 - 21,3,Garnett Free Throw 1 of 2 (2 PTS),12:00 PM
86,12,3,101,0020600645,,,2:34,1,5,0,0,708,Kevin Garnett,MIN,Minnesota,1610612750.0,Timberwolves,0,,,,,,0,,,,,,19 - 21,2,Garnett Free Throw 2 of 2 (3 PTS),12:01 PM
87,2,6,102,0020600645,,,2:24,1,5,4,1,2058,Mark Madsen,MIN,Minnesota,1610612750.0,Timberwolves,2404,Chris Wilcox,SEA,Seattle,1610612760.0,SuperSonics,0,,,,,,,,Madsen S.FOUL (P1.T2),12:01 PM
88,11,3,103,0020600645,MISS Wilcox Free Throw 1 of 2,,2:24,1,4,0,0,2404,Chris Wilcox,SEA,Seattle,1610612760.0,SuperSonics,0,,,,,,0,,,,,,,,,12:01 PM
89,1,4,104,0020600645,SUPERSONICS Rebound,,2:24,1,2,0,0,1610612760,,,,,,0,,,,,,0,,,,,,,,,12:01 PM
90,12,3,105,0020600645,MISS Wilcox Free Throw 2 of 2,,2:24,1,4,0,0,2404,Chris Wilcox,SEA,Seattle,1610612760.0,SuperSonics,0,,,,,,0,,,,,,,,,12:01 PM
91,0,4,106,0020600645,,,2:22,1,5,0,0,708,Kevin Garnett,MIN,Minnesota,1610612750.0,Timberwolves,0,,,,,,0,,,,,,,,Garnett REBOUND (Off:0 Def:2),12:02 PM
92,1,2,107,0020600645,,,2:06,1,5,0,0,200751,Randy Foye,MIN,Minnesota,1610612750.0,Timberwolves,0,,,,,,0,,,,,,,,MISS Foye 20' Jump Shot,12:02 PM
93,0,4,108,0020600645,Watson REBOUND (Off:1 Def:2),,2:03,1,4,0,0,2248,Earl Watson,SEA,Seattle,1610612760.0,SuperSonics,0,,,,,,0,,,,,,,,,12:02 PM
94,1,2,109,0020600645,MISS Wilcox 6' Jump Shot,,1:51,1,4,0,0,2404,Chris Wilcox,SEA,Seattle,1610612760.0,SuperSonics,0,,,,,,0,,,,,,,,,12:02 PM
95,0,4,111,0020600645,Collison REBOUND (Off:2 Def:1),,1:48,1,4,0,0,2555,Nick Collison,SEA,Seattle,1610612760.0,SuperSonics,0,,,,,,0,,,,,,,,,12:02 PM
96,64,1,110,0020600645,Collison  Follow Up Dunk (6 PTS),,1:48,1,4,0,0,2555,Nick Collison,SEA,Seattle,1610612760.0,SuperSonics,0,,,,,,0,,,,,,19 - 23,4,,12:02 PM
97,1,5,113,0020600645,Collison STEAL (2 STL),,1:29,1,5,4,0,200751,Randy Foye,MIN,Minnesota,1610612750.0,Timberwolves,2555,Nick Collison,SEA,Seattle,1610612760.0,SuperSonics,0,,,,,,,,Foye Bad Pass Turnover (P1.T5),12:03 PM
98,1,6,114,0020600645,,,1:14,1,5,4,1,2060,Marko Jaric,MIN,Minnesota,1610612750.0,Timberwolves,2404,Chris Wilcox,SEA,Seattle,1610612760.0,SuperSonics,0,,,,,,,,Jaric P.FOUL (P1.T3),12:03 PM
99,0,8,115,0020600645,SUB: Petro FOR Wilcox,,1:14,1,4,4,0,2404,Chris Wilcox,SEA,Seattle,1610612760.0,SuperSonics,101130,Johan Petro,SEA,Seattle,1610612760.0,SuperSonics,0,,,,,,,,,12:03 PM
100,1,2,116,0020600645,MISS Wilkins 19' Jump Shot,,1:00,1,4,0,0,2863,Damien Wilkins,SEA,Seattle,1610612760.0,SuperSonics,0,,,,,,0,,,,,,,,,12:04 PM
101,0,4,117,0020600645,,,0:57,1,5,0,0,708,Kevin Garnett,MIN,Minnesota,1610612750.0,Timberwolves,0,,,,,,0,,,,,,,,Garnett REBOUND (Off:0 Def:3),12:04 PM
102,1,2,119,0020600645,,,0:42,1,5,0,0,708,Kevin Garnett,MIN,Minnesota,1610612750.0,Timberwolves,0,,,,,,0,,,,,,,,MISS Garnett 21' Jump Shot,12:04 PM
103,0,4,120,0020600645,Collison REBOUND (Off:2 Def:2),,0:39,1,4,0,0,2555,Nick Collison,SEA,Seattle,1610612760.0,SuperSonics,0,,,,,,0,,,,,,,,,12:04 PM
104,1,1,121,0020600645,Petro 13' Jump Shot (2 PTS) (Watson 4 AST),,0:32,1,4,4,0,101130,Johan Petro,SEA,Seattle,1610612760.0,SuperSonics,2248,Earl Watson,SEA,Seattle,1610612760.0,SuperSonics,0,,,,,,19 - 25,6,,12:04 PM
105,66,1,123,0020600645,,,0:09,1,5,0,0,2239,Trenton Hassell,MIN,Minnesota,1610612750.0,Timberwolves,0,,,,,,0,,,,,,21 - 25,4,Hassell 5' Jump Bank Shot (4 PTS),12:05 PM
106,42,2,125,0020600645,MISS Watson  Driving Layup,,0:00,1,4,0,0,2248,Earl Watson,SEA,Seattle,1610612760.0,SuperSonics,0,,,,,,0,,,,,,,,,12:05 PM
107,0,4,126,0020600645,SUPERSONICS Rebound,,0:00,1,2,0,0,1610612760,,,,,,0,,,,,,0,,,,,,,,,12:05 PM
108,0,13,127,0020600645,,,0:00,1,0,0,0,0,,,,,,0,,,,,,0,,,,,,21 - 25,4,,12:05 PM
109,0,12,129,0020600645,,,12:00,2,0,0,0,0,,,,,,0,,,,,,0,,,,,,21 - 25,4,,12:06 PM
110,44,2,130,0020600645,MISS Allen  Reverse Layup,,11:39,2,4,0,0,951,Ray Allen,SEA,Seattle,1610612760.0,SuperSonics,0,,,,,,0,,,,,,,,,12:08 PM
111,0,4,132,0020600645,Allen REBOUND (Off:1 Def:1),,11:37,2,4,0,0,951,Ray Allen,SEA,Seattle,1610612760.0,SuperSonics,0,,,,,,0,,,,,,,,,12:08 PM
112,4,2,131,0020600645,MISS Brown  Tip Shot,,11:37,2,4,0,0,2810,Andre Brown,SEA,Seattle,1610612760.0,SuperSonics,0,,,,,,0,,,,,,,,,12:08 PM
113,0,4,134,0020600645,SUPERSONICS Rebound,,11:37,2,2,0,0,1610612760,,,,,,0,,,,,,0,,,,,,,,,12:08 PM
114,47,1,137,0020600645,Allen 8' Turnaround Jump Shot (9 PTS),,11:15,2,4,0,0,951,Ray Allen,SEA,Seattle,1610612760.0,SuperSonics,0,,,,,,0,,,,,,21 - 27,6,,12:09 PM
115,1,1,138,0020600645,,,10:56,2,5,0,0,708,Kevin Garnett,MIN,Minnesota,1610612750.0,Timberwolves,0,,,,,,0,,,,,,23 - 27,4,Garnett 6' Jump Shot (5 PTS),12:09 PM
116,2,6,139,0020600645,,,10:45,2,5,4,1,200751,Randy Foye,MIN,Minnesota,1610612750.0,Timberwolves,2557,Luke Ridnour,SEA,Seattle,1610612760.0,SuperSonics,0,,,,,,,,Foye S.FOUL (P1.T1),12:09 PM
117,0,8,140,0020600645,,,10:45,2,5,5,0,708,Kevin Garnett,MIN,Minnesota,1610612750.0,Timberwolves,200783,Craig Smith,MIN,Minnesota,1610612750.0,Timberwolves,0,,,,,,,,SUB: Smith FOR Garnett,12:09 PM
118,11,3,141,0020600645,Ridnour Free Throw 1 of 2 (1 PTS),,10:45,2,4,0,0,2557,Luke Ridnour,SEA,Seattle,1610612760.0,SuperSonics,0,,,,,,0,,,,,,23 - 28,5,,12:10 PM
119,12,3,142,0020600645,MISS Ridnour Free Throw 2 of 2,,10:45,2,4,0,0,2557,Luke Ridnour,SEA,Seattle,1610612760.0,SuperSonics,0,,,,,,0,,,,,,,,,12:10 PM
120,0,4,143,0020600645,,,10:44,2,5,0,0,200783,Craig Smith,MIN,Minnesota,1610612750.0,Timberwolves,0,,,,,,0,,,,,,,,Smith REBOUND (Off:0 Def:1),12:10 PM
121,1,2,144,0020600645,Ridnour BLOCK (1 BLK),,10:36,2,5,0,4,200751,Randy Foye,MIN,Minnesota,1610612750.0,Timberwolves,0,,,,,,2557,Luke Ridnour,SEA,Seattle,1610612760.0,SuperSonics,,,MISS Foye 4' Jump Shot,12:10 PM
122,0,4,145,0020600645,,,10:36,2,3,0,0,1610612750,,,,,,0,,,,,,0,,,,,,,,Timberwolves Rebound,12:10 PM
123,0,8,146,0020600645,,,10:36,2,5,5,0,2058,Mark Madsen,MIN,Minnesota,1610612750.0,Timberwolves,1548,Mark Blount,MIN,Minnesota,1610612750.0,Timberwolves,0,,,,,,,,SUB: Blount FOR Madsen,12:10 PM
124,1,2,147,0020600645,,,10:26,2,5,0,0,200751,Randy Foye,MIN,Minnesota,1610612750.0,Timberwolves,0,,,,,,0,,,,,,,,MISS Foye 26' 3PT Jump Shot,12:11 PM
125,0,4,148,0020600645,,,10:24,2,5,0,0,1548,Mark Blount,MIN,Minnesota,1610612750.0,Timberwolves,0,,,,,,0,,,,,,,,Blount REBOUND (Off:1 Def:0),12:11 PM
126,2,6,149,0020600645,Petro S.FOUL (P1.T1),,10:24,2,4,5,1,101130,Johan Petro,SEA,Seattle,1610612760.0,SuperSonics,1548,Mark Blount,MIN,Minnesota,1610612750.0,Timberwolves,0,,,,,,,,,12:11 PM
127,11,3,150,0020600645,,,10:24,2,5,0,0,1548,Mark Blount,MIN,Minnesota,1610612750.0,Timberwolves,0,,,,,,0,,,,,,24 - 28,4,Blount Free Throw 1 of 2 (3 PTS),12:11 PM
128,12,3,151,0020600645,,,10:24,2,5,0,0,1548,Mark Blount,MIN,Minnesota,1610612750.0,Timberwolves,0,,,,,,0,,,,,,,,MISS Blount Free Throw 2 of 2,12:11 PM
129,0,4,152,0020600645,Brown REBOUND (Off:0 Def:1),,10:23,2,4,0,0,2810,Andre Brown,SEA,Seattle,1610612760.0,SuperSonics,0,,,,,,0,,,,,,,,,12:11 PM
130,1,1,153,0020600645,Ridnour  3PT Jump Shot (4 PTS) (Petro 1 AST),,10:03,2,4,4,0,2557,Luke Ridnour,SEA,Seattle,1610612760.0,SuperSonics,101130,Johan Petro,SEA,Seattle,1610612760.0,SuperSonics,0,,,,,,24 - 31,7,,12:12 PM
131,1,1,154,0020600645,,,9:42,2,5,5,0,200783,Craig Smith,MIN,Minnesota,1610612750.0,Timberwolves,2060,Marko Jaric,MIN,Minnesota,1610612750.0,Timberwolves,0,,,,,,26 - 31,5,Smith 7' Jump Shot (2 PTS) (Jaric 1 AST),12:12 PM
132,1,1,155,0020600645,Petro 15' Jump Shot (4 PTS) (Ridnour 1 AST),,9:27,2,4,4,0,101130,Johan Petro,SEA,Seattle,1610612760.0,SuperSonics,2557,Luke Ridnour,SEA,Seattle,1610612760.0,SuperSonics,0,,,,,,26 - 33,7,,12:12 PM
133,5,1,156,0020600645,,,9:07,2,5,5,0,200783,Craig Smith,MIN,Minnesota,1610612750.0,Timberwolves,2239,Trenton Hassell,MIN,Minnesota,1610612750.0,Timberwolves,0,,,,,,28 - 33,5,Smith  Layup (4 PTS) (Hassell 3 AST),12:12 PM
134,4,9,157,0020600645,,,8:53,2,1,0,0,0,,,,,,0,,,,,,0,,,,,,,,,12:13 PM
135,0,8,159,0020600645,,,8:53,2,5,5,0,2239,Trenton Hassell,MIN,Minnesota,1610612750.0,Timberwolves,1729,Ricky Davis,MIN,Minnesota,1610612750.0,Timberwolves,0,,,,,,,,SUB: Davis FOR Hassell,12:15 PM
136,0,10,160,0020600645,Jump Ball Brown vs. Smith: Tip to Allen,,8:53,2,4,5,4,2810,Andre Brown,SEA,Seattle,1610612760.0,SuperSonics,200783,Craig Smith,MIN,Minnesota,1610612750.0,Timberwolves,951,Ray Allen,SEA,Seattle,1610612760.0,SuperSonics,,,,12:15 PM
137,2,6,162,0020600645,,,8:44,2,5,4,1,1548,Mark Blount,MIN,Minnesota,1610612750.0,Timberwolves,2863,Damien Wilkins,SEA,Seattle,1610612760.0,SuperSonics,0,,,,,,,,Blount S.FOUL (P2.T2),12:16 PM
138,11,3,163,0020600645,Wilkins Free Throw 1 of 2 (1 PTS),,8:44,2,4,0,0,2863,Damien Wilkins,SEA,Seattle,1610612760.0,SuperSonics,0,,,,,,0,,,,,,28 - 34,6,,12:16 PM
139,0,8,164,0020600645,SUB: Collison FOR Petro,,8:44,2,4,4,0,101130,Johan Petro,SEA,Seattle,1610612760.0,SuperSonics,2555,Nick Collison,SEA,Seattle,1610612760.0,SuperSonics,0,,,,,,,,,12:16 PM
140,12,3,165,0020600645,Wilkins Free Throw 2 of 2 (2 PTS),,8:44,2,4,0,0,2863,Damien Wilkins,SEA,Seattle,1610612760.0,SuperSonics,0,,,,,,0,,,,,,28 - 35,7,,12:16 PM
141,2,6,166,0020600645,Collison S.FOUL (P1.T2),,8:31,2,4,5,1,2555,Nick Collison,SEA,Seattle,1610612760.0,SuperSonics,200751,Randy Foye,MIN,Minnesota,1610612750.0,Timberwolves,0,,,,,,,,,12:17 PM
142,0,8,167,0020600645,SUB: Wilcox FOR Brown,,8:31,2,4,4,0,2810,Andre Brown,SEA,Seattle,1610612760.0,SuperSonics,2404,Chris Wilcox,SEA,Seattle,1610612760.0,SuperSonics,0,,,,,,,,,12:17 PM
143,11,3,168,0020600645,,,8:31,2,5,0,0,200751,Randy Foye,MIN,Minnesota,1610612750.0,Timberwolves,0,,,,,,0,,,,,,29 - 35,6,Foye Free Throw 1 of 2 (1 PTS),12:17 PM
144,12,3,169,0020600645,,,8:31,2,5,0,0,200751,Randy Foye,MIN,Minnesota,1610612750.0,Timberwolves,0,,,,,,0,,,,,,30 - 35,5,Foye Free Throw 2 of 2 (2 PTS),12:17 PM
145,2,6,170,0020600645,,,8:11,2,5,4,1,2060,Marko Jaric,MIN,Minnesota,1610612750.0,Timberwolves,2555,Nick Collison,SEA,Seattle,1610612760.0,SuperSonics,0,,,,,,,,Jaric S.FOUL (P2.T3),12:18 PM
146,11,3,171,0020600645,Collison Free Throw 1 of 2 (7 PTS),,8:11,2,4,0,0,2555,Nick Collison,SEA,Seattle,1610612760.0,SuperSonics,0,,,,,,0,,,,,,30 - 36,6,,12:18 PM
147,12,3,172,0020600645,Collison Free Throw 2 of 2 (8 PTS),,8:11,2,4,0,0,2555,Nick Collison,SEA,Seattle,1610612760.0,SuperSonics,0,,,,,,0,,,,,,30 - 37,7,,12:18 PM
148,1,2,173,0020600645,,,7:59,2,5,0,0,1729,Ricky Davis,MIN,Minnesota,1610612750.0,Timberwolves,0,,,,,,0,,,,,,,,MISS Davis 7' Jump Shot,12:19 PM
149,0,4,174,0020600645,,,7:57,2,5,0,0,1729,Ricky Davis,MIN,Minnesota,1610612750.0,Timberwolves,0,,,,,,0,,,,,,,,Davis REBOUND (Off:1 Def:0),12:19 PM
150,47,2,175,0020600645,,,7:52,2,5,0,0,200783,Craig Smith,MIN,Minnesota,1610612750.0,Timberwolves,0,,,,,,0,,,,,,,,MISS Smith 6' Turnaround Jump Shot,12:19 PM
151,0,4,176,0020600645,Collison REBOUND (Off:2 Def:3),,7:50,2,4,0,0,2555,Nick Collison,SEA,Seattle,1610612760.0,SuperSonics,0,,,,,,0,,,,,,,,,12:19 PM
152,1,2,177,0020600645,MISS Ridnour 15' Jump Shot,,7:45,2,4,0,0,2557,Luke Ridnour,SEA,Seattle,1610612760.0,SuperSonics,0,,,,,,0,,,,,,,,,12:19 PM
153,0,4,178,0020600645,,,7:43,2,5,0,0,1729,Ricky Davis,MIN,Minnesota,1610612750.0,Timberwolves,0,,,,,,0,,,,,,,,Davis REBOUND (Off:1 Def:1),12:19 PM
154,1,2,179,0020600645,,,7:27,2,5,0,0,1548,Mark Blount,MIN,Minnesota,1610612750.0,Timberwolves,0,,,,,,0,,,,,,,,MISS Blount 7' Jump Shot,12:19 PM
155,0,4,180,0020600645,Collison REBOUND (Off:2 Def:4),,7:25,2,4,0,0,2555,Nick Collison,SEA,Seattle,1610612760.0,SuperSonics,0,,,,,,0,,,,,,,,,12:19 PM
156,5,2,182,0020600645,MISS Allen  Layup,,7:14,2,4,0,5,951,Ray Allen,SEA,Seattle,1610612760.0,SuperSonics,0,,,,,,200751,Randy Foye,MIN,Minnesota,1610612750.0,Timberwolves,,,Foye BLOCK (1 BLK),12:19 PM
157,0,4,183,0020600645,,,7:10,2,5,0,0,1548,Mark Blount,MIN,Minnesota,1610612750.0,Timberwolves,0,,,,,,0,,,,,,,,Blount REBOUND (Off:1 Def:1),12:19 PM
158,1,1,184,0020600645,,,6:57,2,5,5,0,1548,Mark Blount,MIN,Minnesota,1610612750.0,Timberwolves,2060,Marko Jaric,MIN,Minnesota,1610612750.0,Timberwolves,0,,,,,,32 - 37,5,Blount 19' Jump Shot (5 PTS) (Jaric 2 AST),12:20 PM
159,5,1,186,0020600645,Wilcox  Layup (6 PTS) (Collison 1 AST),,6:42,2,4,4,0,2404,Chris Wilcox,SEA,Seattle,1610612760.0,SuperSonics,2555,Nick Collison,SEA,Seattle,1610612760.0,SuperSonics,0,,,,,,32 - 39,7,,12:20 PM
160,2,6,187,0020600645,,,6:42,2,5,4,1,1729,Ricky Davis,MIN,Minnesota,1610612750.0,Timberwolves,2404,Chris Wilcox,SEA,Seattle,1610612760.0,SuperSonics,0,,,,,,,,Davis S.FOUL (P1.T4),12:20 PM
161,0,8,188,0020600645,,,6:42,2,5,5,0,200751,Randy Foye,MIN,Minnesota,1610612750.0,Timberwolves,2229,Mike James,MIN,Minnesota,1610612750.0,Timberwolves,0,,,,,,,,SUB: James FOR Foye,12:20 PM
162,10,3,189,0020600645,Wilcox Free Throw 1 of 1 (7 PTS),,6:42,2,4,0,0,2404,Chris Wilcox,SEA,Seattle,1610612760.0,SuperSonics,0,,,,,,0,,,,,,32 - 40,8,,12:20 PM
163,2,5,191,0020600645,Ridnour STEAL (1 STL),,6:29,2,5,4,0,1548,Mark Blount,MIN,Minnesota,1610612750.0,Timberwolves,2557,Luke Ridnour,SEA,Seattle,1610612760.0,SuperSonics,0,,,,,,,,Blount Lost Ball Turnover (P1.T6),12:21 PM
164,1,2,192,0020600645,MISS Allen 27' 3PT Jump Shot,,6:21,2,4,0,0,951,Ray Allen,SEA,Seattle,1610612760.0,SuperSonics,0,,,,,,0,,,,,,,,,12:21 PM
165,0,4,193,0020600645,,,6:19,2,5,0,0,2229,Mike James,MIN,Minnesota,1610612750.0,Timberwolves,0,,,,,,0,,,,,,,,James REBOUND (Off:0 Def:2),12:21 PM
166,1,2,194,0020600645,Collison BLOCK (1 BLK),,6:07,2,5,0,4,2229,Mike James,MIN,Minnesota,1610612750.0,Timberwolves,0,,,,,,2555,Nick Collison,SEA,Seattle,1610612760.0,SuperSonics,,,MISS James 5' Jump Shot,12:21 PM
167,0,4,195,0020600645,,,6:04,2,5,0,0,200783,Craig Smith,MIN,Minnesota,1610612750.0,Timberwolves,0,,,,,,0,,,,,,,,Smith REBOUND (Off:1 Def:1),12:21 PM
168,5,1,196,0020600645,,,6:03,2,5,0,0,200783,Craig Smith,MIN,Minnesota,1610612750.0,Timberwolves,0,,,,,,0,,,,,,34 - 40,6,Smith  Layup (6 PTS),12:21 PM
169,1,2,198,0020600645,MISS Allen 26' 3PT Jump Shot,,5:47,2,4,0,0,951,Ray Allen,SEA,Seattle,1610612760.0,SuperSonics,0,,,,,,0,,,,,,,,,12:21 PM
170,0,4,199,0020600645,,,5:45,2,3,0,0,1610612750,,,,,,0,,,,,,0,,,,,,,,Timberwolves Rebound,12:22 PM
171,1,9,200,0020600645,SUPERSONICS Timeout: Regular (Full 2 Short 0),,5:45,2,2,0,0,1610612760,,,,,,0,,,,,,0,,,,,,,,,12:22 PM
172,0,8,202,0020600645,SUB: Gelabale FOR Wilkins,,5:45,2,4,4,0,2863,Damien Wilkins,SEA,Seattle,1610612760.0,SuperSonics,101153,Mickael Gelabale,SEA,Seattle,1610612760.0,SuperSonics,0,,,,,,,,,12:24 PM
173,0,8,203,0020600645,,,5:45,2,5,5,0,1548,Mark Blount,MIN,Minnesota,1610612750.0,Timberwolves,708,Kevin Garnett,MIN,Minnesota,1610612750.0,Timberwolves,0,,,,,,,,SUB: Garnett FOR Blount,12:24 PM
174,1,5,204,0020600645,,,5:31,2,5,0,0,2060,Marko Jaric,MIN,Minnesota,1610612750.0,Timberwolves,0,,,,,,0,,,,,,,,Jaric Bad Pass Turnover (P1.T7),12:24 PM
175,40,5,206,0020600645,Allen Out of Bounds Lost Ball Turnover (P1.T4),,5:07,2,4,0,0,951,Ray Allen,SEA,Seattle,1610612760.0,SuperSonics,0,,,,,,0,,,,,,,,,12:25 PM
176,46,1,208,0020600645,,,4:54,2,5,5,0,200783,Craig Smith,MIN,Minnesota,1610612750.0,Timberwolves,2060,Marko Jaric,MIN,Minnesota,1610612750.0,Timberwolves,0,,,,,,36 - 40,4,Smith 6' Running Jump Shot (8 PTS) (Jaric 3 AST),12:25 PM
177,47,1,209,0020600645,Wilcox 9' Turnaround Jump Shot (9 PTS) (Gelabale 2 AST),,4:41,2,4,4,0,2404,Chris Wilcox,SEA,Seattle,1610612760.0,SuperSonics,101153,Mickael Gelabale,SEA,Seattle,1610612760.0,SuperSonics,0,,,,,,36 - 42,6,,12:26 PM
178,1,2,211,0020600645,,,4:22,2,5,0,0,708,Kevin Garnett,MIN,Minnesota,1610612750.0,Timberwolves,0,,,,,,0,,,,,,,,MISS Garnett 10' Jump Shot,12:26 PM
179,0,4,212,0020600645,Wilcox REBOUND (Off:2 Def:4),,4:20,2,4,0,0,2404,Chris Wilcox,SEA,Seattle,1610612760.0,SuperSonics,0,,,,,,0,,,,,,,,,12:26 PM
180,42,1,213,0020600645,Gelabale  Driving Layup (8 PTS),,4:07,2,4,0,0,101153,Mickael Gelabale,SEA,Seattle,1610612760.0,SuperSonics,0,,,,,,0,,,,,,36 - 44,8,,12:26 PM
181,66,1,215,0020600645,,,3:38,2,5,5,0,708,Kevin Garnett,MIN,Minnesota,1610612750.0,Timberwolves,2060,Marko Jaric,MIN,Minnesota,1610612750.0,Timberwolves,0,,,,,,38 - 44,6,Garnett 5' Jump Bank Shot (7 PTS) (Jaric 4 AST),12:27 PM
182,1,2,217,0020600645,MISS Wilcox 16' Jump Shot,,3:26,2,4,0,0,2404,Chris Wilcox,SEA,Seattle,1610612760.0,SuperSonics,0,,,,,,0,,,,,,,,,12:27 PM
183,0,4,218,0020600645,,,3:23,2,5,0,0,2060,Marko Jaric,MIN,Minnesota,1610612750.0,Timberwolves,0,,,,,,0,,,,,,,,Jaric REBOUND (Off:0 Def:1),12:27 PM
184,8,1,219,0020600645,,,3:20,2,5,5,0,708,Kevin Garnett,MIN,Minnesota,1610612750.0,Timberwolves,2060,Marko Jaric,MIN,Minnesota,1610612750.0,Timberwolves,0,,,,,,40 - 44,4,Garnett  Slam Dunk (9 PTS) (Jaric 5 AST),12:27 PM
185,1,5,221,0020600645,Collison Bad Pass Turnover (P1.T5),,3:07,2,4,5,0,2555,Nick Collison,SEA,Seattle,1610612760.0,SuperSonics,708,Kevin Garnett,MIN,Minnesota,1610612750.0,Timberwolves,0,,,,,,,,Garnett STEAL (3 STL),12:27 PM
186,5,1,222,0020600645,,,2:58,2,5,5,0,200783,Craig Smith,MIN,Minnesota,1610612750.0,Timberwolves,708,Kevin Garnett,MIN,Minnesota,1610612750.0,Timberwolves,0,,,,,,42 - 44,2,Smith  Layup (10 PTS) (Garnett 2 AST),12:27 PM
187,2,6,223,0020600645,Wilcox S.FOUL (P2.T3),,2:58,2,4,5,1,2404,Chris Wilcox,SEA,Seattle,1610612760.0,SuperSonics,200783,Craig Smith,MIN,Minnesota,1610612750.0,Timberwolves,0,,,,,,,,,12:27 PM
188,1,9,224,0020600645,,,2:58,2,3,0,0,1610612750,,,,,,0,,,,,,0,,,,,,,,Timberwolves Timeout: Regular (Reg.2 Short 0),12:27 PM
189,0,8,226,0020600645,,,2:58,2,5,5,0,2060,Marko Jaric,MIN,Minnesota,1610612750.0,Timberwolves,2239,Trenton Hassell,MIN,Minnesota,1610612750.0,Timberwolves,0,,,,,,,,SUB: Hassell FOR Jaric,12:29 PM
190,0,8,227,0020600645,SUB: Watson FOR Ridnour,,2:58,2,4,4,0,2557,Luke Ridnour,SEA,Seattle,1610612760.0,SuperSonics,2248,Earl Watson,SEA,Seattle,1610612760.0,SuperSonics,0,,,,,,,,,12:30 PM
191,10,3,228,0020600645,,,2:58,2,5,0,0,200783,Craig Smith,MIN,Minnesota,1610612750.0,Timberwolves,0,,,,,,0,,,,,,,,MISS Smith Free Throw 1 of 1,12:30 PM
192,0,4,229,0020600645,Wilcox REBOUND (Off:2 Def:5),,2:57,2,4,0,0,2404,Chris Wilcox,SEA,Seattle,1610612760.0,SuperSonics,0,,,,,,0,,,,,,,,,12:30 PM
193,47,1,230,0020600645,Gelabale 8' Turnaround Jump Shot (10 PTS),,2:35,2,4,0,0,101153,Mickael Gelabale,SEA,Seattle,1610612760.0,SuperSonics,0,,,,,,0,,,,,,42 - 46,4,,12:31 PM
194,52,1,232,0020600645,,,2:22,2,5,5,0,1729,Ricky Davis,MIN,Minnesota,1610612750.0,Timberwolves,2239,Trenton Hassell,MIN,Minnesota,1610612750.0,Timberwolves,0,,,,,,44 - 46,2,Davis  Alley Oop Dunk (8 PTS) (Hassell 4 AST),12:31 PM
195,2,7,234,0020600645,,,2:00,2,5,0,1,708,Kevin Garnett,MIN,Minnesota,1610612750.0,Timberwolves,0,,,,,,0,,,,,,,,Garnett Violation:Defensive Goaltending,12:31 PM
196,3,1,233,0020600645,Wilcox 8' Hook Shot (11 PTS),,2:00,2,4,0,0,2404,Chris Wilcox,SEA,Seattle,1610612760.0,SuperSonics,0,,,,,,0,,,,,,44 - 48,4,,12:31 PM
197,1,5,235,0020600645,Gelabale STEAL (1 STL),,1:41,2,5,4,0,708,Kevin Garnett,MIN,Minnesota,1610612750.0,Timberwolves,101153,Mickael Gelabale,SEA,Seattle,1610612760.0,SuperSonics,0,,,,,,,,Garnett Bad Pass Turnover (P3.T8),12:32 PM
198,0,8,236,0020600645,SUB: Petro FOR Wilcox,,1:35,2,4,4,0,2404,Chris Wilcox,SEA,Seattle,1610612760.0,SuperSonics,101130,Johan Petro,SEA,Seattle,1610612760.0,SuperSonics,0,,,,,,,,,12:32 PM
199,5,2,237,0020600645,MISS Watson  Layup,,1:23,2,4,0,0,2248,Earl Watson,SEA,Seattle,1610612760.0,SuperSonics,0,,,,,,0,,,,,,,,,12:32 PM
200,0,4,239,0020600645,Collison REBOUND (Off:3 Def:4),,1:21,2,4,0,0,2555,Nick Collison,SEA,Seattle,1610612760.0,SuperSonics,0,,,,,,0,,,,,,,,,12:32 PM
201,64,1,238,0020600645,Collison  Follow Up Dunk (10 PTS),,1:21,2,4,0,0,2555,Nick Collison,SEA,Seattle,1610612760.0,SuperSonics,0,,,,,,0,,,,,,44 - 50,6,,12:32 PM
202,3,1,240,0020600645,,,1:05,2,5,5,0,200783,Craig Smith,MIN,Minnesota,1610612750.0,Timberwolves,1729,Ricky Davis,MIN,Minnesota,1610612750.0,Timberwolves,0,,,,,,46 - 50,4,Smith 7' Hook Shot (12 PTS) (Davis 1 AST),12:33 PM
203,61,1,242,0020600645,Allen  Driving Finger Roll (11 PTS) (Watson 5 AST),,0:54,2,4,4,0,951,Ray Allen,SEA,Seattle,1610612760.0,SuperSonics,2248,Earl Watson,SEA,Seattle,1610612760.0,SuperSonics,0,,,,,,46 - 52,6,,12:33 PM
204,5,1,243,0020600645,,,0:34,2,5,5,0,200783,Craig Smith,MIN,Minnesota,1610612750.0,Timberwolves,708,Kevin Garnett,MIN,Minnesota,1610612750.0,Timberwolves,0,,,,,,48 - 52,4,Smith  Layup (14 PTS) (Garnett 3 AST),12:33 PM
205,2,6,244,0020600645,Allen S.FOUL (P1.T4),,0:34,2,4,5,1,951,Ray Allen,SEA,Seattle,1610612760.0,SuperSonics,200783,Craig Smith,MIN,Minnesota,1610612750.0,Timberwolves,0,,,,,,,,,12:33 PM
206,10,3,245,0020600645,,,0:34,2,5,0,0,200783,Craig Smith,MIN,Minnesota,1610612750.0,Timberwolves,0,,,,,,0,,,,,,49 - 52,3,Smith Free Throw 1 of 1 (15 PTS),12:34 PM
207,2,9,247,0020600645,SUPERSONICS Timeout: Short (Full 2 Short 1),,0:29,2,2,0,0,1610612760,,,,,,0,,,,,,0,,,,,,,,,12:34 PM
208,1,2,249,0020600645,MISS Collison 17' Jump Shot,,0:13,2,4,0,0,2555,Nick Collison,SEA,Seattle,1610612760.0,SuperSonics,0,,,,,,0,,,,,,,,,12:35 PM
209,0,4,250,0020600645,,,0:13,2,3,0,0,1610612750,,,,,,0,,,,,,0,,,,,,,,Timberwolves Rebound,12:35 PM
210,1,2,252,0020600645,,,0:00,2,5,0,0,708,Kevin Garnett,MIN,Minnesota,1610612750.0,Timberwolves,0,,,,,,0,,,,,,,,MISS Garnett 20' Jump Shot,12:36 PM
211,0,4,253,0020600645,,,0:00,2,3,0,0,1610612750,,,,,,0,,,,,,0,,,,,,,,Timberwolves Rebound,12:36 PM
212,0,13,254,0020600645,,,0:00,2,0,0,0,0,,,,,,0,,,,,,0,,,,,,49 - 52,3,,12:36 PM
213,0,12,256,0020600645,,,12:00,3,0,0,0,0,,,,,,0,,,,,,0,,,,,,49 - 52,3,,12:51 PM
214,1,5,257,0020600645,Collison Bad Pass Turnover (P2.T6),,11:40,3,4,5,0,2555,Nick Collison,SEA,Seattle,1610612760.0,SuperSonics,1729,Ricky Davis,MIN,Minnesota,1610612750.0,Timberwolves,0,,,,,,,,Davis STEAL (1 STL),12:52 PM
215,1,1,258,0020600645,,,11:33,3,5,5,0,1548,Mark Blount,MIN,Minnesota,1610612750.0,Timberwolves,1729,Ricky Davis,MIN,Minnesota,1610612750.0,Timberwolves,0,,,,,,51 - 52,1,Blount 18' Jump Shot (7 PTS) (Davis 2 AST),12:52 PM
216,1,6,259,0020600645,,,11:14,3,5,4,1,2229,Mike James,MIN,Minnesota,1610612750.0,Timberwolves,2404,Chris Wilcox,SEA,Seattle,1610612760.0,SuperSonics,0,,,,,,,,James P.FOUL (P1.T1),12:53 PM
217,1,2,260,0020600645,MISS Allen 26' 3PT Jump Shot,,11:05,3,4,0,0,951,Ray Allen,SEA,Seattle,1610612760.0,SuperSonics,0,,,,,,0,,,,,,,,,12:53 PM
218,0,4,261,0020600645,Allen REBOUND (Off:2 Def:1),,11:02,3,4,0,0,951,Ray Allen,SEA,Seattle,1610612760.0,SuperSonics,0,,,,,,0,,,,,,,,,12:53 PM
219,1,2,262,0020600645,MISS Allen 18' Jump Shot,,11:00,3,4,0,0,951,Ray Allen,SEA,Seattle,1610612760.0,SuperSonics,0,,,,,,0,,,,,,,,,12:53 PM
220,0,4,263,0020600645,,,10:57,3,5,0,0,708,Kevin Garnett,MIN,Minnesota,1610612750.0,Timberwolves,0,,,,,,0,,,,,,,,Garnett REBOUND (Off:0 Def:4),12:53 PM
221,1,6,264,0020600645,Allen P.FOUL (P2.T1),,10:52,3,4,5,1,951,Ray Allen,SEA,Seattle,1610612760.0,SuperSonics,1548,Mark Blount,MIN,Minnesota,1610612750.0,Timberwolves,0,,,,,,,,,12:53 PM
222,46,1,265,0020600645,,,10:43,3,5,0,0,2229,Mike James,MIN,Minnesota,1610612750.0,Timberwolves,0,,,,,,0,,,,,,53 - 52,-1,James 5' Running Jump Shot (8 PTS),12:54 PM
223,1,9,266,0020600645,SUPERSONICS Timeout: Regular (Full 3 Short 1),,10:41,3,2,0,0,1610612760,,,,,,0,,,,,,0,,,,,,,,,12:54 PM
224,2,6,268,0020600645,,,10:26,3,5,4,1,2239,Trenton Hassell,MIN,Minnesota,1610612750.0,Timberwolves,951,Ray Allen,SEA,Seattle,1610612760.0,SuperSonics,0,,,,,,,,Hassell S.FOUL (P1.T2),12:56 PM
225,11,3,269,0020600645,Allen Free Throw 1 of 2 (12 PTS),,10:26,3,4,0,0,951,Ray Allen,SEA,Seattle,1610612760.0,SuperSonics,0,,,,,,0,,,,,,53 - 53,TIE,,12:56 PM
226,12,3,270,0020600645,Allen Free Throw 2 of 2 (13 PTS),,10:26,3,4,0,0,951,Ray Allen,SEA,Seattle,1610612760.0,SuperSonics,0,,,,,,0,,,,,,53 - 54,1,,12:56 PM
227,1,1,271,0020600645,,,10:11,3,5,5,0,1548,Mark Blount,MIN,Minnesota,1610612750.0,Timberwolves,2239,Trenton Hassell,MIN,Minnesota,1610612750.0,Timberwolves,0,,,,,,55 - 54,-1,Blount 20' Jump Shot (9 PTS) (Hassell 5 AST),12:57 PM
228,1,1,273,0020600645,Gelabale 20' Jump Shot (12 PTS) (Watson 6 AST),,9:52,3,4,4,0,101153,Mickael Gelabale,SEA,Seattle,1610612760.0,SuperSonics,2248,Earl Watson,SEA,Seattle,1610612760.0,SuperSonics,0,,,,,,55 - 56,1,,12:57 PM
229,2,6,274,0020600645,Collison S.FOUL (P2.T2),,9:43,3,4,5,1,2555,Nick Collison,SEA,Seattle,1610612760.0,SuperSonics,2229,Mike James,MIN,Minnesota,1610612750.0,Timberwolves,0,,,,,,,,,12:57 PM
230,11,3,275,0020600645,,,9:43,3,5,0,0,2229,Mike James,MIN,Minnesota,1610612750.0,Timberwolves,0,,,,,,0,,,,,,,,MISS James Free Throw 1 of 2,12:58 PM
231,1,4,276,0020600645,,,9:43,3,3,0,0,1610612750,,,,,,0,,,,,,0,,,,,,,,Timberwolves Rebound,12:58 PM
232,12,3,277,0020600645,,,9:43,3,5,0,0,2229,Mike James,MIN,Minnesota,1610612750.0,Timberwolves,0,,,,,,0,,,,,,56 - 56,TIE,James Free Throw 2 of 2 (9 PTS),12:58 PM
233,46,2,279,0020600645,MISS Allen 7' Running Jump Shot,,9:32,3,4,0,0,951,Ray Allen,SEA,Seattle,1610612760.0,SuperSonics,0,,,,,,0,,,,,,,,,12:58 PM
234,0,4,280,0020600645,,,9:30,3,5,0,0,708,Kevin Garnett,MIN,Minnesota,1610612750.0,Timberwolves,0,,,,,,0,,,,,,,,Garnett REBOUND (Off:0 Def:5),12:58 PM
235,46,2,281,0020600645,,,9:26,3,5,0,0,1729,Ricky Davis,MIN,Minnesota,1610612750.0,Timberwolves,0,,,,,,0,,,,,,,,MISS Davis 7' Running Jump Shot,12:58 PM
236,0,4,282,0020600645,Collison REBOUND (Off:3 Def:5),,9:23,3,4,0,0,2555,Nick Collison,SEA,Seattle,1610612760.0,SuperSonics,0,,,,,,0,,,,,,,,,12:58 PM
237,52,1,283,0020600645,Wilcox  Alley Oop Dunk (13 PTS) (Watson 7 AST),,9:19,3,4,4,0,2404,Chris Wilcox,SEA,Seattle,1610612760.0,SuperSonics,2248,Earl Watson,SEA,Seattle,1610612760.0,SuperSonics,0,,,,,,56 - 58,2,,12:58 PM
238,1,1,284,0020600645,,,8:56,3,5,5,0,1729,Ricky Davis,MIN,Minnesota,1610612750.0,Timberwolves,708,Kevin Garnett,MIN,Minnesota,1610612750.0,Timberwolves,0,,,,,,59 - 58,-1,Davis  3PT Jump Shot (11 PTS) (Garnett 4 AST),12:59 PM
239,44,1,286,0020600645,Watson  Reverse Layup (2 PTS) (Allen 3 AST),,8:38,3,4,4,0,2248,Earl Watson,SEA,Seattle,1610612760.0,SuperSonics,951,Ray Allen,SEA,Seattle,1610612760.0,SuperSonics,0,,,,,,59 - 60,1,,12:59 PM
240,1,1,288,0020600645,,,8:18,3,5,5,0,708,Kevin Garnett,MIN,Minnesota,1610612750.0,Timberwolves,1729,Ricky Davis,MIN,Minnesota,1610612750.0,Timberwolves,0,,,,,,61 - 60,-1,Garnett 20' Jump Shot (11 PTS) (Davis 3 AST),12:59 PM
241,1,1,289,0020600645,Allen 20' Jump Shot (15 PTS),,8:05,3,4,0,0,951,Ray Allen,SEA,Seattle,1610612760.0,SuperSonics,0,,,,,,0,,,,,,61 - 62,1,,13:00 PM
242,1,2,291,0020600645,,,7:44,3,5,0,0,1729,Ricky Davis,MIN,Minnesota,1610612750.0,Timberwolves,0,,,,,,0,,,,,,,,MISS Davis  3PT Jump Shot,13:00 PM
243,0,4,292,0020600645,,,7:40,3,5,0,0,2239,Trenton Hassell,MIN,Minnesota,1610612750.0,Timberwolves,0,,,,,,0,,,,,,,,Hassell REBOUND (Off:1 Def:4),13:00 PM
244,1,2,293,0020600645,,,7:36,3,5,0,0,708,Kevin Garnett,MIN,Minnesota,1610612750.0,Timberwolves,0,,,,,,0,,,,,,,,MISS Garnett 27' 3PT Jump Shot,13:00 PM
245,0,4,294,0020600645,Collison REBOUND (Off:3 Def:6),,7:33,3,4,0,0,2555,Nick Collison,SEA,Seattle,1610612760.0,SuperSonics,0,,,,,,0,,,,,,,,,13:00 PM
246,5,2,296,0020600645,MISS Collison  Layup,,7:25,3,4,0,5,2555,Nick Collison,SEA,Seattle,1610612760.0,SuperSonics,0,,,,,,708,Kevin Garnett,MIN,Minnesota,1610612750.0,Timberwolves,,,Garnett BLOCK (1 BLK),13:00 PM
247,0,4,297,0020600645,,,7:22,3,5,0,0,1548,Mark Blount,MIN,Minnesota,1610612750.0,Timberwolves,0,,,,,,0,,,,,,,,Blount REBOUND (Off:1 Def:2),13:00 PM
248,21,5,298,0020600645,,,7:16,3,5,0,1,2229,Mike James,MIN,Minnesota,1610612750.0,Timberwolves,0,,,,,,0,,,,,,,,James Palming Turnover (P2.T9),13:00 PM
249,1,6,300,0020600645,,,7:02,3,5,4,1,2229,Mike James,MIN,Minnesota,1610612750.0,Timberwolves,2248,Earl Watson,SEA,Seattle,1610612760.0,SuperSonics,0,,,,,,,,James P.FOUL (P2.T3),13:01 PM
250,3,1,301,0020600645,Collison 4' Hook Shot (12 PTS) (Watson 8 AST),,6:54,3,4,4,0,2555,Nick Collison,SEA,Seattle,1610612760.0,SuperSonics,2248,Earl Watson,SEA,Seattle,1610612760.0,SuperSonics,0,,,,,,61 - 64,3,,13:01 PM
251,1,2,303,0020600645,,,6:34,3,5,0,0,2229,Mike James,MIN,Minnesota,1610612750.0,Timberwolves,0,,,,,,0,,,,,,,,MISS James  3PT Jump Shot,13:01 PM
252,0,4,304,0020600645,,,6:31,3,5,0,0,708,Kevin Garnett,MIN,Minnesota,1610612750.0,Timberwolves,0,,,,,,0,,,,,,,,Garnett REBOUND (Off:1 Def:5),13:01 PM
253,51,1,305,0020600645,,,6:28,3,5,0,0,708,Kevin Garnett,MIN,Minnesota,1610612750.0,Timberwolves,0,,,,,,0,,,,,,63 - 64,1,Garnett  Reverse Dunk (13 PTS),13:02 PM
254,2,6,307,0020600645,,,6:19,3,5,4,1,2229,Mike James,MIN,Minnesota,1610612750.0,Timberwolves,951,Ray Allen,SEA,Seattle,1610612760.0,SuperSonics,0,,,,,,,,James S.FOUL (P3.T4),13:02 PM
255,11,3,308,0020600645,Allen Free Throw 1 of 2 (16 PTS),,6:19,3,4,0,0,951,Ray Allen,SEA,Seattle,1610612760.0,SuperSonics,0,,,,,,0,,,,,,63 - 65,2,,13:02 PM
256,12,3,309,0020600645,Allen Free Throw 2 of 2 (17 PTS),,6:19,3,4,0,0,951,Ray Allen,SEA,Seattle,1610612760.0,SuperSonics,0,,,,,,0,,,,,,63 - 66,3,,13:02 PM
257,47,2,311,0020600645,,,5:58,3,5,0,0,708,Kevin Garnett,MIN,Minnesota,1610612750.0,Timberwolves,0,,,,,,0,,,,,,,,MISS Garnett 6' Turnaround Jump Shot,13:03 PM
258,0,4,312,0020600645,Gelabale REBOUND (Off:1 Def:3),,5:55,3,4,0,0,101153,Mickael Gelabale,SEA,Seattle,1610612760.0,SuperSonics,0,,,,,,0,,,,,,,,,13:03 PM
259,42,1,313,0020600645,Allen  Driving Layup (19 PTS),,5:51,3,4,0,0,951,Ray Allen,SEA,Seattle,1610612760.0,SuperSonics,0,,,,,,0,,,,,,63 - 68,5,,13:03 PM
260,2,6,314,0020600645,,,5:51,3,5,4,1,1548,Mark Blount,MIN,Minnesota,1610612750.0,Timberwolves,951,Ray Allen,SEA,Seattle,1610612760.0,SuperSonics,0,,,,,,,,Blount S.FOUL (P3.PN),13:03 PM
261,1,9,315,0020600645,,,5:51,3,3,0,0,1610612750,,,,,,0,,,,,,0,,,,,,,,Timberwolves Timeout: Regular (Reg.3 Short 0),13:03 PM
262,0,8,317,0020600645,,,5:51,3,5,5,0,2229,Mike James,MIN,Minnesota,1610612750.0,Timberwolves,200751,Randy Foye,MIN,Minnesota,1610612750.0,Timberwolves,0,,,,,,,,SUB: Foye FOR James,13:05 PM
263,10,3,318,0020600645,MISS Allen Free Throw 1 of 1,,5:51,3,4,0,0,951,Ray Allen,SEA,Seattle,1610612760.0,SuperSonics,0,,,,,,0,,,,,,,,,13:05 PM
264,0,4,319,0020600645,,,5:49,3,5,0,0,1729,Ricky Davis,MIN,Minnesota,1610612750.0,Timberwolves,0,,,,,,0,,,,,,,,Davis REBOUND (Off:1 Def:2),13:06 PM
265,4,5,321,0020600645,,,5:32,3,5,0,1,200751,Randy Foye,MIN,Minnesota,1610612750.0,Timberwolves,0,,,,,,0,,,,,,,,Foye Traveling Turnover (P2.T10),13:06 PM
266,1,2,323,0020600645,MISS Gelabale 20' Jump Shot,,5:15,3,4,0,0,101153,Mickael Gelabale,SEA,Seattle,1610612760.0,SuperSonics,0,,,,,,0,,,,,,,,,13:06 PM
267,0,4,324,0020600645,,,5:13,3,5,0,0,2239,Trenton Hassell,MIN,Minnesota,1610612750.0,Timberwolves,0,,,,,,0,,,,,,,,Hassell REBOUND (Off:1 Def:5),13:06 PM
268,1,2,326,0020600645,,,4:56,3,5,0,0,1548,Mark Blount,MIN,Minnesota,1610612750.0,Timberwolves,0,,,,,,0,,,,,,,,MISS Blount 5' Jump Shot,13:07 PM
269,0,4,327,0020600645,Wilcox REBOUND (Off:2 Def:6),,4:53,3,4,0,0,2404,Chris Wilcox,SEA,Seattle,1610612760.0,SuperSonics,0,,,,,,0,,,,,,,,,13:07 PM
270,44,1,328,0020600645,Watson  Reverse Layup (4 PTS),,4:45,3,4,0,0,2248,Earl Watson,SEA,Seattle,1610612760.0,SuperSonics,0,,,,,,0,,,,,,63 - 70,7,,13:07 PM
271,1,2,330,0020600645,,,4:26,3,5,0,0,1729,Ricky Davis,MIN,Minnesota,1610612750.0,Timberwolves,0,,,,,,0,,,,,,,,MISS Davis 27' 3PT Jump Shot,13:07 PM
272,0,4,331,0020600645,Gelabale REBOUND (Off:1 Def:4),,4:24,3,4,0,0,101153,Mickael Gelabale,SEA,Seattle,1610612760.0,SuperSonics,0,,,,,,0,,,,,,,,,13:07 PM
273,1,1,332,0020600645,Wilcox 10' Jump Shot (15 PTS) (Watson 9 AST),,4:07,3,4,4,0,2404,Chris Wilcox,SEA,Seattle,1610612760.0,SuperSonics,2248,Earl Watson,SEA,Seattle,1610612760.0,SuperSonics,0,,,,,,63 - 72,9,,13:08 PM
274,8,1,334,0020600645,,,3:53,3,5,5,0,1548,Mark Blount,MIN,Minnesota,1610612750.0,Timberwolves,708,Kevin Garnett,MIN,Minnesota,1610612750.0,Timberwolves,0,,,,,,65 - 72,7,Blount  Slam Dunk (11 PTS) (Garnett 5 AST),13:08 PM
275,1,1,335,0020600645,Allen 10' Jump Shot (21 PTS) (Watson 10 AST),,3:40,3,4,4,0,951,Ray Allen,SEA,Seattle,1610612760.0,SuperSonics,2248,Earl Watson,SEA,Seattle,1610612760.0,SuperSonics,0,,,,,,65 - 74,9,,13:08 PM
276,1,2,337,0020600645,,,3:24,3,5,0,0,2239,Trenton Hassell,MIN,Minnesota,1610612750.0,Timberwolves,0,,,,,,0,,,,,,,,MISS Hassell 13' Jump Shot,13:08 PM
277,0,4,338,0020600645,Wilcox REBOUND (Off:2 Def:7),,3:21,3,4,0,0,2404,Chris Wilcox,SEA,Seattle,1610612760.0,SuperSonics,0,,,,,,0,,,,,,,,,13:08 PM
278,41,2,339,0020600645,MISS Gelabale  Running Layup,,3:16,3,4,0,0,101153,Mickael Gelabale,SEA,Seattle,1610612760.0,SuperSonics,0,,,,,,0,,,,,,,,,13:08 PM
279,0,4,340,0020600645,,,3:16,3,5,0,0,708,Kevin Garnett,MIN,Minnesota,1610612750.0,Timberwolves,0,,,,,,0,,,,,,,,Garnett REBOUND (Off:1 Def:6),13:08 PM
280,0,8,341,0020600645,SUB: Ridnour FOR Watson,,3:16,3,4,4,0,2248,Earl Watson,SEA,Seattle,1610612760.0,SuperSonics,2557,Luke Ridnour,SEA,Seattle,1610612760.0,SuperSonics,0,,,,,,,,,13:09 PM
281,1,1,343,0020600645,,,2:58,3,5,5,0,200751,Randy Foye,MIN,Minnesota,1610612750.0,Timberwolves,2239,Trenton Hassell,MIN,Minnesota,1610612750.0,Timberwolves,0,,,,,,68 - 74,6,Foye  3PT Jump Shot (5 PTS) (Hassell 6 AST),13:09 PM
282,42,1,345,0020600645,Allen  Driving Layup (23 PTS),,2:47,3,4,0,0,951,Ray Allen,SEA,Seattle,1610612760.0,SuperSonics,0,,,,,,0,,,,,,68 - 76,8,,13:09 PM
283,1,1,346,0020600645,,,2:28,3,5,5,0,708,Kevin Garnett,MIN,Minnesota,1610612750.0,Timberwolves,1729,Ricky Davis,MIN,Minnesota,1610612750.0,Timberwolves,0,,,,,,70 - 76,6,Garnett 14' Jump Shot (15 PTS) (Davis 4 AST),13:10 PM
284,1,2,347,0020600645,MISS Collison 16' Jump Shot,,2:10,3,4,0,0,2555,Nick Collison,SEA,Seattle,1610612760.0,SuperSonics,0,,,,,,0,,,,,,,,,13:10 PM
285,0,4,348,0020600645,,,2:07,3,5,0,0,1729,Ricky Davis,MIN,Minnesota,1610612750.0,Timberwolves,0,,,,,,0,,,,,,,,Davis REBOUND (Off:1 Def:3),13:10 PM
286,63,1,349,0020600645,,,1:52,3,5,5,0,1548,Mark Blount,MIN,Minnesota,1610612750.0,Timberwolves,708,Kevin Garnett,MIN,Minnesota,1610612750.0,Timberwolves,0,,,,,,72 - 76,4,Blount 10' Fadeaway Jumper (13 PTS) (Garnett 6 AST),13:10 PM
287,1,2,351,0020600645,MISS Allen 19' Jump Shot,,1:35,3,4,0,0,951,Ray Allen,SEA,Seattle,1610612760.0,SuperSonics,0,,,,,,0,,,,,,,,,13:10 PM
288,0,4,352,0020600645,Collison REBOUND (Off:4 Def:6),,1:32,3,4,0,0,2555,Nick Collison,SEA,Seattle,1610612760.0,SuperSonics,0,,,,,,0,,,,,,,,,13:11 PM
289,1,1,353,0020600645,Allen 16' Jump Shot (25 PTS) (Collison 2 AST),,1:27,3,4,4,0,951,Ray Allen,SEA,Seattle,1610612760.0,SuperSonics,2555,Nick Collison,SEA,Seattle,1610612760.0,SuperSonics,0,,,,,,72 - 78,6,,13:11 PM
290,1,2,354,0020600645,,,1:07,3,5,0,0,1548,Mark Blount,MIN,Minnesota,1610612750.0,Timberwolves,0,,,,,,0,,,,,,,,MISS Blount 14' Jump Shot,13:11 PM
291,0,4,355,0020600645,Gelabale REBOUND (Off:1 Def:5),,1:05,3,4,0,0,101153,Mickael Gelabale,SEA,Seattle,1610612760.0,SuperSonics,0,,,,,,0,,,,,,,,,13:11 PM
292,1,2,356,0020600645,MISS Wilcox 7' Jump Shot,,0:58,3,4,0,0,2404,Chris Wilcox,SEA,Seattle,1610612760.0,SuperSonics,0,,,,,,0,,,,,,,,,13:11 PM
293,0,4,357,0020600645,,,0:55,3,5,0,0,1729,Ricky Davis,MIN,Minnesota,1610612750.0,Timberwolves,0,,,,,,0,,,,,,,,Davis REBOUND (Off:1 Def:4),13:11 PM
294,1,5,358,0020600645,Wilcox STEAL (1 STL),,0:52,3,5,4,0,1729,Ricky Davis,MIN,Minnesota,1610612750.0,Timberwolves,2404,Chris Wilcox,SEA,Seattle,1610612760.0,SuperSonics,0,,,,,,,,Davis Bad Pass Turnover (P1.T11),13:11 PM
295,1,2,360,0020600645,MISS Ridnour 10' Jump Shot,,0:31,3,4,0,5,2557,Luke Ridnour,SEA,Seattle,1610612760.0,SuperSonics,0,,,,,,200751,Randy Foye,MIN,Minnesota,1610612750.0,Timberwolves,,,Foye BLOCK (2 BLK),13:12 PM
296,0,4,361,0020600645,,,0:28,3,5,0,0,200751,Randy Foye,MIN,Minnesota,1610612750.0,Timberwolves,0,,,,,,0,,,,,,,,Foye REBOUND (Off:0 Def:1),13:12 PM
297,2,5,362,0020600645,Allen STEAL (1 STL),,0:26,3,5,4,0,200751,Randy Foye,MIN,Minnesota,1610612750.0,Timberwolves,951,Ray Allen,SEA,Seattle,1610612760.0,SuperSonics,0,,,,,,,,Foye Lost Ball Turnover (P3.T12),13:12 PM
298,11,5,364,0020600645,SUPERSONICS Turnover: Shot Clock (T#7),,0:04,3,2,0,1,1610612760,,,,,,0,,,,,,0,,,,,,,,,13:12 PM
299,0,8,365,0020600645,SUB: Wilkins FOR Gelabale,,0:04,3,4,4,0,101153,Mickael Gelabale,SEA,Seattle,1610612760.0,SuperSonics,2863,Damien Wilkins,SEA,Seattle,1610612760.0,SuperSonics,0,,,,,,,,,13:13 PM
300,0,8,366,0020600645,SUB: Petro FOR Wilcox,,0:04,3,4,4,0,2404,Chris Wilcox,SEA,Seattle,1610612760.0,SuperSonics,101130,Johan Petro,SEA,Seattle,1610612760.0,SuperSonics,0,,,,,,,,,13:13 PM
301,0,8,367,0020600645,,,0:01,3,5,5,0,1729,Ricky Davis,MIN,Minnesota,1610612750.0,Timberwolves,2060,Marko Jaric,MIN,Minnesota,1610612750.0,Timberwolves,0,,,,,,,,SUB: Jaric FOR Davis,13:13 PM
302,1,1,368,0020600645,,,0:01,3,5,0,0,200751,Randy Foye,MIN,Minnesota,1610612750.0,Timberwolves,0,,,,,,0,,,,,,74 - 78,4,Foye 13' Jump Shot (7 PTS),13:13 PM
303,0,18,369,0020600645,,,0:00,3,0,0,1,0,,,,,,0,,,,,,0,,,,,,74 - 78,4,,13:13 PM
304,0,13,370,0020600645,,,0:00,3,0,0,0,0,,,,,,0,,,,,,0,,,,,,74 - 78,4,,13:14 PM
305,0,12,372,0020600645,,,12:00,4,0,0,0,0,,,,,,0,,,,,,0,,,,,,74 - 78,4,,13:15 PM
306,1,2,373,0020600645,Petro BLOCK (1 BLK),,11:39,4,5,0,4,200783,Craig Smith,MIN,Minnesota,1610612750.0,Timberwolves,0,,,,,,101130,Johan Petro,SEA,Seattle,1610612760.0,SuperSonics,,,MISS Smith 4' Jump Shot,13:16 PM
307,0,4,374,0020600645,,,11:39,4,3,0,0,1610612750,,,,,,0,,,,,,0,,,,,,,,Timberwolves Rebound,13:16 PM
308,1,2,376,0020600645,,,11:36,4,5,0,0,2060,Marko Jaric,MIN,Minnesota,1610612750.0,Timberwolves,0,,,,,,0,,,,,,,,MISS Jaric 18' Jump Shot,13:16 PM
309,0,4,377,0020600645,,,11:34,4,5,0,0,2239,Trenton Hassell,MIN,Minnesota,1610612750.0,Timberwolves,0,,,,,,0,,,,,,,,Hassell REBOUND (Off:2 Def:5),13:16 PM
310,1,1,378,0020600645,,,11:31,4,5,0,0,2239,Trenton Hassell,MIN,Minnesota,1610612750.0,Timberwolves,0,,,,,,0,,,,,,76 - 78,2,Hassell 7' Jump Shot (6 PTS),13:16 PM
311,2,5,379,0020600645,Allen Lost Ball Turnover (P2.T8),,11:22,4,4,5,0,951,Ray Allen,SEA,Seattle,1610612760.0,SuperSonics,200783,Craig Smith,MIN,Minnesota,1610612750.0,Timberwolves,0,,,,,,,,Smith STEAL (1 STL),13:16 PM
312,1,1,380,0020600645,,,11:15,4,5,5,0,200751,Randy Foye,MIN,Minnesota,1610612750.0,Timberwolves,708,Kevin Garnett,MIN,Minnesota,1610612750.0,Timberwolves,0,,,,,,78 - 78,TIE,Foye 17' Jump Shot (9 PTS) (Garnett 7 AST),13:16 PM
313,5,2,382,0020600645,MISS Ridnour  Layup,,11:06,4,4,0,0,2557,Luke Ridnour,SEA,Seattle,1610612760.0,SuperSonics,0,,,,,,0,,,,,,,,,13:16 PM
314,0,4,383,0020600645,,,11:05,4,3,0,0,1610612750,,,,,,0,,,,,,0,,,,,,,,Timberwolves Rebound,13:17 PM
315,3,6,384,0020600645,Brown L.B.FOUL (P1.T1),,11:05,4,4,5,1,2810,Andre Brown,SEA,Seattle,1610612760.0,SuperSonics,200751,Randy Foye,MIN,Minnesota,1610612750.0,Timberwolves,0,,,,,,,,,13:17 PM
316,0,8,385,0020600645,,,11:05,4,5,5,0,708,Kevin Garnett,MIN,Minnesota,1610612750.0,Timberwolves,2058,Mark Madsen,MIN,Minnesota,1610612750.0,Timberwolves,0,,,,,,,,SUB: Madsen FOR Garnett,13:17 PM
317,47,2,387,0020600645,,,10:52,4,5,0,0,200783,Craig Smith,MIN,Minnesota,1610612750.0,Timberwolves,0,,,,,,0,,,,,,,,MISS Smith 7' Turnaround Jump Shot,13:17 PM
318,0,4,388,0020600645,,,10:49,4,5,0,0,2239,Trenton Hassell,MIN,Minnesota,1610612750.0,Timberwolves,0,,,,,,0,,,,,,,,Hassell REBOUND (Off:3 Def:5),13:17 PM
319,1,1,389,0020600645,,,10:45,4,5,5,0,200751,Randy Foye,MIN,Minnesota,1610612750.0,Timberwolves,2239,Trenton Hassell,MIN,Minnesota,1610612750.0,Timberwolves,0,,,,,,81 - 78,-3,Foye 26' 3PT Jump Shot (12 PTS) (Hassell 7 AST),13:17 PM
320,1,1,391,0020600645,Allen 27' 3PT Jump Shot (28 PTS),,10:18,4,4,0,0,951,Ray Allen,SEA,Seattle,1610612760.0,SuperSonics,0,,,,,,0,,,,,,81 - 81,TIE,,13:18 PM
321,2,6,392,0020600645,Petro S.FOUL (P2.T2),,9:55,4,4,5,1,101130,Johan Petro,SEA,Seattle,1610612760.0,SuperSonics,200783,Craig Smith,MIN,Minnesota,1610612750.0,Timberwolves,0,,,,,,,,,13:18 PM
322,0,8,393,0020600645,SUB: Wilcox FOR Petro,,9:55,4,4,4,0,101130,Johan Petro,SEA,Seattle,1610612760.0,SuperSonics,2404,Chris Wilcox,SEA,Seattle,1610612760.0,SuperSonics,0,,,,,,,,,13:18 PM
323,11,3,394,0020600645,,,9:55,4,5,0,0,200783,Craig Smith,MIN,Minnesota,1610612750.0,Timberwolves,0,,,,,,0,,,,,,82 - 81,-1,Smith Free Throw 1 of 2 (16 PTS),13:18 PM
324,12,3,395,0020600645,,,9:55,4,5,0,0,200783,Craig Smith,MIN,Minnesota,1610612750.0,Timberwolves,0,,,,,,0,,,,,,83 - 81,-2,Smith Free Throw 2 of 2 (17 PTS),13:19 PM
325,1,2,397,0020600645,MISS Wilcox 10' Jump Shot,,9:40,4,4,0,0,2404,Chris Wilcox,SEA,Seattle,1610612760.0,SuperSonics,0,,,,,,0,,,,,,,,,13:19 PM
326,0,4,398,0020600645,,,9:37,4,5,0,0,2060,Marko Jaric,MIN,Minnesota,1610612750.0,Timberwolves,0,,,,,,0,,,,,,,,Jaric REBOUND (Off:0 Def:2),13:19 PM
327,1,2,399,0020600645,,,9:29,4,5,0,0,200783,Craig Smith,MIN,Minnesota,1610612750.0,Timberwolves,0,,,,,,0,,,,,,,,MISS Smith 9' Jump Shot,13:19 PM
328,0,4,400,0020600645,Brown REBOUND (Off:0 Def:2),,9:26,4,4,0,0,2810,Andre Brown,SEA,Seattle,1610612760.0,SuperSonics,0,,,,,,0,,,,,,,,,13:19 PM
329,42,2,401,0020600645,MISS Allen  Driving Layup,,9:19,4,4,0,0,951,Ray Allen,SEA,Seattle,1610612760.0,SuperSonics,0,,,,,,0,,,,,,,,,13:20 PM
330,0,4,402,0020600645,,,9:17,4,5,0,0,200783,Craig Smith,MIN,Minnesota,1610612750.0,Timberwolves,0,,,,,,0,,,,,,,,Smith REBOUND (Off:1 Def:2),13:20 PM
331,11,5,404,0020600645,,,8:55,4,3,0,1,1610612750,,,,,,0,,,,,,0,,,,,,,,Timberwolves Turnover: Shot Clock (T#13),13:20 PM
332,4,9,405,0020600645,,,8:55,4,1,0,0,0,,,,,,0,,,,,,0,,,,,,,,,13:20 PM
333,0,8,407,0020600645,SUB: Collison FOR Brown,,8:55,4,4,4,0,2810,Andre Brown,SEA,Seattle,1610612760.0,SuperSonics,2555,Nick Collison,SEA,Seattle,1610612760.0,SuperSonics,0,,,,,,,,,13:22 PM
334,1,6,409,0020600645,,,8:22,4,5,4,1,2058,Mark Madsen,MIN,Minnesota,1610612750.0,Timberwolves,2557,Luke Ridnour,SEA,Seattle,1610612760.0,SuperSonics,0,,,,,,,,Madsen P.FOUL (P2.T1),13:23 PM
335,1,1,410,0020600645,Ridnour  3PT Jump Shot (7 PTS) (Allen 4 AST),,8:11,4,4,4,0,2557,Luke Ridnour,SEA,Seattle,1610612760.0,SuperSonics,951,Ray Allen,SEA,Seattle,1610612760.0,SuperSonics,0,,,,,,83 - 84,1,,13:23 PM
336,1,1,412,0020600645,,,7:45,4,5,5,0,2239,Trenton Hassell,MIN,Minnesota,1610612750.0,Timberwolves,2060,Marko Jaric,MIN,Minnesota,1610612750.0,Timberwolves,0,,,,,,85 - 84,-1,Hassell 17' Jump Shot (8 PTS) (Jaric 6 AST),13:24 PM
337,1,2,413,0020600645,MISS Wilkins 17' Jump Shot,,7:38,4,4,0,0,2863,Damien Wilkins,SEA,Seattle,1610612760.0,SuperSonics,0,,,,,,0,,,,,,,,,13:24 PM
338,0,4,414,0020600645,,,7:36,4,5,0,0,2239,Trenton Hassell,MIN,Minnesota,1610612750.0,Timberwolves,0,,,,,,0,,,,,,,,Hassell REBOUND (Off:3 Def:6),13:24 PM
339,5,1,415,0020600645,,,7:32,4,5,5,0,200783,Craig Smith,MIN,Minnesota,1610612750.0,Timberwolves,2239,Trenton Hassell,MIN,Minnesota,1610612750.0,Timberwolves,0,,,,,,87 - 84,-3,Smith  Layup (19 PTS) (Hassell 8 AST),13:24 PM
340,2,6,416,0020600645,Allen S.FOUL (P3.T3),,7:32,4,4,5,1,951,Ray Allen,SEA,Seattle,1610612760.0,SuperSonics,200783,Craig Smith,MIN,Minnesota,1610612750.0,Timberwolves,0,,,,,,,,,13:24 PM
341,0,8,417,0020600645,SUB: Gelabale FOR Wilkins,,7:32,4,4,4,0,2863,Damien Wilkins,SEA,Seattle,1610612760.0,SuperSonics,101153,Mickael Gelabale,SEA,Seattle,1610612760.0,SuperSonics,0,,,,,,,,,13:24 PM
342,10,3,418,0020600645,,,7:32,4,5,0,0,200783,Craig Smith,MIN,Minnesota,1610612750.0,Timberwolves,0,,,,,,0,,,,,,88 - 84,-4,Smith Free Throw 1 of 1 (20 PTS),13:24 PM
343,1,1,420,0020600645,Allen 26' 3PT Jump Shot (31 PTS) (Ridnour 2 AST),,7:19,4,4,4,0,951,Ray Allen,SEA,Seattle,1610612760.0,SuperSonics,2557,Luke Ridnour,SEA,Seattle,1610612760.0,SuperSonics,0,,,,,,88 - 87,-1,,13:25 PM
344,1,2,422,0020600645,,,7:01,4,5,0,0,2239,Trenton Hassell,MIN,Minnesota,1610612750.0,Timberwolves,0,,,,,,0,,,,,,,,MISS Hassell 19' Jump Shot,13:25 PM
345,0,4,423,0020600645,,,6:58,4,5,0,0,200783,Craig Smith,MIN,Minnesota,1610612750.0,Timberwolves,0,,,,,,0,,,,,,,,Smith REBOUND (Off:2 Def:2),13:25 PM
346,1,2,425,0020600645,,,6:45,4,5,0,0,200751,Randy Foye,MIN,Minnesota,1610612750.0,Timberwolves,0,,,,,,0,,,,,,,,MISS Foye  3PT Jump Shot,13:26 PM
347,0,4,426,0020600645,Ridnour REBOUND (Off:0 Def:1),,6:42,4,4,0,0,2557,Luke Ridnour,SEA,Seattle,1610612760.0,SuperSonics,0,,,,,,0,,,,,,,,,13:26 PM
348,66,1,427,0020600645,Allen 4' Jump Bank Shot (33 PTS),,6:33,4,4,0,0,951,Ray Allen,SEA,Seattle,1610612760.0,SuperSonics,0,,,,,,0,,,,,,88 - 89,1,,13:26 PM
349,1,9,429,0020600645,,,6:24,4,3,0,0,1610612750,,,,,,0,,,,,,0,,,,,,,,Timberwolves Timeout: Regular (Reg.4 Short 0),13:26 PM
350,0,8,431,0020600645,,,6:24,4,5,5,0,2239,Trenton Hassell,MIN,Minnesota,1610612750.0,Timberwolves,708,Kevin Garnett,MIN,Minnesota,1610612750.0,Timberwolves,0,,,,,,,,SUB: Garnett FOR Hassell,13:28 PM
351,0,8,432,0020600645,,,6:24,4,5,5,0,2058,Mark Madsen,MIN,Minnesota,1610612750.0,Timberwolves,1729,Ricky Davis,MIN,Minnesota,1610612750.0,Timberwolves,0,,,,,,,,SUB: Davis FOR Madsen,13:28 PM
352,1,5,433,0020600645,,,6:08,4,5,0,0,2060,Marko Jaric,MIN,Minnesota,1610612750.0,Timberwolves,0,,,,,,0,,,,,,,,Jaric Bad Pass Turnover (P2.T14),13:29 PM
353,1,2,435,0020600645,MISS Allen 16' Jump Shot,,5:55,4,4,0,0,951,Ray Allen,SEA,Seattle,1610612760.0,SuperSonics,0,,,,,,0,,,,,,,,,13:29 PM
354,0,4,436,0020600645,,,5:53,4,5,0,0,1729,Ricky Davis,MIN,Minnesota,1610612750.0,Timberwolves,0,,,,,,0,,,,,,,,Davis REBOUND (Off:1 Def:5),13:29 PM
355,2,6,437,0020600645,Wilcox S.FOUL (P3.T4),,5:42,4,4,5,1,2404,Chris Wilcox,SEA,Seattle,1610612760.0,SuperSonics,708,Kevin Garnett,MIN,Minnesota,1610612750.0,Timberwolves,0,,,,,,,,,13:29 PM
356,11,3,438,0020600645,,,5:42,4,5,0,0,708,Kevin Garnett,MIN,Minnesota,1610612750.0,Timberwolves,0,,,,,,0,,,,,,89 - 89,TIE,Garnett Free Throw 1 of 2 (16 PTS),13:30 PM
357,12,3,439,0020600645,,,5:42,4,5,0,0,708,Kevin Garnett,MIN,Minnesota,1610612750.0,Timberwolves,0,,,,,,0,,,,,,90 - 89,-1,Garnett Free Throw 2 of 2 (17 PTS),13:30 PM
358,1,2,441,0020600645,MISS Allen 8' Jump Shot,,5:24,4,4,0,0,951,Ray Allen,SEA,Seattle,1610612760.0,SuperSonics,0,,,,,,0,,,,,,,,,13:30 PM
359,0,4,442,0020600645,,,5:23,4,3,0,0,1610612750,,,,,,0,,,,,,0,,,,,,,,Timberwolves Rebound,13:30 PM
360,3,6,443,0020600645,Collison L.B.FOUL (P3.PN),,5:23,4,4,5,1,2555,Nick Collison,SEA,Seattle,1610612760.0,SuperSonics,1729,Ricky Davis,MIN,Minnesota,1610612750.0,Timberwolves,0,,,,,,,,,13:30 PM
361,11,3,444,0020600645,,,5:23,4,5,0,0,1729,Ricky Davis,MIN,Minnesota,1610612750.0,Timberwolves,0,,,,,,0,,,,,,91 - 89,-2,Davis Free Throw 1 of 2 (12 PTS),13:31 PM
362,12,3,445,0020600645,,,5:23,4,5,0,0,1729,Ricky Davis,MIN,Minnesota,1610612750.0,Timberwolves,0,,,,,,0,,,,,,92 - 89,-3,Davis Free Throw 2 of 2 (13 PTS),13:32 PM
363,46,1,447,0020600645,Ridnour 9' Running Jump Shot (9 PTS),,5:02,4,4,0,0,2557,Luke Ridnour,SEA,Seattle,1610612760.0,SuperSonics,0,,,,,,0,,,,,,92 - 91,-1,,13:32 PM
364,2,6,448,0020600645,,,5:02,4,5,4,1,200783,Craig Smith,MIN,Minnesota,1610612750.0,Timberwolves,2557,Luke Ridnour,SEA,Seattle,1610612760.0,SuperSonics,0,,,,,,,,Smith S.FOUL (P1.T2),13:32 PM
365,10,3,450,0020600645,MISS Ridnour Free Throw 1 of 1,,5:02,4,4,0,0,2557,Luke Ridnour,SEA,Seattle,1610612760.0,SuperSonics,0,,,,,,0,,,,,,,,,13:33 PM
366,0,4,451,0020600645,,,4:51,4,5,0,0,708,Kevin Garnett,MIN,Minnesota,1610612750.0,Timberwolves,0,,,,,,0,,,,,,,,Garnett REBOUND (Off:1 Def:7),13:33 PM
367,1,2,452,0020600645,Collison BLOCK (2 BLK),,4:46,4,5,0,4,708,Kevin Garnett,MIN,Minnesota,1610612750.0,Timberwolves,0,,,,,,2555,Nick Collison,SEA,Seattle,1610612760.0,SuperSonics,,,MISS Garnett 6' Jump Shot,13:33 PM
368,0,4,453,0020600645,,,4:43,4,5,0,0,200751,Randy Foye,MIN,Minnesota,1610612750.0,Timberwolves,0,,,,,,0,,,,,,,,Foye REBOUND (Off:1 Def:1),13:33 PM
369,5,2,454,0020600645,,,4:40,4,5,0,0,200783,Craig Smith,MIN,Minnesota,1610612750.0,Timberwolves,0,,,,,,0,,,,,,,,MISS Smith  Layup,13:33 PM
370,0,4,455,0020600645,,,4:39,4,5,0,0,200783,Craig Smith,MIN,Minnesota,1610612750.0,Timberwolves,0,,,,,,0,,,,,,,,Smith REBOUND (Off:3 Def:2),13:33 PM
371,5,1,456,0020600645,,,4:37,4,5,0,0,200783,Craig Smith,MIN,Minnesota,1610612750.0,Timberwolves,0,,,,,,0,,,,,,94 - 91,-3,Smith  Layup (22 PTS),13:33 PM
372,1,2,458,0020600645,MISS Gelabale 20' Jump Shot,,4:15,4,4,0,0,101153,Mickael Gelabale,SEA,Seattle,1610612760.0,SuperSonics,0,,,,,,0,,,,,,,,,13:33 PM
373,0,4,459,0020600645,,,4:13,4,5,0,0,200783,Craig Smith,MIN,Minnesota,1610612750.0,Timberwolves,0,,,,,,0,,,,,,,,Smith REBOUND (Off:3 Def:3),13:33 PM
374,5,1,460,0020600645,,,3:57,4,5,5,0,2060,Marko Jaric,MIN,Minnesota,1610612750.0,Timberwolves,708,Kevin Garnett,MIN,Minnesota,1610612750.0,Timberwolves,0,,,,,,96 - 91,-5,Jaric  Layup (2 PTS) (Garnett 8 AST),13:34 PM
375,1,9,461,0020600645,SUPERSONICS Timeout: Regular (Full 4 Short 1),,3:57,4,2,0,0,1610612760,,,,,,0,,,,,,0,,,,,,,,,13:34 PM
376,1,2,463,0020600645,MISS Allen 12' Jump Shot,,3:41,4,4,0,0,951,Ray Allen,SEA,Seattle,1610612760.0,SuperSonics,0,,,,,,0,,,,,,,,,13:36 PM
377,0,4,464,0020600645,Wilcox REBOUND (Off:3 Def:7),,3:40,4,4,0,0,2404,Chris Wilcox,SEA,Seattle,1610612760.0,SuperSonics,0,,,,,,0,,,,,,,,,13:36 PM
378,1,6,465,0020600645,,,3:40,4,5,4,1,200783,Craig Smith,MIN,Minnesota,1610612750.0,Timberwolves,2404,Chris Wilcox,SEA,Seattle,1610612760.0,SuperSonics,0,,,,,,,,Smith P.FOUL (P2.T3),13:36 PM
379,1,2,467,0020600645,MISS Wilcox 3' Jump Shot,,3:24,4,4,0,0,2404,Chris Wilcox,SEA,Seattle,1610612760.0,SuperSonics,0,,,,,,0,,,,,,,,,13:37 PM
380,0,4,469,0020600645,Collison REBOUND (Off:5 Def:6),,3:21,4,4,0,0,2555,Nick Collison,SEA,Seattle,1610612760.0,SuperSonics,0,,,,,,0,,,,,,,,,13:37 PM
381,4,2,468,0020600645,MISS Collison  Tip Shot,,3:21,4,4,0,0,2555,Nick Collison,SEA,Seattle,1610612760.0,SuperSonics,0,,,,,,0,,,,,,,,,13:37 PM
382,0,4,470,0020600645,,,3:18,4,5,0,0,708,Kevin Garnett,MIN,Minnesota,1610612750.0,Timberwolves,0,,,,,,0,,,,,,,,Garnett REBOUND (Off:1 Def:8),13:37 PM
383,11,5,472,0020600645,,,2:59,4,3,0,1,1610612750,,,,,,0,,,,,,0,,,,,,,,Timberwolves Turnover: Shot Clock (T#15),13:38 PM
384,1,2,473,0020600645,MISS Allen 27' 3PT Jump Shot,,2:48,4,4,0,0,951,Ray Allen,SEA,Seattle,1610612760.0,SuperSonics,0,,,,,,0,,,,,,,,,13:38 PM
385,0,4,474,0020600645,Gelabale REBOUND (Off:2 Def:5),,2:46,4,4,0,0,101153,Mickael Gelabale,SEA,Seattle,1610612760.0,SuperSonics,0,,,,,,0,,,,,,,,,13:38 PM
386,2,9,475,0020600645,SUPERSONICS Timeout: Short (Full 4 Short 2),,2:36,4,2,0,0,1610612760,,,,,,0,,,,,,0,,,,,,,,,13:39 PM
387,46,2,476,0020600645,MISS Ridnour 6' Running Jump Shot,,2:25,4,4,0,0,2557,Luke Ridnour,SEA,Seattle,1610612760.0,SuperSonics,0,,,,,,0,,,,,,,,,13:40 PM
388,0,4,477,0020600645,Collison REBOUND (Off:6 Def:6),,2:23,4,4,0,0,2555,Nick Collison,SEA,Seattle,1610612760.0,SuperSonics,0,,,,,,0,,,,,,,,,13:40 PM
389,7,1,478,0020600645,Collison  Dunk (14 PTS),,2:21,4,4,0,0,2555,Nick Collison,SEA,Seattle,1610612760.0,SuperSonics,0,,,,,,0,,,,,,96 - 93,-3,,13:40 PM
390,1,2,479,0020600645,,,1:58,4,5,0,0,200751,Randy Foye,MIN,Minnesota,1610612750.0,Timberwolves,0,,,,,,0,,,,,,,,MISS Foye 18' Jump Shot,13:40 PM
391,0,4,480,0020600645,Ridnour REBOUND (Off:0 Def:2),,1:55,4,4,0,0,2557,Luke Ridnour,SEA,Seattle,1610612760.0,SuperSonics,0,,,,,,0,,,,,,,,,13:40 PM
392,8,1,481,0020600645,Gelabale  Slam Dunk (14 PTS) (Ridnour 3 AST),,1:54,4,4,4,0,101153,Mickael Gelabale,SEA,Seattle,1610612760.0,SuperSonics,2557,Luke Ridnour,SEA,Seattle,1610612760.0,SuperSonics,0,,,,,,96 - 95,-1,,13:40 PM
393,2,9,482,0020600645,,,1:53,4,3,0,0,1610612750,,,,,,0,,,,,,0,,,,,,,,Timberwolves Timeout: Short (Reg.4 Short 1),13:40 PM
394,0,8,484,0020600645,,,1:53,4,5,5,0,2060,Marko Jaric,MIN,Minnesota,1610612750.0,Timberwolves,2239,Trenton Hassell,MIN,Minnesota,1610612750.0,Timberwolves,0,,,,,,,,SUB: Hassell FOR Jaric,13:41 PM
395,47,2,486,0020600645,,,1:34,4,5,0,0,708,Kevin Garnett,MIN,Minnesota,1610612750.0,Timberwolves,0,,,,,,0,,,,,,,,MISS Garnett 4' Turnaround Jump Shot,13:42 PM
396,0,4,487,0020600645,,,1:33,4,5,0,0,200783,Craig Smith,MIN,Minnesota,1610612750.0,Timberwolves,0,,,,,,0,,,,,,,,Smith REBOUND (Off:4 Def:3),13:42 PM
397,5,1,488,0020600645,,,1:32,4,5,0,0,200783,Craig Smith,MIN,Minnesota,1610612750.0,Timberwolves,0,,,,,,0,,,,,,98 - 95,-3,Smith  Layup (24 PTS),13:42 PM
398,1,2,489,0020600645,MISS Ridnour  3PT Jump Shot,,1:15,4,4,0,0,2557,Luke Ridnour,SEA,Seattle,1610612760.0,SuperSonics,0,,,,,,0,,,,,,,,,13:42 PM
399,0,4,490,0020600645,,,1:12,4,5,0,0,708,Kevin Garnett,MIN,Minnesota,1610612750.0,Timberwolves,0,,,,,,0,,,,,,,,Garnett REBOUND (Off:1 Def:9),13:42 PM
400,49,1,491,0020600645,,,1:11,4,5,5,0,200783,Craig Smith,MIN,Minnesota,1610612750.0,Timberwolves,708,Kevin Garnett,MIN,Minnesota,1610612750.0,Timberwolves,0,,,,,,100 - 95,-5,Smith  Driving Dunk (26 PTS) (Garnett 9 AST),13:42 PM
401,1,9,492,0020600645,SUPERSONICS Timeout: Regular (Full 5 Short 2),,1:11,4,2,0,0,1610612760,,,,,,0,,,,,,0,,,,,,,,,13:42 PM
402,1,1,494,0020600645,Allen 24' 3PT Jump Shot (36 PTS) (Gelabale 3 AST),,1:01,4,4,4,0,951,Ray Allen,SEA,Seattle,1610612760.0,SuperSonics,101153,Mickael Gelabale,SEA,Seattle,1610612760.0,SuperSonics,0,,,,,,100 - 98,-2,,13:45 PM
403,2,5,496,0020600645,Ridnour STEAL (2 STL),,0:43,4,5,4,0,200751,Randy Foye,MIN,Minnesota,1610612750.0,Timberwolves,2557,Luke Ridnour,SEA,Seattle,1610612760.0,SuperSonics,0,,,,,,,,Foye Lost Ball Turnover (P4.T16),13:45 PM
404,1,6,497,0020600645,,,0:43,4,5,4,1,200751,Randy Foye,MIN,Minnesota,1610612750.0,Timberwolves,951,Ray Allen,SEA,Seattle,1610612760.0,SuperSonics,0,,,,,,,,Foye P.FOUL (P2.T4),13:45 PM
405,1,1,499,0020600645,Gelabale 16' Jump Shot (16 PTS) (Ridnour 4 AST),,0:29,4,4,4,0,101153,Mickael Gelabale,SEA,Seattle,1610612760.0,SuperSonics,2557,Luke Ridnour,SEA,Seattle,1610612760.0,SuperSonics,0,,,,,,100 - 100,TIE,,13:46 PM
406,1,9,500,0020600645,,,0:29,4,3,0,0,1610612750,,,,,,0,,,,,,0,,,,,,,,Timberwolves Timeout: Regular (Reg.5 Short 1),13:46 PM
407,1,2,502,0020600645,,,0:13,4,5,0,0,708,Kevin Garnett,MIN,Minnesota,1610612750.0,Timberwolves,0,,,,,,0,,,,,,,,MISS Garnett 5' Jump Shot,13:48 PM
408,0,4,503,0020600645,Gelabale REBOUND (Off:2 Def:6),,0:11,4,4,0,0,101153,Mickael Gelabale,SEA,Seattle,1610612760.0,SuperSonics,0,,,,,,0,,,,,,,,,13:48 PM
409,1,6,504,0020600645,,,0:11,4,5,4,1,200783,Craig Smith,MIN,Minnesota,1610612750.0,Timberwolves,101153,Mickael Gelabale,SEA,Seattle,1610612760.0,SuperSonics,0,,,,,,,,Smith P.FOUL (P3.PN),13:48 PM
410,11,3,505,0020600645,Gelabale Free Throw 1 of 2 (17 PTS),,0:11,4,4,0,0,101153,Mickael Gelabale,SEA,Seattle,1610612760.0,SuperSonics,0,,,,,,0,,,,,,100 - 101,1,,13:48 PM
411,12,3,506,0020600645,MISS Gelabale Free Throw 2 of 2,,0:11,4,4,0,0,101153,Mickael Gelabale,SEA,Seattle,1610612760.0,SuperSonics,0,,,,,,0,,,,,,,,,13:49 PM
412,0,4,507,0020600645,,,0:10,4,5,0,0,200783,Craig Smith,MIN,Minnesota,1610612750.0,Timberwolves,0,,,,,,0,,,,,,,,Smith REBOUND (Off:4 Def:4),13:49 PM
413,2,9,508,0020600645,,,0:10,4,3,0,0,1610612750,,,,,,0,,,,,,0,,,,,,,,Timberwolves Timeout: Short (Reg.5 Short 2),13:49 PM
414,0,8,510,0020600645,SUB: Watson FOR Ridnour,,0:10,4,4,4,0,2557,Luke Ridnour,SEA,Seattle,1610612760.0,SuperSonics,2248,Earl Watson,SEA,Seattle,1610612760.0,SuperSonics,0,,,,,,,,,13:50 PM
415,1,2,511,0020600645,,,0:00,4,5,0,0,2239,Trenton Hassell,MIN,Minnesota,1610612750.0,Timberwolves,0,,,,,,0,,,,,,,,MISS Hassell 18' Jump Shot,13:50 PM
416,0,4,512,0020600645,SUPERSONICS Rebound,,0:00,4,2,0,0,1610612760,,,,,,0,,,,,,0,,,,,,,,,13:50 PM
417,3,6,513,0020600645,,,0:00,4,5,4,1,708,Kevin Garnett,MIN,Minnesota,1610612750.0,Timberwolves,2248,Earl Watson,SEA,Seattle,1610612760.0,SuperSonics,0,,,,,,,,Garnett L.B.FOUL (P2.PN),13:50 PM
418,11,3,514,0020600645,MISS Watson Free Throw 1 of 2,,0:00,4,4,0,0,2248,Earl Watson,SEA,Seattle,1610612760.0,SuperSonics,0,,,,,,0,,,,,,,,,13:51 PM
419,1,4,515,0020600645,SUPERSONICS Rebound,,0:00,4,2,0,0,1610612760,,,,,,0,,,,,,0,,,,,,,,,13:51 PM
420,12,3,516,0020600645,Watson Free Throw 2 of 2 (5 PTS),,0:00,4,4,0,0,2248,Earl Watson,SEA,Seattle,1610612760.0,SuperSonics,0,,,,,,0,,,,,,100 - 102,2,,13:51 PM
421,0,13,517,0020600645,,,0:00,4,0,0,0,0,,,,,,0,,,,,,0,,,,,,100 - 102,2,,13:51 PM
