,EVENTMSGACTIONTYPE,EVENTMSGTYPE,EVENTNUM,GAME_ID,HOMEDESCRIPTION,NEUTRALDESCRIPTION,PCTIMESTRING,PERIOD,PERSON1TYPE,PERSON2TYPE,PERSON3TYPE,PLAYER1_ID,PLAYER1_NAME,PLAYER1_TEAM_ABBREVIATION,PLAYER1_TEAM_CITY,PLAYER1_TEAM_ID,PLAYER1_TEAM_NICKNAME,PLAYER2_ID,PLAYER2_NAME,PLAYER2_TEAM_ABBREVIATION,PLAYER2_TEAM_CITY,PLAYER2_TEAM_ID,PLAYER2_TEAM_NICKNAME,PLAYER3_ID,PLAYER3_NAME,PLAYER3_TEAM_ABBREVIATION,PLAYER3_TEAM_CITY,PLAYER3_TEAM_ID,PLAYER3_TEAM_NICKNAME,SCORE,SCOREMARGIN,VISITORDESCRIPTION,WCTIMESTRING
0,0,12,0,0020600397,,,12:00,1,0,0,0,0,,,,,,0,,,,,,0,,,,,,,,,8:10 PM
1,0,10,1,0020600397,Jump Ball Al. Johnson vs. Okur: Tip to Stoudamire,,12:00,1,4,5,4,200792,Alexander Johnson,MEM,Memphis,1610612763.0,Grizzlies,2246,Mehmet Okur,UTA,Utah,1610612762.0,Jazz,757,Damon Stoudamire,MEM,Memphis,1610612763.0,Grizzlies,,,,8:10 PM
2,1,2,2,0020600397,MISS Gasol 6' Jump Shot,,11:39,1,4,0,0,2200,Pau Gasol,MEM,Memphis,1610612763.0,Grizzlies,0,,,,,,0,,,,,,,,,8:10 PM
3,0,4,3,0020600397,,,11:38,1,5,0,0,1905,Andrei Kirilenko,UTA,Utah,1610612762.0,Jazz,0,,,,,,0,,,,,,,,Kirilenko REBOUND (Off:0 Def:1),8:10 PM
4,1,1,4,0020600397,,,11:21,1,5,5,0,2246,Mehmet Okur,UTA,Utah,1610612762.0,Jazz,1905,Andrei Kirilenko,UTA,Utah,1610612762.0,Jazz,0,,,,,,2 - 0,-2,Okur 21' Jump Shot (2 PTS) (Kirilenko 1 AST),8:11 PM
5,1,1,5,0020600397,Jones 22' Jump Shot (2 PTS),,10:59,1,4,0,0,2563,Dahntay Jones,MEM,Memphis,1610612763.0,Grizzlies,0,,,,,,0,,,,,,2 - 2,TIE,,8:11 PM
6,1,2,6,0020600397,,,10:36,1,5,0,0,2430,Carlos Boozer,UTA,Utah,1610612762.0,Jazz,0,,,,,,0,,,,,,,,MISS Boozer 16' Jump Shot,8:11 PM
7,0,4,7,0020600397,Al. Johnson REBOUND (Off:0 Def:1),,10:35,1,4,0,0,200792,Alexander Johnson,MEM,Memphis,1610612763.0,Grizzlies,0,,,,,,0,,,,,,,,,8:12 PM
8,1,1,8,0020600397,Stoudamire 15' Jump Shot (2 PTS),,10:21,1,4,0,0,757,Damon Stoudamire,MEM,Memphis,1610612763.0,Grizzlies,0,,,,,,0,,,,,,2 - 4,2,,8:12 PM
9,2,6,9,0020600397,Al. Johnson S.FOUL (P1.T1),,10:12,1,4,5,1,200792,Alexander Johnson,MEM,Memphis,1610612763.0,Grizzlies,2246,Mehmet Okur,UTA,Utah,1610612762.0,Jazz,0,,,,,,,,,8:12 PM
10,11,3,10,0020600397,,,10:12,1,5,0,0,2246,Mehmet Okur,UTA,Utah,1610612762.0,Jazz,0,,,,,,0,,,,,,,,MISS Okur Free Throw 1 of 2,8:12 PM
11,1,4,11,0020600397,,,10:12,1,3,0,0,1610612762,,,,,,0,,,,,,0,,,,,,,,Jazz Rebound,8:12 PM
12,12,3,12,0020600397,,,10:12,1,5,0,0,2246,Mehmet Okur,UTA,Utah,1610612762.0,Jazz,0,,,,,,0,,,,,,3 - 4,1,Okur Free Throw 2 of 2 (3 PTS),8:12 PM
13,1,6,13,0020600397,,,10:09,1,5,4,1,965,Derek Fisher,UTA,Utah,1610612762.0,Jazz,2563,Dahntay Jones,MEM,Memphis,1610612763.0,Grizzlies,0,,,,,,,,Fisher P.FOUL (P1.T1),8:13 PM
14,21,5,14,0020600397,Jones Palming Turnover (P1.T1),,9:58,1,4,0,1,2563,Dahntay Jones,MEM,Memphis,1610612763.0,Grizzlies,0,,,,,,0,,,,,,,,,8:13 PM
15,5,2,15,0020600397,,,9:45,1,5,0,0,2246,Mehmet Okur,UTA,Utah,1610612762.0,Jazz,0,,,,,,0,,,,,,,,MISS Okur  Layup,8:14 PM
16,0,4,16,0020600397,Miller REBOUND (Off:0 Def:1),,9:44,1,4,0,0,2034,Mike Miller,MEM,Memphis,1610612763.0,Grizzlies,0,,,,,,0,,,,,,,,,8:14 PM
17,1,1,17,0020600397,Miller 25' 3PT Jump Shot (3 PTS) (Stoudamire 1 AST),,9:26,1,4,4,0,2034,Mike Miller,MEM,Memphis,1610612763.0,Grizzlies,757,Damon Stoudamire,MEM,Memphis,1610612763.0,Grizzlies,0,,,,,,3 - 7,4,,8:14 PM
18,1,5,18,0020600397,Al. Johnson STEAL (1 STL),,9:15,1,5,4,0,101114,Deron Williams,UTA,Utah,1610612762.0,Jazz,200792,Alexander Johnson,MEM,Memphis,1610612763.0,Grizzlies,0,,,,,,,,D. Williams Bad Pass Turnover (P1.T1),8:14 PM
19,1,2,19,0020600397,MISS Miller 27' 3PT Jump Shot,,9:04,1,4,0,0,2034,Mike Miller,MEM,Memphis,1610612763.0,Grizzlies,0,,,,,,0,,,,,,,,,8:14 PM
20,0,4,20,0020600397,Miller REBOUND (Off:1 Def:1),,9:03,1,4,0,0,2034,Mike Miller,MEM,Memphis,1610612763.0,Grizzlies,0,,,,,,0,,,,,,,,,8:14 PM
21,44,1,21,0020600397,Gasol  Reverse Layup (2 PTS),,8:49,1,4,0,0,2200,Pau Gasol,MEM,Memphis,1610612763.0,Grizzlies,0,,,,,,0,,,,,,3 - 9,6,,8:14 PM
22,4,6,22,0020600397,,,8:33,1,5,4,1,2430,Carlos Boozer,UTA,Utah,1610612762.0,Jazz,2200,Pau Gasol,MEM,Memphis,1610612763.0,Grizzlies,0,,,,,,,,Boozer OFF.Foul (P1),8:15 PM
23,5,5,23,0020600397,,,8:33,1,5,0,1,2430,Carlos Boozer,UTA,Utah,1610612762.0,Jazz,0,,,,,,0,,,,,,,,Boozer Foul Turnover (P1.T2),8:15 PM
24,1,1,24,0020600397,Gasol 26' 3PT Jump Shot (5 PTS) (Miller 1 AST),,8:07,1,4,4,0,2200,Pau Gasol,MEM,Memphis,1610612763.0,Grizzlies,2034,Mike Miller,MEM,Memphis,1610612763.0,Grizzlies,0,,,,,,3 - 12,9,,8:15 PM
25,5,1,25,0020600397,,,7:44,1,5,5,0,2430,Carlos Boozer,UTA,Utah,1610612762.0,Jazz,101114,Deron Williams,UTA,Utah,1610612762.0,Jazz,0,,,,,,5 - 12,7,Boozer  Layup (2 PTS) (D. Williams 1 AST),8:16 PM
26,2,6,26,0020600397,,,7:24,1,5,4,1,2430,Carlos Boozer,UTA,Utah,1610612762.0,Jazz,200792,Alexander Johnson,MEM,Memphis,1610612763.0,Grizzlies,0,,,,,,,,Boozer S.FOUL (P2.T2),8:16 PM
27,11,6,27,0020600397,,,7:24,1,7,0,1,1345,,,,,,0,,,,,,0,,,,,,,,,8:17 PM
28,16,3,28,0020600397,Stoudamire Free Throw Technical (3 PTS),,7:24,1,4,0,0,757,Damon Stoudamire,MEM,Memphis,1610612763.0,Grizzlies,0,,,,,,0,,,,,,5 - 13,8,,8:17 PM
29,0,8,29,0020600397,,,7:24,1,5,5,0,2430,Carlos Boozer,UTA,Utah,1610612762.0,Jazz,200794,Paul Millsap,UTA,Utah,1610612762.0,Jazz,0,,,,,,,,SUB: Millsap FOR Boozer,8:17 PM
30,11,3,30,0020600397,Al. Johnson Free Throw 1 of 2 (1 PTS),,7:24,1,4,0,0,200792,Alexander Johnson,MEM,Memphis,1610612763.0,Grizzlies,0,,,,,,0,,,,,,5 - 14,9,,8:17 PM
31,12,3,31,0020600397,MISS Al. Johnson Free Throw 2 of 2,,7:24,1,4,0,0,200792,Alexander Johnson,MEM,Memphis,1610612763.0,Grizzlies,0,,,,,,0,,,,,,,,,8:17 PM
32,0,4,32,0020600397,,,7:23,1,5,0,0,200794,Paul Millsap,UTA,Utah,1610612762.0,Jazz,0,,,,,,0,,,,,,,,Millsap REBOUND (Off:0 Def:1),8:18 PM
33,2,5,33,0020600397,Jones STEAL (1 STL),,7:10,1,5,4,0,2246,Mehmet Okur,UTA,Utah,1610612762.0,Jazz,2563,Dahntay Jones,MEM,Memphis,1610612763.0,Grizzlies,0,,,,,,,,Okur Lost Ball Turnover (P1.T3),8:18 PM
34,42,1,34,0020600397,Stoudamire  Driving Layup (5 PTS),,6:53,1,4,0,0,757,Damon Stoudamire,MEM,Memphis,1610612763.0,Grizzlies,0,,,,,,0,,,,,,5 - 16,11,,8:18 PM
35,1,2,35,0020600397,,,6:30,1,5,0,0,101114,Deron Williams,UTA,Utah,1610612762.0,Jazz,0,,,,,,0,,,,,,,,MISS D. Williams 26' 3PT Jump Shot,8:19 PM
36,0,4,36,0020600397,,,6:29,1,5,0,0,1905,Andrei Kirilenko,UTA,Utah,1610612762.0,Jazz,0,,,,,,0,,,,,,,,Kirilenko REBOUND (Off:1 Def:1),8:19 PM
37,1,2,37,0020600397,,,6:21,1,5,0,0,965,Derek Fisher,UTA,Utah,1610612762.0,Jazz,0,,,,,,0,,,,,,,,MISS Fisher 17' Jump Shot,8:19 PM
38,0,4,38,0020600397,Al. Johnson REBOUND (Off:0 Def:2),,6:20,1,4,0,0,200792,Alexander Johnson,MEM,Memphis,1610612763.0,Grizzlies,0,,,,,,0,,,,,,,,,8:19 PM
39,5,1,39,0020600397,Al. Johnson  Layup (3 PTS) (Stoudamire 2 AST),,6:08,1,4,4,0,200792,Alexander Johnson,MEM,Memphis,1610612763.0,Grizzlies,757,Damon Stoudamire,MEM,Memphis,1610612763.0,Grizzlies,0,,,,,,5 - 18,13,,8:19 PM
40,2,6,40,0020600397,,,6:08,1,5,4,1,200794,Paul Millsap,UTA,Utah,1610612762.0,Jazz,200792,Alexander Johnson,MEM,Memphis,1610612763.0,Grizzlies,0,,,,,,,,Millsap S.FOUL (P1.T3),8:19 PM
41,0,8,41,0020600397,SUB: Warrick FOR Gasol,,6:08,1,4,4,0,2200,Pau Gasol,MEM,Memphis,1610612763.0,Grizzlies,101124,Hakim Warrick,MEM,Memphis,1610612763.0,Grizzlies,0,,,,,,,,,8:19 PM
42,10,3,42,0020600397,MISS Al. Johnson Free Throw 1 of 1,,6:08,1,4,0,0,200792,Alexander Johnson,MEM,Memphis,1610612763.0,Grizzlies,0,,,,,,0,,,,,,,,,8:19 PM
43,0,4,43,0020600397,,,6:07,1,5,0,0,200794,Paul Millsap,UTA,Utah,1610612762.0,Jazz,0,,,,,,0,,,,,,,,Millsap REBOUND (Off:0 Def:2),8:20 PM
44,42,1,44,0020600397,,,5:53,1,5,0,0,101114,Deron Williams,UTA,Utah,1610612762.0,Jazz,0,,,,,,0,,,,,,7 - 18,11,D. Williams  Driving Layup (2 PTS),8:20 PM
45,2,6,45,0020600397,Al. Johnson S.FOUL (P2.T2),,5:53,1,4,5,1,200792,Alexander Johnson,MEM,Memphis,1610612763.0,Grizzlies,101114,Deron Williams,UTA,Utah,1610612762.0,Jazz,0,,,,,,,,,8:20 PM
46,1,9,46,0020600397,GRIZZLIES Timeout: Regular (Full 1 Short 0),,5:53,1,2,0,0,1610612763,,,,,,0,,,,,,0,,,,,,,,,8:20 PM
47,0,8,48,0020600397,SUB: Gay FOR Al. Johnson,,5:53,1,4,4,0,200792,Alexander Johnson,MEM,Memphis,1610612763.0,Grizzlies,200752,Rudy Gay,MEM,Memphis,1610612763.0,Grizzlies,0,,,,,,,,,8:22 PM
48,10,3,49,0020600397,,,5:53,1,5,0,0,101114,Deron Williams,UTA,Utah,1610612762.0,Jazz,0,,,,,,0,,,,,,8 - 18,10,D. Williams Free Throw 1 of 1 (3 PTS),8:22 PM
49,1,2,50,0020600397,MISS Miller 26' 3PT Jump Shot,,5:35,1,4,0,0,2034,Mike Miller,MEM,Memphis,1610612763.0,Grizzlies,0,,,,,,0,,,,,,,,,8:23 PM
50,0,4,51,0020600397,,,5:34,1,5,0,0,101114,Deron Williams,UTA,Utah,1610612762.0,Jazz,0,,,,,,0,,,,,,,,D. Williams REBOUND (Off:0 Def:1),8:23 PM
51,7,1,52,0020600397,,,5:16,1,5,5,0,200794,Paul Millsap,UTA,Utah,1610612762.0,Jazz,101114,Deron Williams,UTA,Utah,1610612762.0,Jazz,0,,,,,,10 - 18,8,Millsap  Dunk (2 PTS) (D. Williams 2 AST),8:23 PM
52,2,6,53,0020600397,,,4:57,1,5,4,1,965,Derek Fisher,UTA,Utah,1610612762.0,Jazz,200752,Rudy Gay,MEM,Memphis,1610612763.0,Grizzlies,0,,,,,,,,Fisher S.FOUL (P2.T4),8:23 PM
53,11,3,54,0020600397,Gay Free Throw 1 of 2 (1 PTS),,4:57,1,4,0,0,200752,Rudy Gay,MEM,Memphis,1610612763.0,Grizzlies,0,,,,,,0,,,,,,10 - 19,9,,8:24 PM
54,0,8,55,0020600397,,,4:57,1,5,5,0,965,Derek Fisher,UTA,Utah,1610612762.0,Jazz,200758,Ronnie Brewer,UTA,Utah,1610612762.0,Jazz,0,,,,,,,,SUB: Brewer FOR Fisher,8:24 PM
55,12,3,56,0020600397,Gay Free Throw 2 of 2 (2 PTS),,4:57,1,4,0,0,200752,Rudy Gay,MEM,Memphis,1610612763.0,Grizzlies,0,,,,,,0,,,,,,10 - 20,10,,8:24 PM
56,5,2,57,0020600397,Gay BLOCK (1 BLK),,4:42,1,5,0,4,200758,Ronnie Brewer,UTA,Utah,1610612762.0,Jazz,0,,,,,,200752,Rudy Gay,MEM,Memphis,1610612763.0,Grizzlies,,,MISS Brewer  Layup,8:24 PM
57,0,4,58,0020600397,,,4:41,1,3,0,0,1610612762,,,,,,0,,,,,,0,,,,,,,,Jazz Rebound,8:25 PM
58,3,6,59,0020600397,Jones L.B.FOUL (P1.T3),,4:41,1,4,5,1,2563,Dahntay Jones,MEM,Memphis,1610612763.0,Grizzlies,200794,Paul Millsap,UTA,Utah,1610612762.0,Jazz,0,,,,,,,,,8:25 PM
59,0,8,60,0020600397,SUB: Atkins FOR Stoudamire,,4:41,1,4,4,0,757,Damon Stoudamire,MEM,Memphis,1610612763.0,Grizzlies,1088,Chucky Atkins,MEM,Memphis,1610612763.0,Grizzlies,0,,,,,,,,,8:25 PM
60,1,2,61,0020600397,,,4:28,1,5,0,0,1905,Andrei Kirilenko,UTA,Utah,1610612762.0,Jazz,0,,,,,,0,,,,,,,,MISS Kirilenko 25' 3PT Jump Shot,8:25 PM
61,0,4,62,0020600397,GRIZZLIES Rebound,,4:27,1,2,0,0,1610612763,,,,,,0,,,,,,0,,,,,,,,,8:25 PM
62,42,2,63,0020600397,MISS Warrick  Driving Layup,,4:15,1,4,0,0,101124,Hakim Warrick,MEM,Memphis,1610612763.0,Grizzlies,0,,,,,,0,,,,,,,,,8:26 PM
63,0,4,64,0020600397,,,4:13,1,5,0,0,2246,Mehmet Okur,UTA,Utah,1610612762.0,Jazz,0,,,,,,0,,,,,,,,Okur REBOUND (Off:0 Def:1),8:26 PM
64,1,1,65,0020600397,,,4:00,1,5,0,0,2246,Mehmet Okur,UTA,Utah,1610612762.0,Jazz,0,,,,,,0,,,,,,12 - 20,8,Okur 20' Jump Shot (5 PTS),8:26 PM
65,2,6,66,0020600397,,,3:46,1,5,4,1,200794,Paul Millsap,UTA,Utah,1610612762.0,Jazz,200752,Rudy Gay,MEM,Memphis,1610612763.0,Grizzlies,0,,,,,,,,Millsap S.FOUL (P2.PN),8:26 PM
66,0,8,67,0020600397,,,3:46,1,5,5,0,200794,Paul Millsap,UTA,Utah,1610612762.0,Jazz,1723,Matt Harpring,UTA,Utah,1610612762.0,Jazz,0,,,,,,,,SUB: Harpring FOR Millsap,8:26 PM
67,0,8,68,0020600397,SUB: Jones FOR Jones,,3:46,1,4,4,0,2563,Dahntay Jones,MEM,Memphis,1610612763.0,Grizzlies,224,Eddie Jones,MEM,Memphis,1610612763.0,Grizzlies,0,,,,,,,,,8:26 PM
68,11,3,69,0020600397,Gay Free Throw 1 of 2 (3 PTS),,3:46,1,4,0,0,200752,Rudy Gay,MEM,Memphis,1610612763.0,Grizzlies,0,,,,,,0,,,,,,12 - 21,9,,8:26 PM
69,12,3,70,0020600397,Gay Free Throw 2 of 2 (4 PTS),,3:46,1,4,0,0,200752,Rudy Gay,MEM,Memphis,1610612763.0,Grizzlies,0,,,,,,0,,,,,,12 - 22,10,,8:27 PM
70,1,2,71,0020600397,,,3:32,1,5,0,0,1723,Matt Harpring,UTA,Utah,1610612762.0,Jazz,0,,,,,,0,,,,,,,,MISS Harpring 18' Jump Shot,8:27 PM
71,0,4,72,0020600397,Jones REBOUND (Off:0 Def:1),,3:32,1,4,0,0,224,Eddie Jones,MEM,Memphis,1610612763.0,Grizzlies,0,,,,,,0,,,,,,,,,8:27 PM
72,4,6,73,0020600397,Jones OFF.Foul (P1),,3:21,1,4,5,1,224,Eddie Jones,MEM,Memphis,1610612763.0,Grizzlies,1905,Andrei Kirilenko,UTA,Utah,1610612762.0,Jazz,0,,,,,,,,,8:27 PM
73,5,5,74,0020600397,Jones Foul Turnover (P1.T2),,3:21,1,4,0,1,224,Eddie Jones,MEM,Memphis,1610612763.0,Grizzlies,0,,,,,,0,,,,,,,,,8:27 PM
74,47,2,75,0020600397,,,3:03,1,5,0,0,2246,Mehmet Okur,UTA,Utah,1610612762.0,Jazz,0,,,,,,0,,,,,,,,MISS Okur 10' Turnaround Jump Shot,8:28 PM
75,0,4,76,0020600397,Warrick REBOUND (Off:0 Def:1),,3:01,1,4,0,0,101124,Hakim Warrick,MEM,Memphis,1610612763.0,Grizzlies,0,,,,,,0,,,,,,,,,8:28 PM
76,1,2,77,0020600397,MISS Jones 26' 3PT Jump Shot,,2:54,1,4,0,0,224,Eddie Jones,MEM,Memphis,1610612763.0,Grizzlies,0,,,,,,0,,,,,,,,,8:28 PM
77,0,4,78,0020600397,,,2:53,1,5,0,0,2246,Mehmet Okur,UTA,Utah,1610612762.0,Jazz,0,,,,,,0,,,,,,,,Okur REBOUND (Off:0 Def:2),8:28 PM
78,1,6,79,0020600397,Jones P.FOUL (P2.T4),,2:45,1,4,5,1,224,Eddie Jones,MEM,Memphis,1610612763.0,Grizzlies,1905,Andrei Kirilenko,UTA,Utah,1610612762.0,Jazz,0,,,,,,,,,8:28 PM
79,1,9,80,0020600397,,,2:45,1,3,0,0,1610612762,,,,,,0,,,,,,0,,,,,,,,Jazz Timeout: Regular (Reg.1 Short 0),8:28 PM
80,2,6,83,0020600397,Warrick S.FOUL (P1.PN),,2:37,1,4,5,1,101124,Hakim Warrick,MEM,Memphis,1610612763.0,Grizzlies,2246,Mehmet Okur,UTA,Utah,1610612762.0,Jazz,0,,,,,,,,,8:31 PM
81,11,3,84,0020600397,,,2:37,1,5,0,0,2246,Mehmet Okur,UTA,Utah,1610612762.0,Jazz,0,,,,,,0,,,,,,13 - 22,9,Okur Free Throw 1 of 2 (6 PTS),8:31 PM
82,12,3,85,0020600397,,,2:37,1,5,0,0,2246,Mehmet Okur,UTA,Utah,1610612762.0,Jazz,0,,,,,,0,,,,,,14 - 22,8,Okur Free Throw 2 of 2 (7 PTS),8:31 PM
83,4,6,86,0020600397,Warrick OFF.Foul (P2),,2:28,1,4,5,1,101124,Hakim Warrick,MEM,Memphis,1610612763.0,Grizzlies,2246,Mehmet Okur,UTA,Utah,1610612762.0,Jazz,0,,,,,,,,,8:32 PM
84,5,5,87,0020600397,Warrick Foul Turnover (P1.T3),,2:28,1,4,0,1,101124,Hakim Warrick,MEM,Memphis,1610612763.0,Grizzlies,0,,,,,,0,,,,,,,,,8:32 PM
85,8,1,88,0020600397,,,2:17,1,5,5,0,200758,Ronnie Brewer,UTA,Utah,1610612762.0,Jazz,101114,Deron Williams,UTA,Utah,1610612762.0,Jazz,0,,,,,,16 - 22,6,Brewer  Slam Dunk (2 PTS) (D. Williams 3 AST),8:32 PM
86,2,9,89,0020600397,GRIZZLIES Timeout: Short (Full 1 Short 1),,2:09,1,2,0,0,1610612763,,,,,,0,,,,,,0,,,,,,,,,8:32 PM
87,0,8,92,0020600397,SUB: Cardinal FOR Warrick,,2:09,1,4,4,0,101124,Hakim Warrick,MEM,Memphis,1610612763.0,Grizzlies,2073,Brian Cardinal,MEM,Memphis,1610612763.0,Grizzlies,0,,,,,,,,,8:33 PM
88,1,1,93,0020600397,Cardinal 20' Jump Shot (2 PTS),,1:51,1,4,0,0,2073,Brian Cardinal,MEM,Memphis,1610612763.0,Grizzlies,0,,,,,,0,,,,,,16 - 24,8,,8:34 PM
89,1,2,94,0020600397,,,1:38,1,5,0,0,2246,Mehmet Okur,UTA,Utah,1610612762.0,Jazz,0,,,,,,0,,,,,,,,MISS Okur 26' 3PT Jump Shot,8:34 PM
90,0,4,95,0020600397,GRIZZLIES Rebound,,1:37,1,2,0,0,1610612763,,,,,,0,,,,,,0,,,,,,,,,8:34 PM
91,4,6,96,0020600397,Gay OFF.Foul (P1),,1:27,1,4,5,1,200752,Rudy Gay,MEM,Memphis,1610612763.0,Grizzlies,1905,Andrei Kirilenko,UTA,Utah,1610612762.0,Jazz,0,,,,,,,,,8:34 PM
92,5,5,97,0020600397,Gay Foul Turnover (P1.T4),,1:27,1,4,0,1,200752,Rudy Gay,MEM,Memphis,1610612763.0,Grizzlies,0,,,,,,0,,,,,,,,,8:34 PM
93,44,1,98,0020600397,,,1:11,1,5,5,0,1723,Matt Harpring,UTA,Utah,1610612762.0,Jazz,1905,Andrei Kirilenko,UTA,Utah,1610612762.0,Jazz,0,,,,,,18 - 24,6,Harpring  Reverse Layup (2 PTS) (Kirilenko 2 AST),8:35 PM
94,1,2,99,0020600397,MISS Gay 7' Jump Shot,,0:53,1,4,0,0,200752,Rudy Gay,MEM,Memphis,1610612763.0,Grizzlies,0,,,,,,0,,,,,,,,,8:35 PM
95,0,4,100,0020600397,GRIZZLIES Rebound,,0:53,1,2,0,0,1610612763,,,,,,0,,,,,,0,,,,,,,,,8:35 PM
96,1,2,101,0020600397,MISS Jones 20' Jump Shot,,0:50,1,4,0,0,224,Eddie Jones,MEM,Memphis,1610612763.0,Grizzlies,0,,,,,,0,,,,,,,,,8:36 PM
97,0,4,102,0020600397,,,0:50,1,5,0,0,1905,Andrei Kirilenko,UTA,Utah,1610612762.0,Jazz,0,,,,,,0,,,,,,,,Kirilenko REBOUND (Off:1 Def:2),8:36 PM
98,1,2,103,0020600397,,,0:34,1,5,0,0,2246,Mehmet Okur,UTA,Utah,1610612762.0,Jazz,0,,,,,,0,,,,,,,,MISS Okur 26' 3PT Jump Shot,8:36 PM
99,0,4,104,0020600397,Cardinal REBOUND (Off:0 Def:1),,0:33,1,4,0,0,2073,Brian Cardinal,MEM,Memphis,1610612763.0,Grizzlies,0,,,,,,0,,,,,,,,,8:36 PM
100,3,6,105,0020600397,,,0:33,1,5,4,1,1723,Matt Harpring,UTA,Utah,1610612762.0,Jazz,2073,Brian Cardinal,MEM,Memphis,1610612763.0,Grizzlies,0,,,,,,,,Harpring L.B.FOUL (P1.PN),8:36 PM
101,11,3,106,0020600397,Cardinal Free Throw 1 of 2 (3 PTS),,0:33,1,4,0,0,2073,Brian Cardinal,MEM,Memphis,1610612763.0,Grizzlies,0,,,,,,0,,,,,,18 - 25,7,,8:37 PM
102,0,8,108,0020600397,,,0:33,1,5,5,0,2246,Mehmet Okur,UTA,Utah,1610612762.0,Jazz,2260,Jarron Collins,UTA,Utah,1610612762.0,Jazz,0,,,,,,,,SUB: Collins FOR Okur,8:37 PM
103,12,3,109,0020600397,Cardinal Free Throw 2 of 2 (4 PTS),,0:33,1,4,0,0,2073,Brian Cardinal,MEM,Memphis,1610612763.0,Grizzlies,0,,,,,,0,,,,,,18 - 26,8,,8:37 PM
104,1,6,110,0020600397,Miller P.FOUL (P1.PN),,0:12,1,4,5,1,2034,Mike Miller,MEM,Memphis,1610612763.0,Grizzlies,1905,Andrei Kirilenko,UTA,Utah,1610612762.0,Jazz,0,,,,,,,,,8:38 PM
105,11,3,111,0020600397,,,0:12,1,5,0,0,1905,Andrei Kirilenko,UTA,Utah,1610612762.0,Jazz,0,,,,,,0,,,,,,19 - 26,7,Kirilenko Free Throw 1 of 2 (1 PTS),8:38 PM
106,12,3,112,0020600397,,,0:12,1,5,0,0,1905,Andrei Kirilenko,UTA,Utah,1610612762.0,Jazz,0,,,,,,0,,,,,,20 - 26,6,Kirilenko Free Throw 2 of 2 (2 PTS),8:38 PM
107,1,2,113,0020600397,MISS Cardinal 27' 3PT Jump Shot,,0:01,1,4,0,0,2073,Brian Cardinal,MEM,Memphis,1610612763.0,Grizzlies,0,,,,,,0,,,,,,,,,8:39 PM
108,0,4,114,0020600397,Miller REBOUND (Off:2 Def:1),,0:01,1,4,0,0,2034,Mike Miller,MEM,Memphis,1610612763.0,Grizzlies,0,,,,,,0,,,,,,,,,8:39 PM
109,1,1,115,0020600397,Miller 5' Jump Shot (5 PTS),,0:00,1,4,0,0,2034,Mike Miller,MEM,Memphis,1610612763.0,Grizzlies,0,,,,,,0,,,,,,20 - 28,8,,8:39 PM
110,0,18,116,0020600397,,,0:00,1,0,0,1,0,,,,,,0,,,,,,0,,,,,,20 - 28,8,,8:39 PM
111,0,13,118,0020600397,,,0:00,1,0,0,0,0,,,,,,0,,,,,,0,,,,,,20 - 28,8,,8:39 PM
112,0,12,120,0020600397,,,12:00,2,0,0,0,0,,,,,,0,,,,,,0,,,,,,20 - 28,8,,8:42 PM
113,5,2,121,0020600397,,,11:47,2,5,0,0,1723,Matt Harpring,UTA,Utah,1610612762.0,Jazz,0,,,,,,0,,,,,,,,MISS Harpring  Layup,8:42 PM
114,0,4,122,0020600397,Cardinal REBOUND (Off:0 Def:2),,11:46,2,4,0,0,2073,Brian Cardinal,MEM,Memphis,1610612763.0,Grizzlies,0,,,,,,0,,,,,,,,,8:42 PM
115,1,5,123,0020600397,Jones Bad Pass Turnover (P2.T5),,11:33,2,4,5,0,224,Eddie Jones,MEM,Memphis,1610612763.0,Grizzlies,200758,Ronnie Brewer,UTA,Utah,1610612762.0,Jazz,0,,,,,,,,Brewer STEAL (1 STL),8:42 PM
116,1,6,124,0020600397,Jones P.FOUL (P3.T1),,11:32,2,4,5,1,224,Eddie Jones,MEM,Memphis,1610612763.0,Grizzlies,200758,Ronnie Brewer,UTA,Utah,1610612762.0,Jazz,0,,,,,,,,,8:42 PM
117,1,1,125,0020600397,,,11:21,2,5,5,0,1723,Matt Harpring,UTA,Utah,1610612762.0,Jazz,965,Derek Fisher,UTA,Utah,1610612762.0,Jazz,0,,,,,,22 - 28,6,Harpring 17' Jump Shot (4 PTS) (Fisher 1 AST),8:43 PM
118,1,2,126,0020600397,MISS Atkins 22' Jump Shot,,11:06,2,4,0,0,1088,Chucky Atkins,MEM,Memphis,1610612763.0,Grizzlies,0,,,,,,0,,,,,,,,,8:43 PM
119,0,4,127,0020600397,,,11:05,2,5,0,0,1723,Matt Harpring,UTA,Utah,1610612762.0,Jazz,0,,,,,,0,,,,,,,,Harpring REBOUND (Off:0 Def:1),8:43 PM
120,2,5,128,0020600397,Cardinal STEAL (1 STL),,10:53,2,5,4,0,2430,Carlos Boozer,UTA,Utah,1610612762.0,Jazz,2073,Brian Cardinal,MEM,Memphis,1610612763.0,Grizzlies,0,,,,,,,,Boozer Lost Ball Turnover (P2.T4),8:43 PM
121,5,1,129,0020600397,Gay  Layup (6 PTS) (Atkins 1 AST),,10:48,2,4,4,0,200752,Rudy Gay,MEM,Memphis,1610612763.0,Grizzlies,1088,Chucky Atkins,MEM,Memphis,1610612763.0,Grizzlies,0,,,,,,22 - 30,8,,8:43 PM
122,47,1,130,0020600397,,,10:29,2,5,5,0,200758,Ronnie Brewer,UTA,Utah,1610612762.0,Jazz,1723,Matt Harpring,UTA,Utah,1610612762.0,Jazz,0,,,,,,24 - 30,6,Brewer 7' Turnaround Jump Shot (4 PTS) (Harpring 1 AST),8:44 PM
123,7,2,131,0020600397,MISS Gay  Dunk,,10:08,2,4,0,0,200752,Rudy Gay,MEM,Memphis,1610612763.0,Grizzlies,0,,,,,,0,,,,,,,,,8:44 PM
124,0,4,132,0020600397,,,10:06,2,5,0,0,2430,Carlos Boozer,UTA,Utah,1610612762.0,Jazz,0,,,,,,0,,,,,,,,Boozer REBOUND (Off:0 Def:1),8:44 PM
125,40,5,133,0020600397,,,10:05,2,5,0,0,2430,Carlos Boozer,UTA,Utah,1610612762.0,Jazz,0,,,,,,0,,,,,,,,Boozer Out of Bounds Lost Ball Turnover (P3.T5),8:44 PM
126,0,8,134,0020600397,SUB: Miller FOR Jones,,10:05,2,4,4,0,224,Eddie Jones,MEM,Memphis,1610612763.0,Grizzlies,2034,Mike Miller,MEM,Memphis,1610612763.0,Grizzlies,0,,,,,,,,,8:44 PM
127,0,8,135,0020600397,SUB: Stoudamire FOR Atkins,,10:05,2,4,4,0,1088,Chucky Atkins,MEM,Memphis,1610612763.0,Grizzlies,757,Damon Stoudamire,MEM,Memphis,1610612763.0,Grizzlies,0,,,,,,,,,8:44 PM
128,4,6,136,0020600397,Gay OFF.Foul (P2),,9:53,2,4,5,1,200752,Rudy Gay,MEM,Memphis,1610612763.0,Grizzlies,2260,Jarron Collins,UTA,Utah,1610612762.0,Jazz,0,,,,,,,,,8:45 PM
129,5,5,137,0020600397,Gay Foul Turnover (P2.T6),,9:53,2,4,0,1,200752,Rudy Gay,MEM,Memphis,1610612763.0,Grizzlies,0,,,,,,0,,,,,,,,,8:45 PM
130,0,8,138,0020600397,SUB: Gasol FOR Gay,,9:53,2,4,4,0,200752,Rudy Gay,MEM,Memphis,1610612763.0,Grizzlies,2200,Pau Gasol,MEM,Memphis,1610612763.0,Grizzlies,0,,,,,,,,,8:45 PM
131,1,1,139,0020600397,,,9:38,2,5,5,0,2430,Carlos Boozer,UTA,Utah,1610612762.0,Jazz,965,Derek Fisher,UTA,Utah,1610612762.0,Jazz,0,,,,,,26 - 30,4,Boozer 13' Jump Shot (4 PTS) (Fisher 2 AST),8:45 PM
132,1,2,140,0020600397,MISS Cardinal 25' 3PT Jump Shot,,9:24,2,4,0,0,2073,Brian Cardinal,MEM,Memphis,1610612763.0,Grizzlies,0,,,,,,0,,,,,,,,,8:46 PM
133,0,4,141,0020600397,,,9:22,2,5,0,0,965,Derek Fisher,UTA,Utah,1610612762.0,Jazz,0,,,,,,0,,,,,,,,Fisher REBOUND (Off:0 Def:1),8:46 PM
134,2,6,142,0020600397,Cardinal S.FOUL (P1.T2),,9:13,2,4,5,1,2073,Brian Cardinal,MEM,Memphis,1610612763.0,Grizzlies,2430,Carlos Boozer,UTA,Utah,1610612762.0,Jazz,0,,,,,,,,,8:46 PM
135,11,3,143,0020600397,,,9:13,2,5,0,0,2430,Carlos Boozer,UTA,Utah,1610612762.0,Jazz,0,,,,,,0,,,,,,27 - 30,3,Boozer Free Throw 1 of 2 (5 PTS),8:46 PM
136,0,8,144,0020600397,SUB: Al. Johnson FOR Cardinal,,9:13,2,4,4,0,2073,Brian Cardinal,MEM,Memphis,1610612763.0,Grizzlies,200792,Alexander Johnson,MEM,Memphis,1610612763.0,Grizzlies,0,,,,,,,,,8:46 PM
137,12,3,145,0020600397,,,9:13,2,5,0,0,2430,Carlos Boozer,UTA,Utah,1610612762.0,Jazz,0,,,,,,0,,,,,,28 - 30,2,Boozer Free Throw 2 of 2 (6 PTS),8:46 PM
138,1,5,146,0020600397,Gasol Bad Pass Turnover (P1.T7),,8:57,2,4,5,0,2200,Pau Gasol,MEM,Memphis,1610612763.0,Grizzlies,200758,Ronnie Brewer,UTA,Utah,1610612762.0,Jazz,0,,,,,,,,Brewer STEAL (2 STL),8:47 PM
139,5,1,147,0020600397,,,8:34,2,5,5,0,200758,Ronnie Brewer,UTA,Utah,1610612762.0,Jazz,2430,Carlos Boozer,UTA,Utah,1610612762.0,Jazz,0,,,,,,30 - 30,TIE,Brewer  Layup (6 PTS) (Boozer 1 AST),8:47 PM
140,1,2,148,0020600397,MISS Stoudamire 25' 3PT Jump Shot,,8:13,2,4,0,0,757,Damon Stoudamire,MEM,Memphis,1610612763.0,Grizzlies,0,,,,,,0,,,,,,,,,8:48 PM
141,0,4,149,0020600397,,,8:12,2,5,0,0,2430,Carlos Boozer,UTA,Utah,1610612762.0,Jazz,0,,,,,,0,,,,,,,,Boozer REBOUND (Off:0 Def:2),8:48 PM
142,1,2,150,0020600397,,,8:01,2,5,0,0,2430,Carlos Boozer,UTA,Utah,1610612762.0,Jazz,0,,,,,,0,,,,,,,,MISS Boozer 7' Jump Shot,8:48 PM
143,0,4,151,0020600397,Miller REBOUND (Off:2 Def:2),,8:00,2,4,0,0,2034,Mike Miller,MEM,Memphis,1610612763.0,Grizzlies,0,,,,,,0,,,,,,,,,8:48 PM
144,1,2,152,0020600397,MISS Miller 28' 3PT Jump Shot,,7:53,2,4,0,0,2034,Mike Miller,MEM,Memphis,1610612763.0,Grizzlies,0,,,,,,0,,,,,,,,,8:48 PM
145,0,4,153,0020600397,Al. Johnson REBOUND (Off:1 Def:2),,7:53,2,4,0,0,200792,Alexander Johnson,MEM,Memphis,1610612763.0,Grizzlies,0,,,,,,0,,,,,,,,,8:48 PM
146,1,1,154,0020600397,Miller 26' 3PT Jump Shot (8 PTS) (Stoudamire 3 AST),,7:47,2,4,4,0,2034,Mike Miller,MEM,Memphis,1610612763.0,Grizzlies,757,Damon Stoudamire,MEM,Memphis,1610612763.0,Grizzlies,0,,,,,,30 - 33,3,,8:48 PM
147,1,2,155,0020600397,,,7:29,2,5,0,0,1723,Matt Harpring,UTA,Utah,1610612762.0,Jazz,0,,,,,,0,,,,,,,,MISS Harpring 19' Jump Shot,8:48 PM
148,0,4,156,0020600397,Gasol REBOUND (Off:0 Def:1),,7:28,2,4,0,0,2200,Pau Gasol,MEM,Memphis,1610612763.0,Grizzlies,0,,,,,,0,,,,,,,,,8:48 PM
149,21,5,157,0020600397,Miller Palming Turnover (P1.T8),,7:22,2,4,0,1,2034,Mike Miller,MEM,Memphis,1610612763.0,Grizzlies,0,,,,,,0,,,,,,,,,8:48 PM
150,4,9,158,0020600397,,,7:22,2,1,0,0,0,,,,,,0,,,,,,0,,,,,,,,,8:49 PM
151,2,6,162,0020600397,Gasol S.FOUL (P1.T3),,7:09,2,4,5,1,2200,Pau Gasol,MEM,Memphis,1610612763.0,Grizzlies,2430,Carlos Boozer,UTA,Utah,1610612762.0,Jazz,0,,,,,,,,,8:51 PM
152,11,3,163,0020600397,,,7:09,2,5,0,0,2430,Carlos Boozer,UTA,Utah,1610612762.0,Jazz,0,,,,,,0,,,,,,,,MISS Boozer Free Throw 1 of 2,8:51 PM
153,1,4,164,0020600397,,,7:09,2,3,0,0,1610612762,,,,,,0,,,,,,0,,,,,,,,Jazz Rebound,8:51 PM
154,12,3,165,0020600397,,,7:09,2,5,0,0,2430,Carlos Boozer,UTA,Utah,1610612762.0,Jazz,0,,,,,,0,,,,,,31 - 33,2,Boozer Free Throw 2 of 2 (7 PTS),8:51 PM
155,1,2,166,0020600397,MISS Miller 25' 3PT Jump Shot,,6:50,2,4,0,0,2034,Mike Miller,MEM,Memphis,1610612763.0,Grizzlies,0,,,,,,0,,,,,,,,,8:52 PM
156,0,4,167,0020600397,,,6:49,2,3,0,0,1610612762,,,,,,0,,,,,,0,,,,,,,,Jazz Rebound,8:52 PM
157,1,6,168,0020600397,Al. Johnson P.FOUL (P3.T4),,6:32,2,4,5,1,200792,Alexander Johnson,MEM,Memphis,1610612763.0,Grizzlies,965,Derek Fisher,UTA,Utah,1610612762.0,Jazz,0,,,,,,,,,8:53 PM
158,0,8,169,0020600397,SUB: Warrick FOR Al. Johnson,,6:32,2,4,4,0,200792,Alexander Johnson,MEM,Memphis,1610612763.0,Grizzlies,101124,Hakim Warrick,MEM,Memphis,1610612763.0,Grizzlies,0,,,,,,,,,8:53 PM
159,47,2,170,0020600397,,,6:24,2,5,0,0,1723,Matt Harpring,UTA,Utah,1610612762.0,Jazz,0,,,,,,0,,,,,,,,MISS Harpring 9' Turnaround Jump Shot,8:53 PM
160,0,4,171,0020600397,,,6:23,2,5,0,0,2260,Jarron Collins,UTA,Utah,1610612762.0,Jazz,0,,,,,,0,,,,,,,,Collins REBOUND (Off:1 Def:0),8:53 PM
161,5,2,172,0020600397,Warrick BLOCK (1 BLK),,6:21,2,5,0,4,2260,Jarron Collins,UTA,Utah,1610612762.0,Jazz,0,,,,,,101124,Hakim Warrick,MEM,Memphis,1610612763.0,Grizzlies,,,MISS Collins  Layup,8:53 PM
162,0,4,173,0020600397,Stoudamire REBOUND (Off:0 Def:1),,6:20,2,4,0,0,757,Damon Stoudamire,MEM,Memphis,1610612763.0,Grizzlies,0,,,,,,0,,,,,,,,,8:53 PM
163,42,2,174,0020600397,MISS Jones  Driving Layup,,6:07,2,4,0,0,2563,Dahntay Jones,MEM,Memphis,1610612763.0,Grizzlies,0,,,,,,0,,,,,,,,,8:53 PM
164,0,4,175,0020600397,,,6:05,2,5,0,0,2260,Jarron Collins,UTA,Utah,1610612762.0,Jazz,0,,,,,,0,,,,,,,,Collins REBOUND (Off:1 Def:1),8:53 PM
165,63,2,176,0020600397,,,5:52,2,5,0,0,2430,Carlos Boozer,UTA,Utah,1610612762.0,Jazz,0,,,,,,0,,,,,,,,MISS Boozer 12' Fadeaway Jumper,8:54 PM
166,0,4,177,0020600397,,,5:50,2,5,0,0,200758,Ronnie Brewer,UTA,Utah,1610612762.0,Jazz,0,,,,,,0,,,,,,,,Brewer REBOUND (Off:1 Def:0),8:54 PM
167,1,9,178,0020600397,GRIZZLIES Timeout: Regular (Full 2 Short 1),,5:47,2,2,0,0,1610612763,,,,,,0,,,,,,0,,,,,,,,,8:54 PM
168,0,10,182,0020600397,Jump Ball Warrick vs. Collins: Tip to Brewer,,5:47,2,4,5,5,101124,Hakim Warrick,MEM,Memphis,1610612763.0,Grizzlies,2260,Jarron Collins,UTA,Utah,1610612762.0,Jazz,200758,Ronnie Brewer,UTA,Utah,1610612762.0,Jazz,,,,8:56 PM
169,1,2,183,0020600397,,,5:28,2,5,0,0,965,Derek Fisher,UTA,Utah,1610612762.0,Jazz,0,,,,,,0,,,,,,,,MISS Fisher 25' 3PT Jump Shot,8:57 PM
170,0,4,184,0020600397,,,5:27,2,5,0,0,2260,Jarron Collins,UTA,Utah,1610612762.0,Jazz,0,,,,,,0,,,,,,,,Collins REBOUND (Off:2 Def:1),8:57 PM
171,5,2,185,0020600397,,,5:22,2,5,0,0,965,Derek Fisher,UTA,Utah,1610612762.0,Jazz,0,,,,,,0,,,,,,,,MISS Fisher  Layup,8:57 PM
172,0,4,187,0020600397,,,5:18,2,5,0,0,965,Derek Fisher,UTA,Utah,1610612762.0,Jazz,0,,,,,,0,,,,,,,,Fisher REBOUND (Off:1 Def:1),8:57 PM
173,5,1,186,0020600397,,,5:18,2,5,0,0,965,Derek Fisher,UTA,Utah,1610612762.0,Jazz,0,,,,,,0,,,,,,33 - 33,TIE,Fisher  Layup (2 PTS),8:57 PM
174,1,5,188,0020600397,Miller Bad Pass Turnover (P2.T9),,4:59,2,4,5,0,2034,Mike Miller,MEM,Memphis,1610612763.0,Grizzlies,2260,Jarron Collins,UTA,Utah,1610612762.0,Jazz,0,,,,,,,,Collins STEAL (1 STL),8:58 PM
175,42,1,189,0020600397,,,4:43,2,5,5,0,2430,Carlos Boozer,UTA,Utah,1610612762.0,Jazz,2260,Jarron Collins,UTA,Utah,1610612762.0,Jazz,0,,,,,,35 - 33,-2,Boozer  Driving Layup (9 PTS) (Collins 1 AST),8:58 PM
176,5,1,190,0020600397,Jones  Layup (4 PTS) (Gasol 1 AST),,4:21,2,4,4,0,2563,Dahntay Jones,MEM,Memphis,1610612763.0,Grizzlies,2200,Pau Gasol,MEM,Memphis,1610612763.0,Grizzlies,0,,,,,,35 - 35,TIE,,8:58 PM
177,1,6,191,0020600397,Stoudamire P.FOUL (P1.PN),,4:10,2,4,5,1,757,Damon Stoudamire,MEM,Memphis,1610612763.0,Grizzlies,965,Derek Fisher,UTA,Utah,1610612762.0,Jazz,0,,,,,,,,,8:59 PM
178,11,3,192,0020600397,,,4:10,2,5,0,0,965,Derek Fisher,UTA,Utah,1610612762.0,Jazz,0,,,,,,0,,,,,,36 - 35,-1,Fisher Free Throw 1 of 2 (3 PTS),8:59 PM
179,0,8,193,0020600397,SUB: Atkins FOR Stoudamire,,4:10,2,4,4,0,757,Damon Stoudamire,MEM,Memphis,1610612763.0,Grizzlies,1088,Chucky Atkins,MEM,Memphis,1610612763.0,Grizzlies,0,,,,,,,,,8:59 PM
180,12,3,194,0020600397,,,4:10,2,5,0,0,965,Derek Fisher,UTA,Utah,1610612762.0,Jazz,0,,,,,,0,,,,,,37 - 35,-2,Fisher Free Throw 2 of 2 (4 PTS),8:59 PM
181,1,1,195,0020600397,Miller 27' 3PT Jump Shot (11 PTS) (Gasol 2 AST),,3:48,2,4,4,0,2034,Mike Miller,MEM,Memphis,1610612763.0,Grizzlies,2200,Pau Gasol,MEM,Memphis,1610612763.0,Grizzlies,0,,,,,,37 - 38,1,,9:00 PM
182,1,1,196,0020600397,,,3:27,2,5,5,0,2430,Carlos Boozer,UTA,Utah,1610612762.0,Jazz,2260,Jarron Collins,UTA,Utah,1610612762.0,Jazz,0,,,,,,39 - 38,-1,Boozer 19' Jump Shot (11 PTS) (Collins 2 AST),9:00 PM
183,2,6,197,0020600397,,,3:12,2,5,4,1,1723,Matt Harpring,UTA,Utah,1610612762.0,Jazz,2563,Dahntay Jones,MEM,Memphis,1610612763.0,Grizzlies,0,,,,,,,,Harpring S.FOUL (P2.T1),9:00 PM
184,11,3,198,0020600397,Jones Free Throw 1 of 2 (5 PTS),,3:12,2,4,0,0,2563,Dahntay Jones,MEM,Memphis,1610612763.0,Grizzlies,0,,,,,,0,,,,,,39 - 39,TIE,,9:01 PM
185,0,8,199,0020600397,SUB: Tsakalidis FOR Gasol,,3:12,2,4,4,0,2200,Pau Gasol,MEM,Memphis,1610612763.0,Grizzlies,2054,Jake Tsakalidis,MEM,Memphis,1610612763.0,Grizzlies,0,,,,,,,,,9:01 PM
186,12,3,200,0020600397,Jones Free Throw 2 of 2 (6 PTS),,3:12,2,4,0,0,2563,Dahntay Jones,MEM,Memphis,1610612763.0,Grizzlies,0,,,,,,0,,,,,,39 - 40,1,,9:01 PM
187,1,1,201,0020600397,,,2:51,2,5,5,0,200758,Ronnie Brewer,UTA,Utah,1610612762.0,Jazz,965,Derek Fisher,UTA,Utah,1610612762.0,Jazz,0,,,,,,41 - 40,-1,Brewer 18' Jump Shot (8 PTS) (Fisher 3 AST),9:02 PM
188,4,6,202,0020600397,Tsakalidis OFF.Foul (P1),,2:34,2,4,5,1,2054,Jake Tsakalidis,MEM,Memphis,1610612763.0,Grizzlies,2260,Jarron Collins,UTA,Utah,1610612762.0,Jazz,0,,,,,,,,,9:02 PM
189,5,5,203,0020600397,Tsakalidis Foul Turnover (P1.T10),,2:34,2,4,0,1,2054,Jake Tsakalidis,MEM,Memphis,1610612763.0,Grizzlies,0,,,,,,0,,,,,,,,,9:02 PM
190,1,9,204,0020600397,,,2:34,2,3,0,0,1610612762,,,,,,0,,,,,,0,,,,,,,,Jazz Timeout: Regular (Reg.2 Short 0),9:02 PM
191,0,8,207,0020600397,SUB: Gay FOR Tsakalidis,,2:34,2,4,4,0,2054,Jake Tsakalidis,MEM,Memphis,1610612763.0,Grizzlies,200752,Rudy Gay,MEM,Memphis,1610612763.0,Grizzlies,0,,,,,,,,,9:04 PM
192,41,2,208,0020600397,Jones BLOCK (1 BLK),,2:25,2,5,0,4,2430,Carlos Boozer,UTA,Utah,1610612762.0,Jazz,0,,,,,,2563,Dahntay Jones,MEM,Memphis,1610612763.0,Grizzlies,,,MISS Boozer  Running Layup,9:04 PM
193,0,4,209,0020600397,Atkins REBOUND (Off:0 Def:1),,2:23,2,4,0,0,1088,Chucky Atkins,MEM,Memphis,1610612763.0,Grizzlies,0,,,,,,0,,,,,,,,,9:04 PM
194,1,1,210,0020600397,Miller 27' 3PT Jump Shot (14 PTS) (Atkins 2 AST),,2:18,2,4,4,0,2034,Mike Miller,MEM,Memphis,1610612763.0,Grizzlies,1088,Chucky Atkins,MEM,Memphis,1610612763.0,Grizzlies,0,,,,,,41 - 43,2,,9:04 PM
195,1,2,211,0020600397,Gay BLOCK (2 BLK),,1:53,2,5,0,4,2430,Carlos Boozer,UTA,Utah,1610612762.0,Jazz,0,,,,,,200752,Rudy Gay,MEM,Memphis,1610612763.0,Grizzlies,,,MISS Boozer 4' Jump Shot,9:05 PM
196,0,4,212,0020600397,,,1:53,2,5,0,0,1723,Matt Harpring,UTA,Utah,1610612762.0,Jazz,0,,,,,,0,,,,,,,,Harpring REBOUND (Off:1 Def:1),9:05 PM
197,4,5,213,0020600397,,,1:53,2,5,0,1,1723,Matt Harpring,UTA,Utah,1610612762.0,Jazz,0,,,,,,0,,,,,,,,Harpring Traveling Turnover (P1.T6),9:05 PM
198,5,1,214,0020600397,Warrick  Layup (2 PTS),,1:40,2,4,0,0,101124,Hakim Warrick,MEM,Memphis,1610612763.0,Grizzlies,0,,,,,,0,,,,,,41 - 45,4,,9:05 PM
199,5,1,215,0020600397,,,1:22,2,5,5,0,2260,Jarron Collins,UTA,Utah,1610612762.0,Jazz,2430,Carlos Boozer,UTA,Utah,1610612762.0,Jazz,0,,,,,,43 - 45,2,Collins  Layup (2 PTS) (Boozer 2 AST),9:06 PM
200,1,2,216,0020600397,MISS Miller 22' Jump Shot,,1:06,2,4,0,0,2034,Mike Miller,MEM,Memphis,1610612763.0,Grizzlies,0,,,,,,0,,,,,,,,,9:06 PM
201,0,4,217,0020600397,,,1:04,2,5,0,0,1723,Matt Harpring,UTA,Utah,1610612762.0,Jazz,0,,,,,,0,,,,,,,,Harpring REBOUND (Off:1 Def:2),9:06 PM
202,1,2,218,0020600397,,,0:44,2,5,0,0,1723,Matt Harpring,UTA,Utah,1610612762.0,Jazz,0,,,,,,0,,,,,,,,MISS Harpring 24' 3PT Jump Shot,9:06 PM
203,0,10,219,0020600397,Jump Ball Gay vs. Collins: Tip to Jones,,0:44,2,4,5,4,200752,Rudy Gay,MEM,Memphis,1610612763.0,Grizzlies,2260,Jarron Collins,UTA,Utah,1610612762.0,Jazz,2563,Dahntay Jones,MEM,Memphis,1610612763.0,Grizzlies,,,,9:07 PM
204,0,4,220,0020600397,GRIZZLIES Rebound,,0:44,2,2,0,0,1610612763,,,,,,0,,,,,,0,,,,,,,,,9:07 PM
205,2,6,221,0020600397,,,0:31,2,5,4,1,200758,Ronnie Brewer,UTA,Utah,1610612762.0,Jazz,1088,Chucky Atkins,MEM,Memphis,1610612763.0,Grizzlies,0,,,,,,,,Brewer S.FOUL (P1.T2),9:07 PM
206,11,3,222,0020600397,Atkins Free Throw 1 of 2 (1 PTS),,0:31,2,4,0,0,1088,Chucky Atkins,MEM,Memphis,1610612763.0,Grizzlies,0,,,,,,0,,,,,,43 - 46,3,,9:07 PM
207,0,8,223,0020600397,,,0:31,2,5,5,0,200758,Ronnie Brewer,UTA,Utah,1610612762.0,Jazz,101114,Deron Williams,UTA,Utah,1610612762.0,Jazz,0,,,,,,,,SUB: D. Williams FOR Brewer,9:08 PM
208,12,3,224,0020600397,MISS Atkins Free Throw 2 of 2,,0:31,2,4,0,0,1088,Chucky Atkins,MEM,Memphis,1610612763.0,Grizzlies,0,,,,,,0,,,,,,,,,9:08 PM
209,0,4,225,0020600397,,,0:30,2,5,0,0,2430,Carlos Boozer,UTA,Utah,1610612762.0,Jazz,0,,,,,,0,,,,,,,,Boozer REBOUND (Off:0 Def:3),9:08 PM
210,40,5,226,0020600397,,,0:08,2,5,0,0,101114,Deron Williams,UTA,Utah,1610612762.0,Jazz,0,,,,,,0,,,,,,,,D. Williams Out of Bounds Lost Ball Turnover (P2.T7),9:08 PM
211,1,6,227,0020600397,,,0:06,2,5,4,1,101114,Deron Williams,UTA,Utah,1610612762.0,Jazz,1088,Chucky Atkins,MEM,Memphis,1610612763.0,Grizzlies,0,,,,,,,,D. Williams P.FOUL (P1.PN),9:09 PM
212,11,3,228,0020600397,Atkins Free Throw 1 of 2 (2 PTS),,0:06,2,4,0,0,1088,Chucky Atkins,MEM,Memphis,1610612763.0,Grizzlies,0,,,,,,0,,,,,,43 - 47,4,,9:09 PM
213,12,3,229,0020600397,Atkins Free Throw 2 of 2 (3 PTS),,0:06,2,4,0,0,1088,Chucky Atkins,MEM,Memphis,1610612763.0,Grizzlies,0,,,,,,0,,,,,,43 - 48,5,,9:09 PM
214,46,1,230,0020600397,,,0:00,2,5,0,0,101114,Deron Williams,UTA,Utah,1610612762.0,Jazz,0,,,,,,0,,,,,,45 - 48,3,D. Williams 14' Running Jump Shot (5 PTS),9:09 PM
215,0,13,232,0020600397,,,0:00,2,0,0,0,0,,,,,,0,,,,,,0,,,,,,45 - 48,3,,9:10 PM
216,0,12,234,0020600397,,,12:00,3,0,0,0,0,,,,,,0,,,,,,0,,,,,,45 - 48,3,,9:25 PM
217,2,6,235,0020600397,Gasol S.FOUL (P2.T1),,11:46,3,4,5,1,2200,Pau Gasol,MEM,Memphis,1610612763.0,Grizzlies,2430,Carlos Boozer,UTA,Utah,1610612762.0,Jazz,0,,,,,,,,,9:26 PM
218,11,3,236,0020600397,,,11:46,3,5,0,0,2430,Carlos Boozer,UTA,Utah,1610612762.0,Jazz,0,,,,,,0,,,,,,46 - 48,2,Boozer Free Throw 1 of 2 (12 PTS),9:26 PM
219,12,3,237,0020600397,,,11:46,3,5,0,0,2430,Carlos Boozer,UTA,Utah,1610612762.0,Jazz,0,,,,,,0,,,,,,47 - 48,1,Boozer Free Throw 2 of 2 (13 PTS),9:26 PM
220,47,1,238,0020600397,Gasol 11' Turnaround Jump Shot (7 PTS) (Jones 1 AST),,11:24,3,4,4,0,2200,Pau Gasol,MEM,Memphis,1610612763.0,Grizzlies,2563,Dahntay Jones,MEM,Memphis,1610612763.0,Grizzlies,0,,,,,,47 - 50,3,,9:27 PM
221,1,2,239,0020600397,,,11:09,3,5,0,0,2430,Carlos Boozer,UTA,Utah,1610612762.0,Jazz,0,,,,,,0,,,,,,,,MISS Boozer 22' Jump Shot,9:27 PM
222,0,4,240,0020600397,Jones REBOUND (Off:0 Def:1),,11:08,3,4,0,0,2563,Dahntay Jones,MEM,Memphis,1610612763.0,Grizzlies,0,,,,,,0,,,,,,,,,9:27 PM
223,1,5,241,0020600397,Gasol Bad Pass Turnover (P2.T11),,10:56,3,4,0,0,2200,Pau Gasol,MEM,Memphis,1610612763.0,Grizzlies,0,,,,,,0,,,,,,,,,9:27 PM
224,1,1,242,0020600397,,,10:49,3,5,5,0,1905,Andrei Kirilenko,UTA,Utah,1610612762.0,Jazz,101114,Deron Williams,UTA,Utah,1610612762.0,Jazz,0,,,,,,49 - 50,1,Kirilenko 21' Jump Shot (4 PTS) (D. Williams 4 AST),9:28 PM
225,1,2,243,0020600397,MISS Jones 21' Jump Shot,,10:29,3,4,0,0,2563,Dahntay Jones,MEM,Memphis,1610612763.0,Grizzlies,0,,,,,,0,,,,,,,,,9:28 PM
226,0,4,244,0020600397,,,10:28,3,5,0,0,101114,Deron Williams,UTA,Utah,1610612762.0,Jazz,0,,,,,,0,,,,,,,,D. Williams REBOUND (Off:0 Def:2),9:28 PM
227,2,6,245,0020600397,Stoudamire S.FOUL (P2.T2),,10:23,3,4,5,1,757,Damon Stoudamire,MEM,Memphis,1610612763.0,Grizzlies,101114,Deron Williams,UTA,Utah,1610612762.0,Jazz,0,,,,,,,,,9:28 PM
228,11,3,246,0020600397,,,10:23,3,5,0,0,101114,Deron Williams,UTA,Utah,1610612762.0,Jazz,0,,,,,,0,,,,,,50 - 50,TIE,D. Williams Free Throw 1 of 2 (6 PTS),9:28 PM
229,12,3,247,0020600397,,,10:23,3,5,0,0,101114,Deron Williams,UTA,Utah,1610612762.0,Jazz,0,,,,,,0,,,,,,51 - 50,-1,D. Williams Free Throw 2 of 2 (7 PTS),9:29 PM
230,44,1,248,0020600397,Jones  Reverse Layup (8 PTS),,10:02,3,4,0,0,2563,Dahntay Jones,MEM,Memphis,1610612763.0,Grizzlies,0,,,,,,0,,,,,,51 - 52,1,,9:29 PM
231,42,2,249,0020600397,Gasol BLOCK (1 BLK),,9:44,3,5,0,4,101114,Deron Williams,UTA,Utah,1610612762.0,Jazz,0,,,,,,2200,Pau Gasol,MEM,Memphis,1610612763.0,Grizzlies,,,MISS D. Williams  Driving Layup,9:29 PM
232,0,4,250,0020600397,GRIZZLIES Rebound,,9:43,3,2,0,0,1610612763,,,,,,0,,,,,,0,,,,,,,,,9:30 PM
233,1,1,251,0020600397,Gasol 25' 3PT Jump Shot (10 PTS) (Stoudamire 4 AST),,9:21,3,4,4,0,2200,Pau Gasol,MEM,Memphis,1610612763.0,Grizzlies,757,Damon Stoudamire,MEM,Memphis,1610612763.0,Grizzlies,0,,,,,,51 - 55,4,,9:30 PM
234,8,1,252,0020600397,,,9:10,3,5,5,0,2246,Mehmet Okur,UTA,Utah,1610612762.0,Jazz,2430,Carlos Boozer,UTA,Utah,1610612762.0,Jazz,0,,,,,,53 - 55,2,Okur  Slam Dunk (9 PTS) (Boozer 3 AST),9:30 PM
235,1,2,253,0020600397,MISS Jones 20' Jump Shot,,8:50,3,4,0,0,2563,Dahntay Jones,MEM,Memphis,1610612763.0,Grizzlies,0,,,,,,0,,,,,,,,,9:31 PM
236,0,4,254,0020600397,,,8:49,3,5,0,0,2430,Carlos Boozer,UTA,Utah,1610612762.0,Jazz,0,,,,,,0,,,,,,,,Boozer REBOUND (Off:0 Def:4),9:31 PM
237,5,1,255,0020600397,,,8:43,3,5,5,0,2430,Carlos Boozer,UTA,Utah,1610612762.0,Jazz,101114,Deron Williams,UTA,Utah,1610612762.0,Jazz,0,,,,,,55 - 55,TIE,Boozer  Layup (15 PTS) (D. Williams 5 AST),9:31 PM
238,1,5,256,0020600397,Jones Bad Pass Turnover (P2.T12),,8:18,3,4,5,0,2563,Dahntay Jones,MEM,Memphis,1610612763.0,Grizzlies,2430,Carlos Boozer,UTA,Utah,1610612762.0,Jazz,0,,,,,,,,Boozer STEAL (1 STL),9:31 PM
239,2,6,257,0020600397,Al. Johnson S.FOUL (P4.T3),,8:08,3,4,5,1,200792,Alexander Johnson,MEM,Memphis,1610612763.0,Grizzlies,2430,Carlos Boozer,UTA,Utah,1610612762.0,Jazz,0,,,,,,,,,9:32 PM
240,11,3,258,0020600397,,,8:08,3,5,0,0,2430,Carlos Boozer,UTA,Utah,1610612762.0,Jazz,0,,,,,,0,,,,,,,,MISS Boozer Free Throw 1 of 2,9:32 PM
241,1,4,259,0020600397,,,8:08,3,3,0,0,1610612762,,,,,,0,,,,,,0,,,,,,,,Jazz Rebound,9:32 PM
242,0,8,260,0020600397,SUB: Warrick FOR Al. Johnson,,8:08,3,4,4,0,200792,Alexander Johnson,MEM,Memphis,1610612763.0,Grizzlies,101124,Hakim Warrick,MEM,Memphis,1610612763.0,Grizzlies,0,,,,,,,,,9:32 PM
243,12,3,261,0020600397,,,8:08,3,5,0,0,2430,Carlos Boozer,UTA,Utah,1610612762.0,Jazz,0,,,,,,0,,,,,,56 - 55,-1,Boozer Free Throw 2 of 2 (16 PTS),9:32 PM
244,1,2,262,0020600397,MISS Miller 25' 3PT Jump Shot,,7:48,3,4,0,0,2034,Mike Miller,MEM,Memphis,1610612763.0,Grizzlies,0,,,,,,0,,,,,,,,,9:33 PM
245,0,4,263,0020600397,,,7:47,3,5,0,0,2430,Carlos Boozer,UTA,Utah,1610612762.0,Jazz,0,,,,,,0,,,,,,,,Boozer REBOUND (Off:0 Def:5),9:33 PM
246,1,5,264,0020600397,,,7:43,3,5,0,0,101114,Deron Williams,UTA,Utah,1610612762.0,Jazz,0,,,,,,0,,,,,,,,D. Williams Bad Pass Turnover (P3.T8),9:33 PM
247,42,1,265,0020600397,Miller  Driving Layup (16 PTS),,7:22,3,4,0,0,2034,Mike Miller,MEM,Memphis,1610612763.0,Grizzlies,0,,,,,,0,,,,,,56 - 57,1,,9:33 PM
248,2,6,266,0020600397,Miller S.FOUL (P2.T4),,7:07,3,4,5,1,2034,Mike Miller,MEM,Memphis,1610612763.0,Grizzlies,2246,Mehmet Okur,UTA,Utah,1610612762.0,Jazz,0,,,,,,,,,9:33 PM
249,11,3,267,0020600397,,,7:07,3,5,0,0,2246,Mehmet Okur,UTA,Utah,1610612762.0,Jazz,0,,,,,,0,,,,,,57 - 57,TIE,Okur Free Throw 1 of 2 (10 PTS),9:34 PM
250,12,3,268,0020600397,,,7:07,3,5,0,0,2246,Mehmet Okur,UTA,Utah,1610612762.0,Jazz,0,,,,,,0,,,,,,58 - 57,-1,Okur Free Throw 2 of 2 (11 PTS),9:34 PM
251,2,6,269,0020600397,,,6:53,3,5,4,1,2246,Mehmet Okur,UTA,Utah,1610612762.0,Jazz,2200,Pau Gasol,MEM,Memphis,1610612763.0,Grizzlies,0,,,,,,,,Okur S.FOUL (P1.T1),9:34 PM
252,11,3,270,0020600397,Gasol Free Throw 1 of 2 (11 PTS),,6:53,3,4,0,0,2200,Pau Gasol,MEM,Memphis,1610612763.0,Grizzlies,0,,,,,,0,,,,,,58 - 58,TIE,,9:35 PM
253,12,3,271,0020600397,Gasol Free Throw 2 of 2 (12 PTS),,6:53,3,4,0,0,2200,Pau Gasol,MEM,Memphis,1610612763.0,Grizzlies,0,,,,,,0,,,,,,58 - 59,1,,9:35 PM
254,1,1,272,0020600397,,,6:38,3,5,5,0,965,Derek Fisher,UTA,Utah,1610612762.0,Jazz,101114,Deron Williams,UTA,Utah,1610612762.0,Jazz,0,,,,,,61 - 59,-2,Fisher 27' 3PT Jump Shot (7 PTS) (D. Williams 6 AST),9:35 PM
255,1,5,273,0020600397,Gasol Bad Pass Turnover (P3.T13),,6:17,3,4,5,0,2200,Pau Gasol,MEM,Memphis,1610612763.0,Grizzlies,101114,Deron Williams,UTA,Utah,1610612762.0,Jazz,0,,,,,,,,D. Williams STEAL (1 STL),9:36 PM
256,7,1,274,0020600397,,,6:14,3,5,5,0,2246,Mehmet Okur,UTA,Utah,1610612762.0,Jazz,101114,Deron Williams,UTA,Utah,1610612762.0,Jazz,0,,,,,,63 - 59,-4,Okur  Dunk (13 PTS) (D. Williams 7 AST),9:36 PM
257,1,1,275,0020600397,Miller 25' 3PT Jump Shot (19 PTS),,5:54,3,4,0,0,2034,Mike Miller,MEM,Memphis,1610612763.0,Grizzlies,0,,,,,,0,,,,,,63 - 62,-1,,9:36 PM
258,1,1,276,0020600397,,,5:42,3,5,5,0,101114,Deron Williams,UTA,Utah,1610612762.0,Jazz,2430,Carlos Boozer,UTA,Utah,1610612762.0,Jazz,0,,,,,,65 - 62,-3,D. Williams 21' Jump Shot (9 PTS) (Boozer 4 AST),9:36 PM
259,1,1,277,0020600397,Stoudamire 24' 3PT Jump Shot (8 PTS) (Miller 2 AST),,5:21,3,4,4,0,757,Damon Stoudamire,MEM,Memphis,1610612763.0,Grizzlies,2034,Mike Miller,MEM,Memphis,1610612763.0,Grizzlies,0,,,,,,65 - 65,TIE,,9:37 PM
260,5,2,278,0020600397,,,5:09,3,5,0,0,2430,Carlos Boozer,UTA,Utah,1610612762.0,Jazz,0,,,,,,0,,,,,,,,MISS Boozer  Layup,9:37 PM
261,0,4,279,0020600397,Jones REBOUND (Off:0 Def:2),,5:08,3,4,0,0,2563,Dahntay Jones,MEM,Memphis,1610612763.0,Grizzlies,0,,,,,,0,,,,,,,,,9:37 PM
262,1,6,280,0020600397,,,5:07,3,5,4,1,101114,Deron Williams,UTA,Utah,1610612762.0,Jazz,757,Damon Stoudamire,MEM,Memphis,1610612763.0,Grizzlies,0,,,,,,,,D. Williams P.FOUL (P2.T2),9:37 PM
263,1,9,281,0020600397,GRIZZLIES Timeout: Regular (Full 3 Short 1),,5:07,3,2,0,0,1610612763,,,,,,0,,,,,,0,,,,,,,,,9:37 PM
264,0,8,284,0020600397,SUB: Gay FOR Gasol,,5:07,3,4,4,0,2200,Pau Gasol,MEM,Memphis,1610612763.0,Grizzlies,200752,Rudy Gay,MEM,Memphis,1610612763.0,Grizzlies,0,,,,,,,,,9:39 PM
265,42,1,285,0020600397,Miller  Driving Layup (21 PTS),,4:52,3,4,0,0,2034,Mike Miller,MEM,Memphis,1610612763.0,Grizzlies,0,,,,,,0,,,,,,65 - 67,2,,9:39 PM
266,1,2,286,0020600397,,,4:35,3,5,0,0,2246,Mehmet Okur,UTA,Utah,1610612762.0,Jazz,0,,,,,,0,,,,,,,,MISS Okur 20' Jump Shot,9:40 PM
267,0,4,287,0020600397,,,4:34,3,3,0,0,1610612762,,,,,,0,,,,,,0,,,,,,,,Jazz Rebound,9:40 PM
268,1,1,288,0020600397,,,4:19,3,5,5,0,101114,Deron Williams,UTA,Utah,1610612762.0,Jazz,1905,Andrei Kirilenko,UTA,Utah,1610612762.0,Jazz,0,,,,,,67 - 67,TIE,D. Williams 20' Jump Shot (11 PTS) (Kirilenko 3 AST),9:40 PM
269,1,2,289,0020600397,MISS Miller 23' Jump Shot,,4:00,3,4,0,0,2034,Mike Miller,MEM,Memphis,1610612763.0,Grizzlies,0,,,,,,0,,,,,,,,,9:40 PM
270,0,4,290,0020600397,,,3:59,3,5,0,0,2430,Carlos Boozer,UTA,Utah,1610612762.0,Jazz,0,,,,,,0,,,,,,,,Boozer REBOUND (Off:0 Def:6),9:40 PM
271,2,5,291,0020600397,Miller STEAL (1 STL),,3:54,3,5,4,0,2430,Carlos Boozer,UTA,Utah,1610612762.0,Jazz,2034,Mike Miller,MEM,Memphis,1610612763.0,Grizzlies,0,,,,,,,,Boozer Lost Ball Turnover (P4.T9),9:41 PM
272,44,1,292,0020600397,Jones  Reverse Layup (10 PTS) (Gay 1 AST),,3:46,3,4,4,0,2563,Dahntay Jones,MEM,Memphis,1610612763.0,Grizzlies,200752,Rudy Gay,MEM,Memphis,1610612763.0,Grizzlies,0,,,,,,67 - 69,2,,9:41 PM
273,2,6,293,0020600397,Gay S.FOUL (P3.PN),,3:23,3,4,5,1,200752,Rudy Gay,MEM,Memphis,1610612763.0,Grizzlies,2430,Carlos Boozer,UTA,Utah,1610612762.0,Jazz,0,,,,,,,,,9:41 PM
274,11,3,294,0020600397,,,3:23,3,5,0,0,2430,Carlos Boozer,UTA,Utah,1610612762.0,Jazz,0,,,,,,0,,,,,,68 - 69,1,Boozer Free Throw 1 of 2 (17 PTS),9:41 PM
275,12,3,295,0020600397,,,3:23,3,5,0,0,2430,Carlos Boozer,UTA,Utah,1610612762.0,Jazz,0,,,,,,0,,,,,,69 - 69,TIE,Boozer Free Throw 2 of 2 (18 PTS),9:42 PM
276,2,5,296,0020600397,Gay Lost Ball Turnover (P3.T14),,3:08,3,4,5,0,200752,Rudy Gay,MEM,Memphis,1610612763.0,Grizzlies,2430,Carlos Boozer,UTA,Utah,1610612762.0,Jazz,0,,,,,,,,Boozer STEAL (2 STL),9:42 PM
277,1,2,297,0020600397,,,2:48,3,5,0,0,965,Derek Fisher,UTA,Utah,1610612762.0,Jazz,0,,,,,,0,,,,,,,,MISS Fisher 22' Jump Shot,9:42 PM
278,0,4,298,0020600397,Gay REBOUND (Off:0 Def:1),,2:47,3,4,0,0,200752,Rudy Gay,MEM,Memphis,1610612763.0,Grizzlies,0,,,,,,0,,,,,,,,,9:43 PM
279,1,1,299,0020600397,Miller 24' 3PT Jump Shot (24 PTS) (Stoudamire 5 AST),,2:37,3,4,4,0,2034,Mike Miller,MEM,Memphis,1610612763.0,Grizzlies,757,Damon Stoudamire,MEM,Memphis,1610612763.0,Grizzlies,0,,,,,,69 - 72,3,,9:43 PM
280,40,5,300,0020600397,,,2:17,3,5,0,0,1905,Andrei Kirilenko,UTA,Utah,1610612762.0,Jazz,0,,,,,,0,,,,,,,,Kirilenko Out of Bounds Lost Ball Turnover (P1.T10),9:43 PM
281,1,9,301,0020600397,,,2:17,3,3,0,0,1610612762,,,,,,0,,,,,,0,,,,,,,,Jazz Timeout: Regular (Reg.3 Short 0),9:43 PM
282,0,8,303,0020600397,,,2:17,3,5,5,0,1905,Andrei Kirilenko,UTA,Utah,1610612762.0,Jazz,1723,Matt Harpring,UTA,Utah,1610612762.0,Jazz,0,,,,,,,,SUB: Harpring FOR Kirilenko,9:45 PM
283,0,8,304,0020600397,SUB: Atkins FOR Stoudamire,,2:17,3,4,4,0,757,Damon Stoudamire,MEM,Memphis,1610612763.0,Grizzlies,1088,Chucky Atkins,MEM,Memphis,1610612763.0,Grizzlies,0,,,,,,,,,9:45 PM
284,42,2,305,0020600397,MISS Gay  Driving Layup,,2:03,3,4,0,0,200752,Rudy Gay,MEM,Memphis,1610612763.0,Grizzlies,0,,,,,,0,,,,,,,,,9:46 PM
285,0,4,306,0020600397,,,2:02,3,5,0,0,2246,Mehmet Okur,UTA,Utah,1610612762.0,Jazz,0,,,,,,0,,,,,,,,Okur REBOUND (Off:0 Def:3),9:46 PM
286,5,1,307,0020600397,,,1:57,3,5,0,0,101114,Deron Williams,UTA,Utah,1610612762.0,Jazz,0,,,,,,0,,,,,,71 - 72,1,D. Williams  Layup (13 PTS),9:46 PM
287,1,2,308,0020600397,MISS Warrick 7' Jump Shot,,1:36,3,4,0,0,101124,Hakim Warrick,MEM,Memphis,1610612763.0,Grizzlies,0,,,,,,0,,,,,,,,,9:46 PM
288,0,4,310,0020600397,Gay REBOUND (Off:1 Def:1),,1:34,3,4,0,0,200752,Rudy Gay,MEM,Memphis,1610612763.0,Grizzlies,0,,,,,,0,,,,,,,,,9:46 PM
289,4,2,309,0020600397,MISS Gay  Tip Shot,,1:34,3,4,0,0,200752,Rudy Gay,MEM,Memphis,1610612763.0,Grizzlies,0,,,,,,0,,,,,,,,,9:46 PM
290,0,4,311,0020600397,,,1:32,3,5,0,0,1723,Matt Harpring,UTA,Utah,1610612762.0,Jazz,0,,,,,,0,,,,,,,,Harpring REBOUND (Off:1 Def:3),9:46 PM
291,2,6,312,0020600397,Jones S.FOUL (P2.PN),,1:23,3,4,5,1,2563,Dahntay Jones,MEM,Memphis,1610612763.0,Grizzlies,965,Derek Fisher,UTA,Utah,1610612762.0,Jazz,0,,,,,,,,,9:46 PM
292,11,3,313,0020600397,,,1:23,3,5,0,0,965,Derek Fisher,UTA,Utah,1610612762.0,Jazz,0,,,,,,0,,,,,,72 - 72,TIE,Fisher Free Throw 1 of 2 (8 PTS),9:47 PM
293,0,8,314,0020600397,SUB: Jones FOR Jones,,1:23,3,4,4,0,2563,Dahntay Jones,MEM,Memphis,1610612763.0,Grizzlies,224,Eddie Jones,MEM,Memphis,1610612763.0,Grizzlies,0,,,,,,,,,9:47 PM
294,12,3,315,0020600397,,,1:23,3,5,0,0,965,Derek Fisher,UTA,Utah,1610612762.0,Jazz,0,,,,,,0,,,,,,73 - 72,-1,Fisher Free Throw 2 of 2 (9 PTS),9:47 PM
295,1,1,316,0020600397,Miller 22' Jump Shot (26 PTS) (Atkins 3 AST),,1:09,3,4,4,0,2034,Mike Miller,MEM,Memphis,1610612763.0,Grizzlies,1088,Chucky Atkins,MEM,Memphis,1610612763.0,Grizzlies,0,,,,,,73 - 74,1,,9:47 PM
296,1,2,317,0020600397,,,0:50,3,5,0,0,101114,Deron Williams,UTA,Utah,1610612762.0,Jazz,0,,,,,,0,,,,,,,,MISS D. Williams 17' Jump Shot,9:48 PM
297,0,4,318,0020600397,Warrick REBOUND (Off:0 Def:2),,0:49,3,4,0,0,101124,Hakim Warrick,MEM,Memphis,1610612763.0,Grizzlies,0,,,,,,0,,,,,,,,,9:48 PM
298,1,2,319,0020600397,MISS Miller 27' 3PT Jump Shot,,0:42,3,4,0,0,2034,Mike Miller,MEM,Memphis,1610612763.0,Grizzlies,0,,,,,,0,,,,,,,,,9:48 PM
299,0,4,321,0020600397,Jones REBOUND (Off:1 Def:1),,0:41,3,4,0,0,224,Eddie Jones,MEM,Memphis,1610612763.0,Grizzlies,0,,,,,,0,,,,,,,,,9:48 PM
300,5,1,320,0020600397,Jones  Layup (2 PTS),,0:41,3,4,0,0,224,Eddie Jones,MEM,Memphis,1610612763.0,Grizzlies,0,,,,,,0,,,,,,73 - 76,3,,9:48 PM
301,1,2,322,0020600397,,,0:29,3,5,0,0,2246,Mehmet Okur,UTA,Utah,1610612762.0,Jazz,0,,,,,,0,,,,,,,,MISS Okur 20' Jump Shot,9:48 PM
302,0,4,323,0020600397,GRIZZLIES Rebound,,0:28,3,2,0,0,1610612763,,,,,,0,,,,,,0,,,,,,,,,9:48 PM
303,0,8,324,0020600397,,,0:28,3,5,5,0,965,Derek Fisher,UTA,Utah,1610612762.0,Jazz,200758,Ronnie Brewer,UTA,Utah,1610612762.0,Jazz,0,,,,,,,,SUB: Brewer FOR Fisher,9:48 PM
304,0,8,325,0020600397,,,0:28,3,5,5,0,2246,Mehmet Okur,UTA,Utah,1610612762.0,Jazz,1905,Andrei Kirilenko,UTA,Utah,1610612762.0,Jazz,0,,,,,,,,SUB: Kirilenko FOR Okur,9:48 PM
305,0,8,326,0020600397,,,0:28,3,5,5,0,2430,Carlos Boozer,UTA,Utah,1610612762.0,Jazz,200794,Paul Millsap,UTA,Utah,1610612762.0,Jazz,0,,,,,,,,SUB: Millsap FOR Boozer,9:48 PM
306,2,6,327,0020600397,,,0:08,3,5,4,1,1905,Andrei Kirilenko,UTA,Utah,1610612762.0,Jazz,101124,Hakim Warrick,MEM,Memphis,1610612763.0,Grizzlies,0,,,,,,,,Kirilenko S.FOUL (P1.T3),9:49 PM
307,11,3,328,0020600397,Warrick Free Throw 1 of 2 (3 PTS),,0:08,3,4,0,0,101124,Hakim Warrick,MEM,Memphis,1610612763.0,Grizzlies,0,,,,,,0,,,,,,73 - 77,4,,9:49 PM
308,12,3,329,0020600397,Warrick Free Throw 2 of 2 (4 PTS),,0:08,3,4,0,0,101124,Hakim Warrick,MEM,Memphis,1610612763.0,Grizzlies,0,,,,,,0,,,,,,73 - 78,5,,9:49 PM
309,42,1,330,0020600397,,,0:01,3,5,0,0,101114,Deron Williams,UTA,Utah,1610612762.0,Jazz,0,,,,,,0,,,,,,75 - 78,3,D. Williams  Driving Layup (15 PTS),9:50 PM
310,0,13,331,0020600397,,,0:00,3,0,0,0,0,,,,,,0,,,,,,0,,,,,,75 - 78,3,,9:50 PM
311,0,12,333,0020600397,,,12:00,4,0,0,0,0,,,,,,0,,,,,,0,,,,,,75 - 78,3,,9:53 PM
312,1,6,334,0020600397,,,11:48,4,5,4,1,200794,Paul Millsap,UTA,Utah,1610612762.0,Jazz,101124,Hakim Warrick,MEM,Memphis,1610612763.0,Grizzlies,0,,,,,,,,Millsap P.FOUL (P3.T1),9:53 PM
313,1,6,335,0020600397,,,11:42,4,5,4,1,101114,Deron Williams,UTA,Utah,1610612762.0,Jazz,1088,Chucky Atkins,MEM,Memphis,1610612763.0,Grizzlies,0,,,,,,,,D. Williams P.FOUL (P3.T2),9:54 PM
314,0,8,336,0020600397,SUB: Jones FOR Miller,,11:42,4,4,4,0,2034,Mike Miller,MEM,Memphis,1610612763.0,Grizzlies,2563,Dahntay Jones,MEM,Memphis,1610612763.0,Grizzlies,0,,,,,,,,,9:54 PM
315,1,1,337,0020600397,Atkins 26' 3PT Jump Shot (6 PTS),,11:34,4,4,0,0,1088,Chucky Atkins,MEM,Memphis,1610612763.0,Grizzlies,0,,,,,,0,,,,,,75 - 81,6,,9:54 PM
316,44,2,338,0020600397,,,11:14,4,5,0,0,1905,Andrei Kirilenko,UTA,Utah,1610612762.0,Jazz,0,,,,,,0,,,,,,,,MISS Kirilenko  Reverse Layup,9:54 PM
317,0,10,339,0020600397,Jump Ball Jones vs. Millsap: Tip to Harpring,,11:12,4,4,5,5,224,Eddie Jones,MEM,Memphis,1610612763.0,Grizzlies,200794,Paul Millsap,UTA,Utah,1610612762.0,Jazz,1723,Matt Harpring,UTA,Utah,1610612762.0,Jazz,,,,9:54 PM
318,0,4,340,0020600397,,,11:12,4,5,0,0,200794,Paul Millsap,UTA,Utah,1610612762.0,Jazz,0,,,,,,0,,,,,,,,Millsap REBOUND (Off:1 Def:2),9:55 PM
319,2,6,341,0020600397,Warrick S.FOUL (P3.T1),,10:58,4,4,5,1,101124,Hakim Warrick,MEM,Memphis,1610612763.0,Grizzlies,101114,Deron Williams,UTA,Utah,1610612762.0,Jazz,0,,,,,,,,,9:55 PM
320,11,3,342,0020600397,,,10:58,4,5,0,0,101114,Deron Williams,UTA,Utah,1610612762.0,Jazz,0,,,,,,0,,,,,,76 - 81,5,D. Williams Free Throw 1 of 2 (16 PTS),9:55 PM
321,12,3,343,0020600397,,,10:58,4,5,0,0,101114,Deron Williams,UTA,Utah,1610612762.0,Jazz,0,,,,,,0,,,,,,77 - 81,4,D. Williams Free Throw 2 of 2 (17 PTS),9:56 PM
322,1,1,344,0020600397,Gay 8' Jump Shot (8 PTS) (Jones 1 AST),,10:42,4,4,4,0,200752,Rudy Gay,MEM,Memphis,1610612763.0,Grizzlies,224,Eddie Jones,MEM,Memphis,1610612763.0,Grizzlies,0,,,,,,77 - 83,6,,9:56 PM
323,1,5,345,0020600397,Jones STEAL (1 STL),,10:26,4,5,4,0,1905,Andrei Kirilenko,UTA,Utah,1610612762.0,Jazz,224,Eddie Jones,MEM,Memphis,1610612763.0,Grizzlies,0,,,,,,,,Kirilenko Bad Pass Turnover (P2.T11),9:56 PM
324,2,6,346,0020600397,,,10:24,4,5,4,1,200758,Ronnie Brewer,UTA,Utah,1610612762.0,Jazz,101124,Hakim Warrick,MEM,Memphis,1610612763.0,Grizzlies,0,,,,,,,,Brewer S.FOUL (P2.T3),9:57 PM
325,11,3,347,0020600397,Warrick Free Throw 1 of 2 (5 PTS),,10:24,4,4,0,0,101124,Hakim Warrick,MEM,Memphis,1610612763.0,Grizzlies,0,,,,,,0,,,,,,77 - 84,7,,9:57 PM
326,0,8,348,0020600397,,,10:24,4,5,5,0,1905,Andrei Kirilenko,UTA,Utah,1610612762.0,Jazz,2430,Carlos Boozer,UTA,Utah,1610612762.0,Jazz,0,,,,,,,,SUB: Boozer FOR Kirilenko,9:57 PM
327,12,3,349,0020600397,Warrick Free Throw 2 of 2 (6 PTS),,10:24,4,4,0,0,101124,Hakim Warrick,MEM,Memphis,1610612763.0,Grizzlies,0,,,,,,0,,,,,,77 - 85,8,,9:57 PM
328,1,2,350,0020600397,,,10:13,4,5,0,0,1723,Matt Harpring,UTA,Utah,1610612762.0,Jazz,0,,,,,,0,,,,,,,,MISS Harpring 16' Jump Shot,9:58 PM
329,0,4,351,0020600397,,,10:11,4,5,0,0,1723,Matt Harpring,UTA,Utah,1610612762.0,Jazz,0,,,,,,0,,,,,,,,Harpring REBOUND (Off:2 Def:3),9:58 PM
330,5,2,352,0020600397,,,10:08,4,5,0,0,200794,Paul Millsap,UTA,Utah,1610612762.0,Jazz,0,,,,,,0,,,,,,,,MISS Millsap  Layup,9:58 PM
331,0,4,353,0020600397,,,10:05,4,5,0,0,1723,Matt Harpring,UTA,Utah,1610612762.0,Jazz,0,,,,,,0,,,,,,,,Harpring REBOUND (Off:3 Def:3),9:58 PM
332,5,1,354,0020600397,,,10:04,4,5,0,0,1723,Matt Harpring,UTA,Utah,1610612762.0,Jazz,0,,,,,,0,,,,,,79 - 85,6,Harpring  Layup (6 PTS),9:58 PM
333,1,2,355,0020600397,MISS Jones 24' 3PT Jump Shot,,9:52,4,4,0,0,224,Eddie Jones,MEM,Memphis,1610612763.0,Grizzlies,0,,,,,,0,,,,,,,,,9:58 PM
334,0,4,356,0020600397,,,9:51,4,5,0,0,1723,Matt Harpring,UTA,Utah,1610612762.0,Jazz,0,,,,,,0,,,,,,,,Harpring REBOUND (Off:3 Def:4),9:58 PM
335,7,1,357,0020600397,,,9:40,4,5,5,0,200758,Ronnie Brewer,UTA,Utah,1610612762.0,Jazz,2430,Carlos Boozer,UTA,Utah,1610612762.0,Jazz,0,,,,,,81 - 85,4,Brewer  Dunk (10 PTS) (Boozer 5 AST),9:58 PM
336,1,9,358,0020600397,GRIZZLIES Timeout: Regular (Full 4 Short 1),,9:31,4,2,0,0,1610612763,,,,,,0,,,,,,0,,,,,,,,,9:58 PM
337,0,8,360,0020600397,SUB: Gasol FOR Gay,,9:31,4,4,4,0,200752,Rudy Gay,MEM,Memphis,1610612763.0,Grizzlies,2200,Pau Gasol,MEM,Memphis,1610612763.0,Grizzlies,0,,,,,,,,,10:00 PM
338,0,8,362,0020600397,,,9:31,4,5,5,0,200794,Paul Millsap,UTA,Utah,1610612762.0,Jazz,2246,Mehmet Okur,UTA,Utah,1610612762.0,Jazz,0,,,,,,,,SUB: Okur FOR Millsap,10:01 PM
339,1,1,363,0020600397,Jones 17' Jump Shot (12 PTS) (Atkins 4 AST),,9:19,4,4,4,0,2563,Dahntay Jones,MEM,Memphis,1610612763.0,Grizzlies,1088,Chucky Atkins,MEM,Memphis,1610612763.0,Grizzlies,0,,,,,,81 - 87,6,,10:01 PM
340,1,2,364,0020600397,,,8:56,4,5,0,0,101114,Deron Williams,UTA,Utah,1610612762.0,Jazz,0,,,,,,0,,,,,,,,MISS D. Williams 11' Jump Shot,10:01 PM
341,0,4,366,0020600397,,,8:55,4,5,0,0,2430,Carlos Boozer,UTA,Utah,1610612762.0,Jazz,0,,,,,,0,,,,,,,,Boozer REBOUND (Off:1 Def:6),10:01 PM
342,4,1,365,0020600397,,,8:55,4,5,0,0,2430,Carlos Boozer,UTA,Utah,1610612762.0,Jazz,0,,,,,,0,,,,,,83 - 87,4,Boozer  Tip Shot (20 PTS),10:01 PM
343,1,2,367,0020600397,MISS Atkins 25' 3PT Jump Shot,,8:34,4,4,0,0,1088,Chucky Atkins,MEM,Memphis,1610612763.0,Grizzlies,0,,,,,,0,,,,,,,,,10:02 PM
344,0,4,368,0020600397,,,8:33,4,5,0,0,2430,Carlos Boozer,UTA,Utah,1610612762.0,Jazz,0,,,,,,0,,,,,,,,Boozer REBOUND (Off:1 Def:7),10:02 PM
345,1,2,369,0020600397,,,8:08,4,5,0,0,101114,Deron Williams,UTA,Utah,1610612762.0,Jazz,0,,,,,,0,,,,,,,,MISS D. Williams 26' 3PT Jump Shot,10:02 PM
346,0,4,370,0020600397,Jones REBOUND (Off:1 Def:2),,8:07,4,4,0,0,224,Eddie Jones,MEM,Memphis,1610612763.0,Grizzlies,0,,,,,,0,,,,,,,,,10:02 PM
347,1,5,371,0020600397,Gasol Bad Pass Turnover (P4.T15),,7:48,4,4,5,0,2200,Pau Gasol,MEM,Memphis,1610612763.0,Grizzlies,200758,Ronnie Brewer,UTA,Utah,1610612762.0,Jazz,0,,,,,,,,Brewer STEAL (3 STL),10:02 PM
348,2,6,372,0020600397,Atkins S.FOUL (P1.T2),,7:44,4,4,5,1,1088,Chucky Atkins,MEM,Memphis,1610612763.0,Grizzlies,1723,Matt Harpring,UTA,Utah,1610612762.0,Jazz,0,,,,,,,,,10:03 PM
349,11,3,373,0020600397,,,7:44,4,5,0,0,1723,Matt Harpring,UTA,Utah,1610612762.0,Jazz,0,,,,,,0,,,,,,,,MISS Harpring Free Throw 1 of 2,10:03 PM
350,1,4,374,0020600397,,,7:44,4,3,0,0,1610612762,,,,,,0,,,,,,0,,,,,,,,Jazz Rebound,10:03 PM
351,0,8,375,0020600397,SUB: Miller FOR Jones,,7:44,4,4,4,0,2563,Dahntay Jones,MEM,Memphis,1610612763.0,Grizzlies,2034,Mike Miller,MEM,Memphis,1610612763.0,Grizzlies,0,,,,,,,,,10:03 PM
352,12,3,376,0020600397,,,7:44,4,5,0,0,1723,Matt Harpring,UTA,Utah,1610612762.0,Jazz,0,,,,,,0,,,,,,84 - 87,3,Harpring Free Throw 2 of 2 (7 PTS),10:03 PM
353,1,2,377,0020600397,MISS Miller 25' 3PT Jump Shot,,7:27,4,4,0,0,2034,Mike Miller,MEM,Memphis,1610612763.0,Grizzlies,0,,,,,,0,,,,,,,,,10:04 PM
354,0,4,378,0020600397,Warrick REBOUND (Off:1 Def:2),,7:26,4,4,0,0,101124,Hakim Warrick,MEM,Memphis,1610612763.0,Grizzlies,0,,,,,,0,,,,,,,,,10:04 PM
355,2,6,379,0020600397,,,7:25,4,5,4,1,101114,Deron Williams,UTA,Utah,1610612762.0,Jazz,101124,Hakim Warrick,MEM,Memphis,1610612763.0,Grizzlies,0,,,,,,,,D. Williams S.FOUL (P4.T4),10:04 PM
356,11,3,380,0020600397,Warrick Free Throw 1 of 2 (7 PTS),,7:25,4,4,0,0,101124,Hakim Warrick,MEM,Memphis,1610612763.0,Grizzlies,0,,,,,,0,,,,,,84 - 88,4,,10:04 PM
357,12,3,381,0020600397,Warrick Free Throw 2 of 2 (8 PTS),,7:25,4,4,0,0,101124,Hakim Warrick,MEM,Memphis,1610612763.0,Grizzlies,0,,,,,,0,,,,,,84 - 89,5,,10:04 PM
358,42,2,382,0020600397,Gasol BLOCK (2 BLK),,7:15,4,5,0,4,101114,Deron Williams,UTA,Utah,1610612762.0,Jazz,0,,,,,,2200,Pau Gasol,MEM,Memphis,1610612763.0,Grizzlies,,,MISS D. Williams  Driving Layup,10:05 PM
359,0,4,383,0020600397,Atkins REBOUND (Off:0 Def:2),,7:14,4,4,0,0,1088,Chucky Atkins,MEM,Memphis,1610612763.0,Grizzlies,0,,,,,,0,,,,,,,,,10:05 PM
360,1,5,384,0020600397,Miller Bad Pass Turnover (P3.T16),,7:11,4,4,0,0,2034,Mike Miller,MEM,Memphis,1610612763.0,Grizzlies,0,,,,,,0,,,,,,,,,10:05 PM
361,1,1,385,0020600397,,,6:52,4,5,0,0,2430,Carlos Boozer,UTA,Utah,1610612762.0,Jazz,0,,,,,,0,,,,,,86 - 89,3,Boozer 16' Jump Shot (22 PTS),10:05 PM
362,1,2,386,0020600397,MISS Jones 26' 3PT Jump Shot,,6:24,4,4,0,0,224,Eddie Jones,MEM,Memphis,1610612763.0,Grizzlies,0,,,,,,0,,,,,,,,,10:06 PM
363,0,4,387,0020600397,,,6:24,4,5,0,0,2430,Carlos Boozer,UTA,Utah,1610612762.0,Jazz,0,,,,,,0,,,,,,,,Boozer REBOUND (Off:1 Def:8),10:06 PM
364,1,2,388,0020600397,,,6:07,4,5,0,0,2430,Carlos Boozer,UTA,Utah,1610612762.0,Jazz,0,,,,,,0,,,,,,,,MISS Boozer 16' Jump Shot,10:06 PM
365,0,4,389,0020600397,,,6:06,4,5,0,0,2246,Mehmet Okur,UTA,Utah,1610612762.0,Jazz,0,,,,,,0,,,,,,,,Okur REBOUND (Off:1 Def:3),10:06 PM
366,1,2,390,0020600397,,,5:48,4,5,0,0,1723,Matt Harpring,UTA,Utah,1610612762.0,Jazz,0,,,,,,0,,,,,,,,MISS Harpring 16' Jump Shot,10:06 PM
367,0,4,391,0020600397,Gasol REBOUND (Off:0 Def:2),,5:46,4,4,0,0,2200,Pau Gasol,MEM,Memphis,1610612763.0,Grizzlies,0,,,,,,0,,,,,,,,,10:06 PM
368,2,6,392,0020600397,,,5:42,4,5,4,1,101114,Deron Williams,UTA,Utah,1610612762.0,Jazz,1088,Chucky Atkins,MEM,Memphis,1610612763.0,Grizzlies,0,,,,,,,,D. Williams S.FOUL (P5.PN),10:07 PM
369,4,9,394,0020600397,,,5:42,4,1,0,0,0,,,,,,0,,,,,,0,,,,,,,,,10:07 PM
370,0,8,395,0020600397,,,5:42,4,5,5,0,101114,Deron Williams,UTA,Utah,1610612762.0,Jazz,1905,Andrei Kirilenko,UTA,Utah,1610612762.0,Jazz,0,,,,,,,,SUB: Kirilenko FOR D. Williams,10:09 PM
371,0,8,396,0020600397,,,5:42,4,5,5,0,200758,Ronnie Brewer,UTA,Utah,1610612762.0,Jazz,965,Derek Fisher,UTA,Utah,1610612762.0,Jazz,0,,,,,,,,SUB: Fisher FOR Brewer,10:09 PM
372,0,8,397,0020600397,SUB: Al. Johnson FOR Gasol,,5:42,4,4,4,0,2200,Pau Gasol,MEM,Memphis,1610612763.0,Grizzlies,200792,Alexander Johnson,MEM,Memphis,1610612763.0,Grizzlies,0,,,,,,,,,10:09 PM
373,0,8,398,0020600397,SUB: Jones FOR Jones,,5:42,4,4,4,0,224,Eddie Jones,MEM,Memphis,1610612763.0,Grizzlies,2563,Dahntay Jones,MEM,Memphis,1610612763.0,Grizzlies,0,,,,,,,,,10:09 PM
374,11,3,399,0020600397,Atkins Free Throw 1 of 2 (7 PTS),,5:42,4,4,0,0,1088,Chucky Atkins,MEM,Memphis,1610612763.0,Grizzlies,0,,,,,,0,,,,,,86 - 90,4,,10:09 PM
375,12,3,400,0020600397,Atkins Free Throw 2 of 2 (8 PTS),,5:42,4,4,0,0,1088,Chucky Atkins,MEM,Memphis,1610612763.0,Grizzlies,0,,,,,,0,,,,,,86 - 91,5,,10:09 PM
376,2,6,401,0020600397,Jones S.FOUL (P3.T3),,5:20,4,4,5,1,2563,Dahntay Jones,MEM,Memphis,1610612763.0,Grizzlies,2430,Carlos Boozer,UTA,Utah,1610612762.0,Jazz,0,,,,,,,,,10:10 PM
377,11,3,402,0020600397,,,5:20,4,5,0,0,2430,Carlos Boozer,UTA,Utah,1610612762.0,Jazz,0,,,,,,0,,,,,,87 - 91,4,Boozer Free Throw 1 of 2 (23 PTS),10:10 PM
378,0,8,403,0020600397,SUB: Stoudamire FOR Atkins,,5:20,4,4,4,0,1088,Chucky Atkins,MEM,Memphis,1610612763.0,Grizzlies,757,Damon Stoudamire,MEM,Memphis,1610612763.0,Grizzlies,0,,,,,,,,,10:10 PM
379,12,3,404,0020600397,,,5:20,4,5,0,0,2430,Carlos Boozer,UTA,Utah,1610612762.0,Jazz,0,,,,,,0,,,,,,88 - 91,3,Boozer Free Throw 2 of 2 (24 PTS),10:10 PM
380,2,5,405,0020600397,Warrick Lost Ball Turnover (P2.T17),,5:00,4,4,5,0,101124,Hakim Warrick,MEM,Memphis,1610612763.0,Grizzlies,1723,Matt Harpring,UTA,Utah,1610612762.0,Jazz,0,,,,,,,,Harpring STEAL (1 STL),10:11 PM
381,1,1,406,0020600397,,,4:49,4,5,5,0,2246,Mehmet Okur,UTA,Utah,1610612762.0,Jazz,1905,Andrei Kirilenko,UTA,Utah,1610612762.0,Jazz,0,,,,,,90 - 91,1,Okur 15' Jump Shot (15 PTS) (Kirilenko 4 AST),10:11 PM
382,2,6,407,0020600397,,,4:34,4,5,4,1,2246,Mehmet Okur,UTA,Utah,1610612762.0,Jazz,101124,Hakim Warrick,MEM,Memphis,1610612763.0,Grizzlies,0,,,,,,,,Okur S.FOUL (P2.PN),10:12 PM
383,11,3,408,0020600397,Warrick Free Throw 1 of 2 (9 PTS),,4:34,4,4,0,0,101124,Hakim Warrick,MEM,Memphis,1610612763.0,Grizzlies,0,,,,,,0,,,,,,90 - 92,2,,10:12 PM
384,12,3,409,0020600397,Warrick Free Throw 2 of 2 (10 PTS),,4:34,4,4,0,0,101124,Hakim Warrick,MEM,Memphis,1610612763.0,Grizzlies,0,,,,,,0,,,,,,90 - 93,3,,10:12 PM
385,2,6,410,0020600397,Stoudamire S.FOUL (P3.T4),,4:13,4,4,5,1,757,Damon Stoudamire,MEM,Memphis,1610612763.0,Grizzlies,965,Derek Fisher,UTA,Utah,1610612762.0,Jazz,0,,,,,,,,,10:13 PM
386,11,3,411,0020600397,,,4:13,4,5,0,0,965,Derek Fisher,UTA,Utah,1610612762.0,Jazz,0,,,,,,0,,,,,,91 - 93,2,Fisher Free Throw 1 of 2 (10 PTS),10:13 PM
387,0,8,412,0020600397,,,4:13,4,5,5,0,1723,Matt Harpring,UTA,Utah,1610612762.0,Jazz,101114,Deron Williams,UTA,Utah,1610612762.0,Jazz,0,,,,,,,,SUB: D. Williams FOR Harpring,10:13 PM
388,12,3,413,0020600397,,,4:13,4,5,0,0,965,Derek Fisher,UTA,Utah,1610612762.0,Jazz,0,,,,,,0,,,,,,92 - 93,1,Fisher Free Throw 2 of 2 (11 PTS),10:13 PM
389,1,1,414,0020600397,Jones 21' Jump Shot (14 PTS) (Stoudamire 6 AST),,3:53,4,4,4,0,2563,Dahntay Jones,MEM,Memphis,1610612763.0,Grizzlies,757,Damon Stoudamire,MEM,Memphis,1610612763.0,Grizzlies,0,,,,,,92 - 95,3,,10:14 PM
390,5,2,415,0020600397,Al. Johnson BLOCK (1 BLK),,3:32,4,5,0,4,101114,Deron Williams,UTA,Utah,1610612762.0,Jazz,0,,,,,,200792,Alexander Johnson,MEM,Memphis,1610612763.0,Grizzlies,,,MISS D. Williams  Layup,10:14 PM
391,0,4,416,0020600397,,,3:30,4,5,0,0,2246,Mehmet Okur,UTA,Utah,1610612762.0,Jazz,0,,,,,,0,,,,,,,,Okur REBOUND (Off:2 Def:3),10:14 PM
392,1,2,417,0020600397,,,3:25,4,5,0,0,965,Derek Fisher,UTA,Utah,1610612762.0,Jazz,0,,,,,,0,,,,,,,,MISS Fisher 27' 3PT Jump Shot,10:14 PM
393,0,4,418,0020600397,Al. Johnson REBOUND (Off:1 Def:3),,3:24,4,4,0,0,200792,Alexander Johnson,MEM,Memphis,1610612763.0,Grizzlies,0,,,,,,0,,,,,,,,,10:14 PM
394,1,2,419,0020600397,MISS Miller 21' Jump Shot,,3:05,4,4,0,0,2034,Mike Miller,MEM,Memphis,1610612763.0,Grizzlies,0,,,,,,0,,,,,,,,,10:15 PM
395,0,4,420,0020600397,,,3:03,4,5,0,0,2246,Mehmet Okur,UTA,Utah,1610612762.0,Jazz,0,,,,,,0,,,,,,,,Okur REBOUND (Off:2 Def:4),10:15 PM
396,5,2,421,0020600397,Jones BLOCK (2 BLK),,2:51,4,5,0,4,2430,Carlos Boozer,UTA,Utah,1610612762.0,Jazz,0,,,,,,2563,Dahntay Jones,MEM,Memphis,1610612763.0,Grizzlies,,,MISS Boozer 3' Layup,10:15 PM
397,0,4,422,0020600397,,,2:49,4,5,0,0,2430,Carlos Boozer,UTA,Utah,1610612762.0,Jazz,0,,,,,,0,,,,,,,,Boozer REBOUND (Off:2 Def:8),10:15 PM
398,5,2,423,0020600397,Jones BLOCK (3 BLK),,2:47,4,5,0,4,2430,Carlos Boozer,UTA,Utah,1610612762.0,Jazz,0,,,,,,2563,Dahntay Jones,MEM,Memphis,1610612763.0,Grizzlies,,,MISS Boozer  Layup,10:15 PM
399,0,4,424,0020600397,,,2:46,4,3,0,0,1610612762,,,,,,0,,,,,,0,,,,,,,,Jazz Rebound,10:15 PM
400,1,9,425,0020600397,,,2:46,4,3,0,0,1610612762,,,,,,0,,,,,,0,,,,,,,,Jazz Timeout: Regular (Reg.4 Short 0),10:15 PM
401,5,2,429,0020600397,Al. Johnson BLOCK (2 BLK),,2:43,4,5,0,4,101114,Deron Williams,UTA,Utah,1610612762.0,Jazz,0,,,,,,200792,Alexander Johnson,MEM,Memphis,1610612763.0,Grizzlies,,,MISS D. Williams  Layup,10:17 PM
402,0,4,430,0020600397,,,2:41,4,5,0,0,2246,Mehmet Okur,UTA,Utah,1610612762.0,Jazz,0,,,,,,0,,,,,,,,Okur REBOUND (Off:3 Def:4),10:17 PM
403,1,2,431,0020600397,,,2:40,4,5,0,0,2246,Mehmet Okur,UTA,Utah,1610612762.0,Jazz,0,,,,,,0,,,,,,,,MISS Okur 25' 3PT Jump Shot,10:17 PM
404,0,4,432,0020600397,Miller REBOUND (Off:2 Def:3),,2:38,4,4,0,0,2034,Mike Miller,MEM,Memphis,1610612763.0,Grizzlies,0,,,,,,0,,,,,,,,,10:17 PM
405,1,6,433,0020600397,,,2:27,4,5,4,1,965,Derek Fisher,UTA,Utah,1610612762.0,Jazz,2034,Mike Miller,MEM,Memphis,1610612763.0,Grizzlies,0,,,,,,,,Fisher P.FOUL (P3.PN),10:18 PM
406,0,8,435,0020600397,SUB: Gasol FOR Warrick,,2:27,4,4,4,0,101124,Hakim Warrick,MEM,Memphis,1610612763.0,Grizzlies,2200,Pau Gasol,MEM,Memphis,1610612763.0,Grizzlies,0,,,,,,,,,10:18 PM
407,11,3,436,0020600397,Miller Free Throw 1 of 2 (27 PTS),,2:27,4,4,0,0,2034,Mike Miller,MEM,Memphis,1610612763.0,Grizzlies,0,,,,,,0,,,,,,92 - 96,4,,10:18 PM
408,12,3,437,0020600397,Miller Free Throw 2 of 2 (28 PTS),,2:27,4,4,0,0,2034,Mike Miller,MEM,Memphis,1610612763.0,Grizzlies,0,,,,,,0,,,,,,92 - 97,5,,10:18 PM
409,1,1,438,0020600397,,,2:17,4,5,5,0,1905,Andrei Kirilenko,UTA,Utah,1610612762.0,Jazz,101114,Deron Williams,UTA,Utah,1610612762.0,Jazz,0,,,,,,95 - 97,2,Kirilenko 25' 3PT Jump Shot (7 PTS) (D. Williams 8 AST),10:19 PM
410,1,2,439,0020600397,MISS Jones 20' Jump Shot,,1:52,4,4,0,0,2563,Dahntay Jones,MEM,Memphis,1610612763.0,Grizzlies,0,,,,,,0,,,,,,,,,10:19 PM
411,0,4,440,0020600397,,,1:51,4,5,0,0,2246,Mehmet Okur,UTA,Utah,1610612762.0,Jazz,0,,,,,,0,,,,,,,,Okur REBOUND (Off:3 Def:5),10:19 PM
412,1,2,441,0020600397,,,1:35,4,5,0,0,2246,Mehmet Okur,UTA,Utah,1610612762.0,Jazz,0,,,,,,0,,,,,,,,MISS Okur 25' 3PT Jump Shot,10:19 PM
413,0,4,442,0020600397,Stoudamire REBOUND (Off:0 Def:2),,1:34,4,4,0,0,757,Damon Stoudamire,MEM,Memphis,1610612763.0,Grizzlies,0,,,,,,0,,,,,,,,,10:19 PM
414,1,5,443,0020600397,Jones Bad Pass Turnover (P3.T18),,1:22,4,4,5,0,2563,Dahntay Jones,MEM,Memphis,1610612763.0,Grizzlies,965,Derek Fisher,UTA,Utah,1610612762.0,Jazz,0,,,,,,,,Fisher STEAL (1 STL),10:20 PM
415,1,5,444,0020600397,Al. Johnson STEAL (2 STL),,1:11,4,5,4,0,2430,Carlos Boozer,UTA,Utah,1610612762.0,Jazz,200792,Alexander Johnson,MEM,Memphis,1610612763.0,Grizzlies,0,,,,,,,,Boozer Bad Pass Turnover (P5.T12),10:20 PM
416,1,2,445,0020600397,MISS Stoudamire 26' 3PT Jump Shot,,0:49,4,4,0,0,757,Damon Stoudamire,MEM,Memphis,1610612763.0,Grizzlies,0,,,,,,0,,,,,,,,,10:20 PM
417,0,4,446,0020600397,,,0:48,4,5,0,0,2430,Carlos Boozer,UTA,Utah,1610612762.0,Jazz,0,,,,,,0,,,,,,,,Boozer REBOUND (Off:2 Def:9),10:20 PM
418,1,1,447,0020600397,,,0:36,4,5,5,0,2246,Mehmet Okur,UTA,Utah,1610612762.0,Jazz,101114,Deron Williams,UTA,Utah,1610612762.0,Jazz,0,,,,,,98 - 97,-1,Okur 27' 3PT Jump Shot (18 PTS) (D. Williams 9 AST),10:20 PM
419,2,9,448,0020600397,GRIZZLIES Timeout: Short (Full 4 Short 2),,0:36,4,2,0,0,1610612763,,,,,,0,,,,,,0,,,,,,,,,10:20 PM
420,5,2,451,0020600397,MISS Gasol  Layup,,0:20,4,4,0,0,2200,Pau Gasol,MEM,Memphis,1610612763.0,Grizzlies,0,,,,,,0,,,,,,,,,10:22 PM
421,0,4,452,0020600397,Stoudamire REBOUND (Off:1 Def:2),,0:18,4,4,0,0,757,Damon Stoudamire,MEM,Memphis,1610612763.0,Grizzlies,0,,,,,,0,,,,,,,,,10:22 PM
422,1,9,453,0020600397,GRIZZLIES Timeout: Regular (Full 5 Short 2),,0:09,4,2,0,0,1610612763,,,,,,0,,,,,,0,,,,,,,,,10:22 PM
423,0,8,456,0020600397,SUB: Cardinal FOR Al. Johnson,,0:09,4,4,4,0,200792,Alexander Johnson,MEM,Memphis,1610612763.0,Grizzlies,2073,Brian Cardinal,MEM,Memphis,1610612763.0,Grizzlies,0,,,,,,,,,10:24 PM
424,1,2,457,0020600397,MISS Cardinal 26' 3PT Jump Shot,,0:03,4,4,0,0,2073,Brian Cardinal,MEM,Memphis,1610612763.0,Grizzlies,0,,,,,,0,,,,,,,,,10:25 PM
425,0,4,458,0020600397,,,0:02,4,5,0,0,2246,Mehmet Okur,UTA,Utah,1610612762.0,Jazz,0,,,,,,0,,,,,,,,Okur REBOUND (Off:3 Def:6),10:25 PM
426,1,6,459,0020600397,Gasol P.FOUL (P3.PN),,0:02,4,4,5,1,2200,Pau Gasol,MEM,Memphis,1610612763.0,Grizzlies,2246,Mehmet Okur,UTA,Utah,1610612762.0,Jazz,0,,,,,,,,,10:25 PM
427,11,3,460,0020600397,,,0:02,4,5,0,0,2246,Mehmet Okur,UTA,Utah,1610612762.0,Jazz,0,,,,,,0,,,,,,99 - 97,-2,Okur Free Throw 1 of 2 (19 PTS),10:25 PM
428,12,3,461,0020600397,,,0:02,4,5,0,0,2246,Mehmet Okur,UTA,Utah,1610612762.0,Jazz,0,,,,,,0,,,,,,100 - 97,-3,Okur Free Throw 2 of 2 (20 PTS),10:25 PM
429,2,9,462,0020600397,GRIZZLIES Timeout: Short (Full 5 Short 3),,0:02,4,2,0,0,1610612763,,,,,,0,,,,,,0,,,,,,,,,10:25 PM
430,0,8,465,0020600397,SUB: Atkins FOR Jones,,0:02,4,4,4,0,2563,Dahntay Jones,MEM,Memphis,1610612763.0,Grizzlies,1088,Chucky Atkins,MEM,Memphis,1610612763.0,Grizzlies,0,,,,,,,,,10:27 PM
431,0,18,467,0020600397,,,0:00,4,0,0,1,0,,,,,,0,,,,,,0,,,,,,100 - 97,-3,,10:27 PM
432,0,13,468,0020600397,,,0:00,4,0,0,0,0,,,,,,0,,,,,,0,,,,,,100 - 97,-3,,10:28 PM
