,EVENTMSGACTIONTYPE,EVENTMSGTYPE,EVENTNUM,GAME_ID,HOMEDESCRIPTION,NEUTRALDESCRIPTION,PCTIMESTRING,PERIOD,PERSON1TYPE,PERSON2TYPE,PERSON3TYPE,PLAYER1_ID,PLAYER1_NAME,PLAYER1_TEAM_ABBREVIATION,PLAYER1_TEAM_CITY,PLAYER1_TEAM_ID,PLAYER1_TEAM_NICKNAME,PLAYER2_ID,PLAYER2_NAME,PLAYER2_TEAM_ABBREVIATION,PLAYER2_TEAM_CITY,PLAYER2_TEAM_ID,PLAYER2_TEAM_NICKNAME,PLAYER3_ID,PLAYER3_NAME,PLAYER3_TEAM_ABBREVIATION,PLAYER3_TEAM_CITY,PLAYER3_TEAM_ID,PLAYER3_TEAM_NICKNAME,SCORE,SCOREMARGIN,VISITORDESCRIPTION,WCTIMESTRING
0,0,12,0,0020600496,,,12:00,1,0,0,0,0,,,,,,0,,,,,,0,,,,,,,,,10:08 PM
1,0,10,1,0020600496,Jump Ball Abdur-Rahim vs. Przybilla: Tip to Jack,,12:00,1,4,5,5,949,Shareef Abdur-Rahim,SAC,Sacramento,1610612758.0,Kings,2038,Joel Przybilla,POR,Portland,1610612757.0,Trail Blazers,101127,Jarrett Jack,POR,Portland,1610612757.0,Trail Blazers,,,,10:08 PM
2,1,2,2,0020600496,,,11:43,1,5,0,0,2216,Zach Randolph,POR,Portland,1610612757.0,Trail Blazers,0,,,,,,0,,,,,,,,MISS Randolph 18' Jump Shot,10:09 PM
3,0,4,3,0020600496,Bibby REBOUND (Off:0 Def:1),,11:41,1,4,0,0,1710,Mike Bibby,SAC,Sacramento,1610612758.0,Kings,0,,,,,,0,,,,,,,,,10:09 PM
4,42,1,4,0020600496,Bibby  Driving Layup (2 PTS),,11:36,1,4,0,0,1710,Mike Bibby,SAC,Sacramento,1610612758.0,Kings,0,,,,,,0,,,,,,0 - 2,2,,10:09 PM
5,1,2,5,0020600496,,,11:26,1,5,0,0,2038,Joel Przybilla,POR,Portland,1610612757.0,Trail Blazers,0,,,,,,0,,,,,,,,MISS Przybilla 16' Jump Shot,10:09 PM
6,0,4,6,0020600496,Abdur-Rahim REBOUND (Off:0 Def:1),,11:23,1,4,0,0,949,Shareef Abdur-Rahim,SAC,Sacramento,1610612758.0,Kings,0,,,,,,0,,,,,,,,,10:09 PM
7,42,1,8,0020600496,Thomas  Driving Layup (2 PTS),,11:02,1,4,0,0,1903,Kenny Thomas,SAC,Sacramento,1610612758.0,Kings,0,,,,,,0,,,,,,0 - 4,4,,10:10 PM
8,65,2,9,0020600496,,,10:38,1,5,0,0,2038,Joel Przybilla,POR,Portland,1610612757.0,Trail Blazers,0,,,,,,0,,,,,,,,MISS Przybilla 11' Jump Hook Shot,10:10 PM
9,0,4,10,0020600496,World Peace REBOUND (Off:0 Def:1),,10:36,1,4,0,0,1897,Metta World Peace,SAC,Sacramento,1610612758.0,Kings,0,,,,,,0,,,,,,,,,10:10 PM
10,1,1,11,0020600496,Bibby  3PT Jump Shot (5 PTS) (Abdur-Rahim 1 AST),,10:25,1,4,4,0,1710,Mike Bibby,SAC,Sacramento,1610612758.0,Kings,949,Shareef Abdur-Rahim,SAC,Sacramento,1610612758.0,Kings,0,,,,,,0 - 7,7,,10:10 PM
11,40,5,12,0020600496,,,10:10,1,5,0,0,2216,Zach Randolph,POR,Portland,1610612757.0,Trail Blazers,0,,,,,,0,,,,,,,,Randolph Out of Bounds Lost Ball Turnover (P1.T1),10:10 PM
12,1,2,13,0020600496,MISS Martin 24' 3PT Jump Shot,,9:50,1,4,0,0,2755,Kevin Martin,SAC,Sacramento,1610612758.0,Kings,0,,,,,,0,,,,,,,,,10:11 PM
13,0,4,14,0020600496,,,9:49,1,5,0,0,2216,Zach Randolph,POR,Portland,1610612757.0,Trail Blazers,0,,,,,,0,,,,,,,,Randolph REBOUND (Off:0 Def:1),10:11 PM
14,42,1,15,0020600496,,,9:43,1,5,0,0,101127,Jarrett Jack,POR,Portland,1610612757.0,Trail Blazers,0,,,,,,0,,,,,,2 - 7,5,Jack  Driving Layup (2 PTS),10:11 PM
15,2,6,16,0020600496,Bibby S.FOUL (P1.T1),,9:43,1,4,5,1,1710,Mike Bibby,SAC,Sacramento,1610612758.0,Kings,101127,Jarrett Jack,POR,Portland,1610612757.0,Trail Blazers,0,,,,,,,,,10:11 PM
16,10,3,17,0020600496,,,9:43,1,5,0,0,101127,Jarrett Jack,POR,Portland,1610612757.0,Trail Blazers,0,,,,,,0,,,,,,3 - 7,4,Jack Free Throw 1 of 1 (3 PTS),10:11 PM
17,1,2,18,0020600496,MISS Abdur-Rahim 16' Jump Shot,,9:26,1,4,0,0,949,Shareef Abdur-Rahim,SAC,Sacramento,1610612758.0,Kings,0,,,,,,0,,,,,,,,,10:12 PM
18,0,4,19,0020600496,,,9:24,1,5,0,0,101127,Jarrett Jack,POR,Portland,1610612757.0,Trail Blazers,0,,,,,,0,,,,,,,,Jack REBOUND (Off:0 Def:1),10:12 PM
19,1,2,20,0020600496,,,9:15,1,5,0,0,2216,Zach Randolph,POR,Portland,1610612757.0,Trail Blazers,0,,,,,,0,,,,,,,,MISS Randolph 21' Jump Shot,10:12 PM
20,0,4,21,0020600496,Bibby REBOUND (Off:0 Def:2),,9:14,1,4,0,0,1710,Mike Bibby,SAC,Sacramento,1610612758.0,Kings,0,,,,,,0,,,,,,,,,10:12 PM
21,1,2,22,0020600496,MISS Thomas 7' Jump Shot,,9:03,1,4,0,0,1903,Kenny Thomas,SAC,Sacramento,1610612758.0,Kings,0,,,,,,0,,,,,,,,,10:12 PM
22,0,4,23,0020600496,,,9:01,1,5,0,0,2216,Zach Randolph,POR,Portland,1610612757.0,Trail Blazers,0,,,,,,0,,,,,,,,Randolph REBOUND (Off:0 Def:2),10:12 PM
23,1,1,24,0020600496,,,8:48,1,5,0,0,2137,Ime Udoka,POR,Portland,1610612757.0,Trail Blazers,0,,,,,,0,,,,,,5 - 7,2,Udoka 20' Jump Shot (2 PTS),10:12 PM
24,44,1,25,0020600496,World Peace  Reverse Layup (2 PTS),,8:30,1,4,0,0,1897,Metta World Peace,SAC,Sacramento,1610612758.0,Kings,0,,,,,,0,,,,,,5 - 9,4,,10:13 PM
25,42,1,26,0020600496,,,8:18,1,5,0,0,200750,Brandon Roy,POR,Portland,1610612757.0,Trail Blazers,0,,,,,,0,,,,,,7 - 9,2,Roy  Driving Layup (2 PTS),10:13 PM
26,1,2,27,0020600496,MISS Martin 24' 3PT Jump Shot,,7:58,1,4,0,0,2755,Kevin Martin,SAC,Sacramento,1610612758.0,Kings,0,,,,,,0,,,,,,,,,10:13 PM
27,0,4,28,0020600496,,,7:57,1,5,0,0,2038,Joel Przybilla,POR,Portland,1610612757.0,Trail Blazers,0,,,,,,0,,,,,,,,Przybilla REBOUND (Off:0 Def:1),10:13 PM
28,1,1,29,0020600496,,,7:46,1,5,0,0,2216,Zach Randolph,POR,Portland,1610612757.0,Trail Blazers,0,,,,,,0,,,,,,9 - 9,TIE,Randolph 16' Jump Shot (2 PTS),10:13 PM
29,1,1,30,0020600496,Martin 19' Jump Shot (2 PTS) (Thomas 1 AST),,7:28,1,4,4,0,2755,Kevin Martin,SAC,Sacramento,1610612758.0,Kings,1903,Kenny Thomas,SAC,Sacramento,1610612758.0,Kings,0,,,,,,9 - 11,2,,10:14 PM
30,1,1,31,0020600496,,,7:05,1,5,0,0,200750,Brandon Roy,POR,Portland,1610612757.0,Trail Blazers,0,,,,,,0,,,,,,11 - 11,TIE,Roy 22' Jump Shot (4 PTS),10:14 PM
31,1,2,32,0020600496,MISS Martin 18' Jump Shot,,6:56,1,4,0,0,2755,Kevin Martin,SAC,Sacramento,1610612758.0,Kings,0,,,,,,0,,,,,,,,,10:14 PM
32,0,4,34,0020600496,Abdur-Rahim REBOUND (Off:1 Def:1),,6:54,1,4,0,0,949,Shareef Abdur-Rahim,SAC,Sacramento,1610612758.0,Kings,0,,,,,,0,,,,,,,,,10:14 PM
33,4,2,33,0020600496,MISS Abdur-Rahim  Tip Shot,,6:54,1,4,0,0,949,Shareef Abdur-Rahim,SAC,Sacramento,1610612758.0,Kings,0,,,,,,0,,,,,,,,,10:14 PM
34,0,4,35,0020600496,,,6:53,1,5,0,0,2216,Zach Randolph,POR,Portland,1610612757.0,Trail Blazers,0,,,,,,0,,,,,,,,Randolph REBOUND (Off:0 Def:3),10:14 PM
35,1,2,36,0020600496,,,6:35,1,5,0,0,101127,Jarrett Jack,POR,Portland,1610612757.0,Trail Blazers,0,,,,,,0,,,,,,,,MISS Jack 20' Jump Shot,10:15 PM
36,0,4,37,0020600496,Thomas REBOUND (Off:0 Def:1),,6:34,1,4,0,0,1903,Kenny Thomas,SAC,Sacramento,1610612758.0,Kings,0,,,,,,0,,,,,,,,,10:15 PM
37,1,1,38,0020600496,Bibby 25' 3PT Jump Shot (8 PTS) (Thomas 2 AST),,6:17,1,4,4,0,1710,Mike Bibby,SAC,Sacramento,1610612758.0,Kings,1903,Kenny Thomas,SAC,Sacramento,1610612758.0,Kings,0,,,,,,11 - 14,3,,10:15 PM
38,1,5,39,0020600496,Bibby STEAL (1 STL),,6:02,1,5,4,0,200750,Brandon Roy,POR,Portland,1610612757.0,Trail Blazers,1710,Mike Bibby,SAC,Sacramento,1610612758.0,Kings,0,,,,,,,,Roy Bad Pass Turnover (P1.T2),10:15 PM
39,42,1,40,0020600496,Martin  Driving Layup (4 PTS),,5:50,1,4,0,0,2755,Kevin Martin,SAC,Sacramento,1610612758.0,Kings,0,,,,,,0,,,,,,11 - 16,5,,10:15 PM
40,2,6,41,0020600496,,,5:50,1,5,4,1,200750,Brandon Roy,POR,Portland,1610612757.0,Trail Blazers,2755,Kevin Martin,SAC,Sacramento,1610612758.0,Kings,0,,,,,,,,Roy S.FOUL (P1.T1),10:15 PM
41,1,9,42,0020600496,KINGS Timeout: Regular (Full 1 Short 0),,5:50,1,2,0,0,1610612758,,,,,,0,,,,,,0,,,,,,,,,10:16 PM
42,10,3,44,0020600496,Martin Free Throw 1 of 1 (5 PTS),,5:50,1,4,0,0,2755,Kevin Martin,SAC,Sacramento,1610612758.0,Kings,0,,,,,,0,,,,,,11 - 17,6,,10:18 PM
43,1,2,45,0020600496,,,5:34,1,5,0,0,2137,Ime Udoka,POR,Portland,1610612757.0,Trail Blazers,0,,,,,,0,,,,,,,,MISS Udoka 24' 3PT Jump Shot,10:19 PM
44,0,4,46,0020600496,Bibby REBOUND (Off:0 Def:3),,5:32,1,4,0,0,1710,Mike Bibby,SAC,Sacramento,1610612758.0,Kings,0,,,,,,0,,,,,,,,,10:19 PM
45,1,1,47,0020600496,Bibby 21' Jump Shot (10 PTS) (Martin 1 AST),,5:16,1,4,4,0,1710,Mike Bibby,SAC,Sacramento,1610612758.0,Kings,2755,Kevin Martin,SAC,Sacramento,1610612758.0,Kings,0,,,,,,11 - 19,8,,10:19 PM
46,1,2,48,0020600496,,,4:53,1,5,0,0,2137,Ime Udoka,POR,Portland,1610612757.0,Trail Blazers,0,,,,,,0,,,,,,,,MISS Udoka 24' 3PT Jump Shot,10:19 PM
47,0,4,49,0020600496,KINGS Rebound,,4:53,1,2,0,0,1610612758,,,,,,0,,,,,,0,,,,,,,,,10:19 PM
48,65,2,50,0020600496,MISS Thomas 4' Jump Hook Shot,,4:35,1,4,0,0,1903,Kenny Thomas,SAC,Sacramento,1610612758.0,Kings,0,,,,,,0,,,,,,,,,10:20 PM
49,0,4,51,0020600496,,,4:34,1,5,0,0,2216,Zach Randolph,POR,Portland,1610612757.0,Trail Blazers,0,,,,,,0,,,,,,,,Randolph REBOUND (Off:0 Def:4),10:20 PM
50,1,1,52,0020600496,,,4:28,1,5,5,0,200750,Brandon Roy,POR,Portland,1610612757.0,Trail Blazers,101127,Jarrett Jack,POR,Portland,1610612757.0,Trail Blazers,0,,,,,,13 - 19,6,Roy 14' Jump Shot (6 PTS) (Jack 1 AST),10:20 PM
51,1,1,53,0020600496,Martin 25' 3PT Jump Shot (8 PTS) (World Peace 1 AST),,4:13,1,4,4,0,2755,Kevin Martin,SAC,Sacramento,1610612758.0,Kings,1897,Metta World Peace,SAC,Sacramento,1610612758.0,Kings,0,,,,,,13 - 22,9,,10:20 PM
52,1,1,54,0020600496,,,3:53,1,5,0,0,2216,Zach Randolph,POR,Portland,1610612757.0,Trail Blazers,0,,,,,,0,,,,,,15 - 22,7,Randolph 6' Jump Shot (4 PTS),10:20 PM
53,42,1,55,0020600496,World Peace  Driving Layup (4 PTS),,3:42,1,4,0,0,1897,Metta World Peace,SAC,Sacramento,1610612758.0,Kings,0,,,,,,0,,,,,,15 - 24,9,,10:21 PM
54,4,6,56,0020600496,,,3:30,1,5,4,1,2216,Zach Randolph,POR,Portland,1610612757.0,Trail Blazers,1897,Metta World Peace,SAC,Sacramento,1610612758.0,Kings,0,,,,,,,,Randolph OFF.Foul (P1),10:21 PM
55,5,5,57,0020600496,,,3:30,1,5,0,1,2216,Zach Randolph,POR,Portland,1610612757.0,Trail Blazers,0,,,,,,0,,,,,,,,Randolph Foul Turnover (P2.T3),10:21 PM
56,1,7,58,0020600496,KINGS Violation: Delay of game Violation,,3:30,1,2,0,1,1610612758,,,,,,0,,,,,,0,,,,,,,,,10:21 PM
57,0,8,59,0020600496,SUB: Miller FOR Thomas,,3:30,1,4,4,0,1903,Kenny Thomas,SAC,Sacramento,1610612758.0,Kings,1802,Brad Miller,SAC,Sacramento,1610612758.0,Kings,0,,,,,,,,,10:21 PM
58,0,8,60,0020600496,,,3:30,1,5,5,0,2038,Joel Przybilla,POR,Portland,1610612757.0,Trail Blazers,200746,LaMarcus Aldridge,POR,Portland,1610612757.0,Trail Blazers,0,,,,,,,,SUB: Aldridge FOR Przybilla,10:21 PM
59,1,5,61,0020600496,Miller Bad Pass Turnover (P1.T1),,3:15,1,4,5,0,1802,Brad Miller,SAC,Sacramento,1610612758.0,Kings,200746,LaMarcus Aldridge,POR,Portland,1610612757.0,Trail Blazers,0,,,,,,,,Aldridge STEAL (1 STL),10:22 PM
60,7,1,62,0020600496,,,3:08,1,5,5,0,200750,Brandon Roy,POR,Portland,1610612757.0,Trail Blazers,101127,Jarrett Jack,POR,Portland,1610612757.0,Trail Blazers,0,,,,,,17 - 24,7,Roy  Dunk (8 PTS) (Jack 2 AST),10:22 PM
61,42,1,63,0020600496,Martin  Driving Layup (10 PTS),,2:54,1,4,0,0,2755,Kevin Martin,SAC,Sacramento,1610612758.0,Kings,0,,,,,,0,,,,,,17 - 26,9,,10:22 PM
62,42,1,65,0020600496,,,2:45,1,5,0,0,200750,Brandon Roy,POR,Portland,1610612757.0,Trail Blazers,0,,,,,,0,,,,,,19 - 26,7,Roy  Driving Layup (10 PTS),10:22 PM
63,1,5,67,0020600496,Abdur-Rahim Bad Pass Turnover (P1.T2),,2:28,1,4,5,0,949,Shareef Abdur-Rahim,SAC,Sacramento,1610612758.0,Kings,200746,LaMarcus Aldridge,POR,Portland,1610612757.0,Trail Blazers,0,,,,,,,,Aldridge STEAL (2 STL),10:22 PM
64,65,2,68,0020600496,,,2:17,1,5,0,0,2216,Zach Randolph,POR,Portland,1610612757.0,Trail Blazers,0,,,,,,0,,,,,,,,MISS Randolph 8' Jump Hook Shot,10:22 PM
65,0,4,69,0020600496,Miller REBOUND (Off:0 Def:1),,2:15,1,4,0,0,1802,Brad Miller,SAC,Sacramento,1610612758.0,Kings,0,,,,,,0,,,,,,,,,10:23 PM
66,1,2,70,0020600496,MISS Abdur-Rahim 5' Jump Shot,,2:09,1,4,0,5,949,Shareef Abdur-Rahim,SAC,Sacramento,1610612758.0,Kings,0,,,,,,2137,Ime Udoka,POR,Portland,1610612757.0,Trail Blazers,,,Udoka BLOCK (1 BLK),10:23 PM
67,0,4,71,0020600496,KINGS Rebound,,2:09,1,2,0,0,1610612758,,,,,,0,,,,,,0,,,,,,,,,10:23 PM
68,1,9,72,0020600496,,,2:09,1,3,0,0,1610612757,,,,,,0,,,,,,0,,,,,,,,Trail Blazers Timeout: Regular (Reg.1 Short 0),10:23 PM
69,0,8,74,0020600496,SUB: Salmons FOR World Peace,,2:09,1,4,4,0,1897,Metta World Peace,SAC,Sacramento,1610612758.0,Kings,2422,John Salmons,SAC,Sacramento,1610612758.0,Kings,0,,,,,,,,,10:25 PM
70,0,8,75,0020600496,,,2:09,1,5,5,0,2137,Ime Udoka,POR,Portland,1610612757.0,Trail Blazers,101110,Martell Webster,POR,Portland,1610612757.0,Trail Blazers,0,,,,,,,,SUB: Webster FOR Udoka,10:25 PM
71,2,6,76,0020600496,,,2:03,1,5,4,1,101110,Martell Webster,POR,Portland,1610612757.0,Trail Blazers,1802,Brad Miller,SAC,Sacramento,1610612758.0,Kings,0,,,,,,,,Webster S.FOUL (P1.T2),10:26 PM
72,11,3,77,0020600496,MISS Miller Free Throw 1 of 2,,2:03,1,4,0,0,1802,Brad Miller,SAC,Sacramento,1610612758.0,Kings,0,,,,,,0,,,,,,,,,10:26 PM
73,1,4,78,0020600496,KINGS Rebound,,2:03,1,2,0,0,1610612758,,,,,,0,,,,,,0,,,,,,,,,10:26 PM
74,12,3,79,0020600496,Miller Free Throw 2 of 2 (1 PTS),,2:03,1,4,0,0,1802,Brad Miller,SAC,Sacramento,1610612758.0,Kings,0,,,,,,0,,,,,,19 - 27,8,,10:26 PM
75,1,2,80,0020600496,,,1:47,1,5,0,0,200746,LaMarcus Aldridge,POR,Portland,1610612757.0,Trail Blazers,0,,,,,,0,,,,,,,,MISS Aldridge 11' Jump Shot,10:26 PM
76,0,4,81,0020600496,,,1:45,1,5,0,0,2216,Zach Randolph,POR,Portland,1610612757.0,Trail Blazers,0,,,,,,0,,,,,,,,Randolph REBOUND (Off:1 Def:4),10:26 PM
77,65,1,82,0020600496,,,1:43,1,5,0,0,2216,Zach Randolph,POR,Portland,1610612757.0,Trail Blazers,0,,,,,,0,,,,,,21 - 27,6,Randolph 7' Jump Hook Shot (6 PTS),10:26 PM
78,1,2,83,0020600496,MISS Salmons 18' Jump Shot,,1:25,1,4,0,0,2422,John Salmons,SAC,Sacramento,1610612758.0,Kings,0,,,,,,0,,,,,,,,,10:27 PM
79,0,4,84,0020600496,,,1:24,1,5,0,0,200750,Brandon Roy,POR,Portland,1610612757.0,Trail Blazers,0,,,,,,0,,,,,,,,Roy REBOUND (Off:0 Def:1),10:27 PM
80,1,1,85,0020600496,,,1:10,1,5,5,0,200750,Brandon Roy,POR,Portland,1610612757.0,Trail Blazers,101127,Jarrett Jack,POR,Portland,1610612757.0,Trail Blazers,0,,,,,,24 - 27,3,Roy 24' 3PT Jump Shot (13 PTS) (Jack 3 AST),10:27 PM
81,5,1,86,0020600496,Martin  Layup (12 PTS) (Miller 1 AST),,0:56,1,4,4,0,2755,Kevin Martin,SAC,Sacramento,1610612758.0,Kings,1802,Brad Miller,SAC,Sacramento,1610612758.0,Kings,0,,,,,,24 - 29,5,,10:27 PM
82,4,6,87,0020600496,,,0:41,1,5,4,1,200746,LaMarcus Aldridge,POR,Portland,1610612757.0,Trail Blazers,1710,Mike Bibby,SAC,Sacramento,1610612758.0,Kings,0,,,,,,,,Aldridge OFF.Foul (P1),10:28 PM
83,5,5,88,0020600496,,,0:41,1,5,0,1,200746,LaMarcus Aldridge,POR,Portland,1610612757.0,Trail Blazers,0,,,,,,0,,,,,,,,Aldridge Foul Turnover (P1.T4),10:28 PM
84,0,8,89,0020600496,,,0:41,1,5,5,0,200750,Brandon Roy,POR,Portland,1610612757.0,Trail Blazers,2413,Juan Dixon,POR,Portland,1610612757.0,Trail Blazers,0,,,,,,,,SUB: Dixon FOR Roy,10:28 PM
85,1,1,90,0020600496,Miller 18' Jump Shot (3 PTS) (Bibby 1 AST),,0:24,1,4,4,0,1802,Brad Miller,SAC,Sacramento,1610612758.0,Kings,1710,Mike Bibby,SAC,Sacramento,1610612758.0,Kings,0,,,,,,24 - 31,7,,10:28 PM
86,42,2,91,0020600496,,,0:02,1,5,0,0,101127,Jarrett Jack,POR,Portland,1610612757.0,Trail Blazers,0,,,,,,0,,,,,,,,MISS Jack  Driving Layup,10:29 PM
87,0,4,93,0020600496,,,0:02,1,5,0,0,200746,LaMarcus Aldridge,POR,Portland,1610612757.0,Trail Blazers,0,,,,,,0,,,,,,,,Aldridge REBOUND (Off:1 Def:0),10:29 PM
88,64,1,92,0020600496,,,0:02,1,5,0,0,200746,LaMarcus Aldridge,POR,Portland,1610612757.0,Trail Blazers,0,,,,,,0,,,,,,26 - 31,5,Aldridge  Follow Up Dunk (2 PTS),10:29 PM
89,1,5,94,0020600496,Miller Bad Pass Turnover (P2.T3),,0:02,1,4,0,0,1802,Brad Miller,SAC,Sacramento,1610612758.0,Kings,0,,,,,,0,,,,,,,,,10:29 PM
90,1,2,95,0020600496,,,0:01,1,5,0,0,2216,Zach Randolph,POR,Portland,1610612757.0,Trail Blazers,0,,,,,,0,,,,,,,,MISS Randolph 25' 3PT Jump Shot,10:29 PM
91,0,4,96,0020600496,,,0:00,1,5,0,0,101110,Martell Webster,POR,Portland,1610612757.0,Trail Blazers,0,,,,,,0,,,,,,,,Webster REBOUND (Off:1 Def:0),10:30 PM
92,5,1,97,0020600496,,,0:00,1,5,0,0,101110,Martell Webster,POR,Portland,1610612757.0,Trail Blazers,0,,,,,,0,,,,,,28 - 31,3,Webster  Layup (2 PTS),10:30 PM
93,0,18,99,0020600496,,,0:00,1,0,0,1,0,,,,,,0,,,,,,0,,,,,,28 - 31,3,,10:30 PM
94,0,13,100,0020600496,,,0:00,1,0,0,0,0,,,,,,0,,,,,,0,,,,,,28 - 31,3,,10:31 PM
95,0,12,102,0020600496,,,12:00,2,0,0,0,0,,,,,,0,,,,,,0,,,,,,28 - 31,3,,10:32 PM
96,1,6,103,0020600496,,,11:46,2,5,4,1,2413,Juan Dixon,POR,Portland,1610612757.0,Trail Blazers,1710,Mike Bibby,SAC,Sacramento,1610612758.0,Kings,0,,,,,,,,Dixon P.FOUL (P1.T1),10:33 PM
97,0,8,104,0020600496,SUB: Williamson FOR Abdur-Rahim,,11:46,2,4,4,0,949,Shareef Abdur-Rahim,SAC,Sacramento,1610612758.0,Kings,722,Corliss Williamson,SAC,Sacramento,1610612758.0,Kings,0,,,,,,,,,10:33 PM
98,1,2,105,0020600496,MISS Douby 16' Jump Shot,,11:39,2,4,0,5,200763,Quincy Douby,SAC,Sacramento,1610612758.0,Kings,0,,,,,,2048,Jamaal Magloire,POR,Portland,1610612757.0,Trail Blazers,,,Magloire BLOCK (1 BLK),10:33 PM
99,0,4,106,0020600496,,,11:37,2,5,0,0,200746,LaMarcus Aldridge,POR,Portland,1610612757.0,Trail Blazers,0,,,,,,0,,,,,,,,Aldridge REBOUND (Off:1 Def:1),10:33 PM
100,1,1,107,0020600496,,,11:31,2,5,5,0,101110,Martell Webster,POR,Portland,1610612757.0,Trail Blazers,101127,Jarrett Jack,POR,Portland,1610612757.0,Trail Blazers,0,,,,,,31 - 31,TIE,Webster  3PT Jump Shot (5 PTS) (Jack 4 AST),10:33 PM
101,1,1,108,0020600496,Bibby 22' Jump Shot (12 PTS),,11:18,2,4,0,0,1710,Mike Bibby,SAC,Sacramento,1610612758.0,Kings,0,,,,,,0,,,,,,31 - 33,2,,10:33 PM
102,2,5,109,0020600496,Douby STEAL (1 STL),,10:58,2,5,4,0,2048,Jamaal Magloire,POR,Portland,1610612757.0,Trail Blazers,200763,Quincy Douby,SAC,Sacramento,1610612758.0,Kings,0,,,,,,,,Magloire Lost Ball Turnover (P1.T5),10:34 PM
103,1,2,110,0020600496,MISS Miller 11' Jump Shot,,10:43,2,4,0,0,1802,Brad Miller,SAC,Sacramento,1610612758.0,Kings,0,,,,,,0,,,,,,,,,10:34 PM
104,0,4,111,0020600496,,,10:41,2,5,0,0,200746,LaMarcus Aldridge,POR,Portland,1610612757.0,Trail Blazers,0,,,,,,0,,,,,,,,Aldridge REBOUND (Off:1 Def:2),10:34 PM
105,1,1,112,0020600496,,,10:27,2,5,5,0,2413,Juan Dixon,POR,Portland,1610612757.0,Trail Blazers,101127,Jarrett Jack,POR,Portland,1610612757.0,Trail Blazers,0,,,,,,33 - 33,TIE,Dixon 23' Jump Shot (2 PTS) (Jack 5 AST),10:34 PM
106,2,6,113,0020600496,,,10:13,2,5,4,1,2048,Jamaal Magloire,POR,Portland,1610612757.0,Trail Blazers,722,Corliss Williamson,SAC,Sacramento,1610612758.0,Kings,0,,,,,,,,Magloire S.FOUL (P1.T2),10:35 PM
107,0,8,114,0020600496,,,10:13,2,5,5,0,101127,Jarrett Jack,POR,Portland,1610612757.0,Trail Blazers,200771,Sergio Rodriguez,POR,Portland,1610612757.0,Trail Blazers,0,,,,,,,,SUB: Rodriguez FOR Jack,10:35 PM
108,0,8,115,0020600496,SUB: World Peace FOR Bibby,,10:13,2,4,4,0,1710,Mike Bibby,SAC,Sacramento,1610612758.0,Kings,1897,Metta World Peace,SAC,Sacramento,1610612758.0,Kings,0,,,,,,,,,10:35 PM
109,11,3,116,0020600496,Williamson Free Throw 1 of 2 (1 PTS),,10:13,2,4,0,0,722,Corliss Williamson,SAC,Sacramento,1610612758.0,Kings,0,,,,,,0,,,,,,33 - 34,1,,10:35 PM
110,12,3,117,0020600496,Williamson Free Throw 2 of 2 (2 PTS),,10:13,2,4,0,0,722,Corliss Williamson,SAC,Sacramento,1610612758.0,Kings,0,,,,,,0,,,,,,33 - 35,2,,10:35 PM
111,1,2,118,0020600496,,,9:51,2,5,0,0,101110,Martell Webster,POR,Portland,1610612757.0,Trail Blazers,0,,,,,,0,,,,,,,,MISS Webster  3PT Jump Shot,10:36 PM
112,0,4,119,0020600496,Miller REBOUND (Off:0 Def:2),,9:49,2,4,0,0,1802,Brad Miller,SAC,Sacramento,1610612758.0,Kings,0,,,,,,0,,,,,,,,,10:36 PM
113,5,2,120,0020600496,MISS Williamson  Layup,,9:40,2,4,0,0,722,Corliss Williamson,SAC,Sacramento,1610612758.0,Kings,0,,,,,,0,,,,,,,,,10:36 PM
114,0,4,121,0020600496,,,9:39,2,5,0,0,200746,LaMarcus Aldridge,POR,Portland,1610612757.0,Trail Blazers,0,,,,,,0,,,,,,,,Aldridge REBOUND (Off:1 Def:3),10:36 PM
115,1,1,122,0020600496,,,9:28,2,5,5,0,2413,Juan Dixon,POR,Portland,1610612757.0,Trail Blazers,200771,Sergio Rodriguez,POR,Portland,1610612757.0,Trail Blazers,0,,,,,,36 - 35,-1,Dixon 24' 3PT Jump Shot (5 PTS) (Rodriguez 1 AST),10:36 PM
116,1,1,123,0020600496,Douby 25' 3PT Jump Shot (3 PTS) (Salmons 1 AST),,9:13,2,4,4,0,200763,Quincy Douby,SAC,Sacramento,1610612758.0,Kings,2422,John Salmons,SAC,Sacramento,1610612758.0,Kings,0,,,,,,36 - 38,2,,10:36 PM
117,1,6,124,0020600496,Salmons P.FOUL (P1.T1),,8:50,2,4,5,1,2422,John Salmons,SAC,Sacramento,1610612758.0,Kings,2413,Juan Dixon,POR,Portland,1610612757.0,Trail Blazers,0,,,,,,,,,10:37 PM
118,4,9,125,0020600496,,,8:50,2,1,0,0,0,,,,,,0,,,,,,0,,,,,,,,,10:37 PM
119,1,2,128,0020600496,,,8:42,2,5,0,0,2413,Juan Dixon,POR,Portland,1610612757.0,Trail Blazers,0,,,,,,0,,,,,,,,MISS Dixon 24' 3PT Jump Shot,10:40 PM
120,0,4,129,0020600496,,,8:40,2,5,0,0,2413,Juan Dixon,POR,Portland,1610612757.0,Trail Blazers,0,,,,,,0,,,,,,,,Dixon REBOUND (Off:1 Def:0),10:40 PM
121,4,5,130,0020600496,,,8:25,2,5,0,1,2413,Juan Dixon,POR,Portland,1610612757.0,Trail Blazers,0,,,,,,0,,,,,,,,Dixon Traveling Turnover (P1.T6),10:40 PM
122,1,2,131,0020600496,MISS Miller 19' Jump Shot,,8:05,2,4,0,0,1802,Brad Miller,SAC,Sacramento,1610612758.0,Kings,0,,,,,,0,,,,,,,,,10:41 PM
123,0,4,132,0020600496,,,8:03,2,5,0,0,101110,Martell Webster,POR,Portland,1610612757.0,Trail Blazers,0,,,,,,0,,,,,,,,Webster REBOUND (Off:1 Def:1),10:41 PM
124,2,2,133,0020600496,Miller BLOCK (1 BLK),,7:52,2,5,0,4,200746,LaMarcus Aldridge,POR,Portland,1610612757.0,Trail Blazers,0,,,,,,1802,Brad Miller,SAC,Sacramento,1610612758.0,Kings,,,MISS Aldridge 6' Running Jump Shot,10:41 PM
125,0,4,142,0020600496,Williamson REBOUND (Off:0 Def:1),,7:52,2,4,0,0,722,Corliss Williamson,SAC,Sacramento,1610612758.0,Kings,0,,,,,,0,,,,,,,,,10:41 PM
126,42,1,134,0020600496,World Peace  Driving Layup (6 PTS) (Williamson 1 AST),,7:48,2,4,4,0,1897,Metta World Peace,SAC,Sacramento,1610612758.0,Kings,722,Corliss Williamson,SAC,Sacramento,1610612758.0,Kings,0,,,,,,36 - 40,4,,10:41 PM
127,1,2,135,0020600496,,,7:23,2,5,0,0,200771,Sergio Rodriguez,POR,Portland,1610612757.0,Trail Blazers,0,,,,,,0,,,,,,,,MISS Rodriguez 25' 3PT Jump Shot,10:41 PM
128,0,4,136,0020600496,,,7:22,2,3,0,0,1610612757,,,,,,0,,,,,,0,,,,,,,,Trail Blazers Rebound,10:41 PM
129,3,6,137,0020600496,Williamson L.B.FOUL (P1.T2),,7:22,2,4,5,1,722,Corliss Williamson,SAC,Sacramento,1610612758.0,Kings,2048,Jamaal Magloire,POR,Portland,1610612757.0,Trail Blazers,0,,,,,,,,,10:41 PM
130,0,8,138,0020600496,,,7:22,2,5,5,0,200746,LaMarcus Aldridge,POR,Portland,1610612757.0,Trail Blazers,2216,Zach Randolph,POR,Portland,1610612757.0,Trail Blazers,0,,,,,,,,SUB: Randolph FOR Aldridge,10:42 PM
131,1,1,139,0020600496,,,7:09,2,5,5,0,200771,Sergio Rodriguez,POR,Portland,1610612757.0,Trail Blazers,2216,Zach Randolph,POR,Portland,1610612757.0,Trail Blazers,0,,,,,,39 - 40,1,Rodriguez 25' 3PT Jump Shot (3 PTS) (Randolph 1 AST),10:42 PM
132,57,1,140,0020600496,World Peace 5' Driving Hook Shot (8 PTS),,6:46,2,4,0,0,1897,Metta World Peace,SAC,Sacramento,1610612758.0,Kings,0,,,,,,0,,,,,,39 - 42,3,,10:42 PM
133,1,1,143,0020600496,,,6:27,2,5,5,0,2413,Juan Dixon,POR,Portland,1610612757.0,Trail Blazers,2048,Jamaal Magloire,POR,Portland,1610612757.0,Trail Blazers,0,,,,,,42 - 42,TIE,Dixon 24' 3PT Jump Shot (8 PTS) (Magloire 1 AST),10:43 PM
134,42,2,145,0020600496,MISS Douby 2' Driving Layup,,6:08,2,4,0,0,200763,Quincy Douby,SAC,Sacramento,1610612758.0,Kings,0,,,,,,0,,,,,,,,,10:43 PM
135,0,4,146,0020600496,,,6:07,2,5,0,0,2216,Zach Randolph,POR,Portland,1610612757.0,Trail Blazers,0,,,,,,0,,,,,,,,Randolph REBOUND (Off:1 Def:5),10:43 PM
136,40,5,147,0020600496,,,6:02,2,5,0,0,101110,Martell Webster,POR,Portland,1610612757.0,Trail Blazers,0,,,,,,0,,,,,,,,Webster Out of Bounds Lost Ball Turnover (P1.T7),10:43 PM
137,0,8,148,0020600496,SUB: Martin FOR Miller,,6:02,2,4,4,0,1802,Brad Miller,SAC,Sacramento,1610612758.0,Kings,2755,Kevin Martin,SAC,Sacramento,1610612758.0,Kings,0,,,,,,,,,10:43 PM
138,0,8,149,0020600496,SUB: Thomas FOR Douby,,6:02,2,4,4,0,200763,Quincy Douby,SAC,Sacramento,1610612758.0,Kings,1903,Kenny Thomas,SAC,Sacramento,1610612758.0,Kings,0,,,,,,,,,10:43 PM
139,8,5,151,0020600496,Thomas 3 Second Violation Turnover (P1.T4),,5:47,2,4,0,1,1903,Kenny Thomas,SAC,Sacramento,1610612758.0,Kings,0,,,,,,0,,,,,,,,,10:44 PM
140,1,9,152,0020600496,KINGS Timeout: Regular (Full 2 Short 0),,5:47,2,2,0,0,1610612758,,,,,,0,,,,,,0,,,,,,,,,10:44 PM
141,1,1,155,0020600496,,,5:27,2,5,0,0,2216,Zach Randolph,POR,Portland,1610612757.0,Trail Blazers,0,,,,,,0,,,,,,44 - 42,-2,Randolph 13' Jump Shot (8 PTS),10:47 PM
142,2,6,156,0020600496,,,5:11,2,5,4,1,200771,Sergio Rodriguez,POR,Portland,1610612757.0,Trail Blazers,2422,John Salmons,SAC,Sacramento,1610612758.0,Kings,0,,,,,,,,Rodriguez S.FOUL (P1.T3),10:47 PM
143,11,3,157,0020600496,Salmons Free Throw 1 of 2 (1 PTS),,5:11,2,4,0,0,2422,John Salmons,SAC,Sacramento,1610612758.0,Kings,0,,,,,,0,,,,,,44 - 43,-1,,10:47 PM
144,12,3,158,0020600496,Salmons Free Throw 2 of 2 (2 PTS),,5:11,2,4,0,0,2422,John Salmons,SAC,Sacramento,1610612758.0,Kings,0,,,,,,0,,,,,,44 - 44,TIE,,10:48 PM
145,1,6,159,0020600496,Martin P.FOUL (P1.T3),,5:02,2,4,5,1,2755,Kevin Martin,SAC,Sacramento,1610612758.0,Kings,200771,Sergio Rodriguez,POR,Portland,1610612757.0,Trail Blazers,0,,,,,,,,,10:48 PM
146,0,8,160,0020600496,SUB: Bibby FOR Williamson,,5:02,2,4,4,0,722,Corliss Williamson,SAC,Sacramento,1610612758.0,Kings,1710,Mike Bibby,SAC,Sacramento,1610612758.0,Kings,0,,,,,,,,,10:48 PM
147,0,8,161,0020600496,,,5:02,2,5,5,0,200771,Sergio Rodriguez,POR,Portland,1610612757.0,Trail Blazers,101127,Jarrett Jack,POR,Portland,1610612757.0,Trail Blazers,0,,,,,,,,SUB: Jack FOR Rodriguez,10:48 PM
148,1,2,162,0020600496,,,4:47,2,5,0,0,2048,Jamaal Magloire,POR,Portland,1610612757.0,Trail Blazers,0,,,,,,0,,,,,,,,MISS Magloire 5' Jump Shot,10:49 PM
149,0,4,163,0020600496,Martin REBOUND (Off:0 Def:1),,4:46,2,4,0,0,2755,Kevin Martin,SAC,Sacramento,1610612758.0,Kings,0,,,,,,0,,,,,,,,,10:49 PM
150,1,2,164,0020600496,MISS Salmons 16' Jump Shot,,4:35,2,4,0,0,2422,John Salmons,SAC,Sacramento,1610612758.0,Kings,0,,,,,,0,,,,,,,,,10:49 PM
151,0,4,165,0020600496,,,4:33,2,5,0,0,2413,Juan Dixon,POR,Portland,1610612757.0,Trail Blazers,0,,,,,,0,,,,,,,,Dixon REBOUND (Off:1 Def:1),10:49 PM
152,2,5,166,0020600496,World Peace STEAL (1 STL),,4:20,2,5,4,0,2216,Zach Randolph,POR,Portland,1610612757.0,Trail Blazers,1897,Metta World Peace,SAC,Sacramento,1610612758.0,Kings,0,,,,,,,,Randolph Lost Ball Turnover (P3.T8),10:49 PM
153,2,6,167,0020600496,,,4:17,2,5,4,1,101127,Jarrett Jack,POR,Portland,1610612757.0,Trail Blazers,2755,Kevin Martin,SAC,Sacramento,1610612758.0,Kings,0,,,,,,,,Jack S.FOUL (P1.T4),10:49 PM
154,0,8,168,0020600496,,,4:17,2,5,5,0,101110,Martell Webster,POR,Portland,1610612757.0,Trail Blazers,200750,Brandon Roy,POR,Portland,1610612757.0,Trail Blazers,0,,,,,,,,SUB: Roy FOR Webster,10:49 PM
155,11,3,169,0020600496,Martin Free Throw 1 of 2 (13 PTS),,4:17,2,4,0,0,2755,Kevin Martin,SAC,Sacramento,1610612758.0,Kings,0,,,,,,0,,,,,,44 - 45,1,,10:49 PM
156,12,3,170,0020600496,Martin Free Throw 2 of 2 (14 PTS),,4:17,2,4,0,0,2755,Kevin Martin,SAC,Sacramento,1610612758.0,Kings,0,,,,,,0,,,,,,44 - 46,2,,10:50 PM
157,1,2,171,0020600496,,,4:01,2,5,0,0,101127,Jarrett Jack,POR,Portland,1610612757.0,Trail Blazers,0,,,,,,0,,,,,,,,MISS Jack 25' 3PT Jump Shot,10:50 PM
158,0,4,172,0020600496,Salmons REBOUND (Off:0 Def:1),,4:00,2,4,0,0,2422,John Salmons,SAC,Sacramento,1610612758.0,Kings,0,,,,,,0,,,,,,,,,10:50 PM
159,1,1,173,0020600496,Bibby 25' 3PT Jump Shot (15 PTS) (Salmons 2 AST),,3:54,2,4,4,0,1710,Mike Bibby,SAC,Sacramento,1610612758.0,Kings,2422,John Salmons,SAC,Sacramento,1610612758.0,Kings,0,,,,,,44 - 49,5,,10:50 PM
160,5,1,174,0020600496,,,3:34,2,5,5,0,2216,Zach Randolph,POR,Portland,1610612757.0,Trail Blazers,101127,Jarrett Jack,POR,Portland,1610612757.0,Trail Blazers,0,,,,,,46 - 49,3,Randolph  Layup (10 PTS) (Jack 6 AST),10:51 PM
161,47,2,175,0020600496,MISS World Peace 10' Turnaround Jump Shot,,3:17,2,4,0,0,1897,Metta World Peace,SAC,Sacramento,1610612758.0,Kings,0,,,,,,0,,,,,,,,,10:51 PM
162,0,4,176,0020600496,,,3:15,2,5,0,0,200750,Brandon Roy,POR,Portland,1610612757.0,Trail Blazers,0,,,,,,0,,,,,,,,Roy REBOUND (Off:0 Def:2),10:51 PM
163,65,1,177,0020600496,,,3:05,2,5,0,0,2216,Zach Randolph,POR,Portland,1610612757.0,Trail Blazers,0,,,,,,0,,,,,,48 - 49,1,Randolph 7' Jump Hook Shot (12 PTS),10:51 PM
164,2,6,178,0020600496,World Peace S.FOUL (P1.T4),,3:05,2,4,5,1,1897,Metta World Peace,SAC,Sacramento,1610612758.0,Kings,2216,Zach Randolph,POR,Portland,1610612757.0,Trail Blazers,0,,,,,,,,,10:51 PM
165,0,8,179,0020600496,,,3:05,2,5,5,0,2413,Juan Dixon,POR,Portland,1610612757.0,Trail Blazers,2137,Ime Udoka,POR,Portland,1610612757.0,Trail Blazers,0,,,,,,,,SUB: Udoka FOR Dixon,10:51 PM
166,10,3,180,0020600496,,,3:05,2,5,0,0,2216,Zach Randolph,POR,Portland,1610612757.0,Trail Blazers,0,,,,,,0,,,,,,49 - 49,TIE,Randolph Free Throw 1 of 1 (13 PTS),10:51 PM
167,1,5,181,0020600496,World Peace Bad Pass Turnover (P1.T5),,2:50,2,4,5,0,1897,Metta World Peace,SAC,Sacramento,1610612758.0,Kings,2137,Ime Udoka,POR,Portland,1610612757.0,Trail Blazers,0,,,,,,,,Udoka STEAL (1 STL),10:52 PM
168,5,2,182,0020600496,World Peace BLOCK (1 BLK),,2:45,2,5,0,4,2216,Zach Randolph,POR,Portland,1610612757.0,Trail Blazers,0,,,,,,1897,Metta World Peace,SAC,Sacramento,1610612758.0,Kings,,,MISS Randolph  Layup,10:52 PM
169,0,4,183,0020600496,,,2:44,2,5,0,0,2137,Ime Udoka,POR,Portland,1610612757.0,Trail Blazers,0,,,,,,0,,,,,,,,Udoka REBOUND (Off:1 Def:0),10:52 PM
170,2,6,184,0020600496,World Peace S.FOUL (P2.PN),,2:44,2,4,5,1,1897,Metta World Peace,SAC,Sacramento,1610612758.0,Kings,2137,Ime Udoka,POR,Portland,1610612757.0,Trail Blazers,0,,,,,,,,,10:52 PM
171,1,9,185,0020600496,,,2:44,2,3,0,0,1610612757,,,,,,0,,,,,,0,,,,,,,,Trail Blazers Timeout: Regular (Reg.2 Short 0),10:53 PM
172,11,3,189,0020600496,,,2:44,2,5,0,0,2137,Ime Udoka,POR,Portland,1610612757.0,Trail Blazers,0,,,,,,0,,,,,,50 - 49,-1,Udoka Free Throw 1 of 2 (3 PTS),10:55 PM
173,12,3,190,0020600496,,,2:44,2,5,0,0,2137,Ime Udoka,POR,Portland,1610612757.0,Trail Blazers,0,,,,,,0,,,,,,51 - 49,-2,Udoka Free Throw 2 of 2 (4 PTS),10:55 PM
174,1,1,191,0020600496,World Peace 23' Jump Shot (10 PTS),,2:32,2,4,0,0,1897,Metta World Peace,SAC,Sacramento,1610612758.0,Kings,0,,,,,,0,,,,,,51 - 51,TIE,,10:55 PM
175,47,1,192,0020600496,,,2:05,2,5,0,0,2137,Ime Udoka,POR,Portland,1610612757.0,Trail Blazers,0,,,,,,0,,,,,,53 - 51,-2,Udoka 14' Turnaround Jump Shot (6 PTS),10:56 PM
176,1,6,193,0020600496,,,1:55,2,5,4,1,2137,Ime Udoka,POR,Portland,1610612757.0,Trail Blazers,2755,Kevin Martin,SAC,Sacramento,1610612758.0,Kings,0,,,,,,,,Udoka P.FOUL (P1.PN),10:56 PM
177,11,3,194,0020600496,Martin Free Throw 1 of 2 (15 PTS),,1:55,2,4,0,0,2755,Kevin Martin,SAC,Sacramento,1610612758.0,Kings,0,,,,,,0,,,,,,53 - 52,-1,,10:56 PM
178,12,3,195,0020600496,Martin Free Throw 2 of 2 (16 PTS),,1:55,2,4,0,0,2755,Kevin Martin,SAC,Sacramento,1610612758.0,Kings,0,,,,,,0,,,,,,53 - 53,TIE,,10:57 PM
179,1,1,196,0020600496,,,1:41,2,5,5,0,101127,Jarrett Jack,POR,Portland,1610612757.0,Trail Blazers,2216,Zach Randolph,POR,Portland,1610612757.0,Trail Blazers,0,,,,,,56 - 53,-3,Jack 25' 3PT Jump Shot (6 PTS) (Randolph 2 AST),10:57 PM
180,4,5,197,0020600496,Salmons Traveling Turnover (P1.T6),,1:27,2,4,0,1,2422,John Salmons,SAC,Sacramento,1610612758.0,Kings,0,,,,,,0,,,,,,,,,10:57 PM
181,42,2,198,0020600496,World Peace BLOCK (2 BLK),,1:14,2,5,0,4,200750,Brandon Roy,POR,Portland,1610612757.0,Trail Blazers,0,,,,,,1897,Metta World Peace,SAC,Sacramento,1610612758.0,Kings,,,MISS Roy  Driving Layup,10:58 PM
182,0,4,199,0020600496,,,1:13,2,3,0,0,1610612757,,,,,,0,,,,,,0,,,,,,,,Trail Blazers Rebound,10:58 PM
183,5,2,200,0020600496,Salmons BLOCK (1 BLK),,1:08,2,5,0,4,2137,Ime Udoka,POR,Portland,1610612757.0,Trail Blazers,0,,,,,,2422,John Salmons,SAC,Sacramento,1610612758.0,Kings,,,MISS Udoka  Layup,10:58 PM
184,0,4,201,0020600496,World Peace REBOUND (Off:0 Def:2),,1:06,2,4,0,0,1897,Metta World Peace,SAC,Sacramento,1610612758.0,Kings,0,,,,,,0,,,,,,,,,10:58 PM
185,14,6,202,0020600496,,,0:59,2,5,4,1,2048,Jamaal Magloire,POR,Portland,1610612757.0,Trail Blazers,2422,John Salmons,SAC,Sacramento,1610612758.0,Kings,0,,,,,,,,Magloire FLAGRANT.FOUL.TYPE1 (P2.PN),10:58 PM
186,18,3,203,0020600496,MISS Salmons Free Throw Flagrant 1 of 2,,0:59,2,4,0,0,2422,John Salmons,SAC,Sacramento,1610612758.0,Kings,0,,,,,,0,,,,,,,,,10:59 PM
187,1,4,204,0020600496,KINGS Rebound,,0:59,2,2,0,0,1610612758,,,,,,0,,,,,,0,,,,,,,,,10:59 PM
188,19,3,205,0020600496,Salmons Free Throw Flagrant 2 of 2 (3 PTS),,0:59,2,4,0,0,2422,John Salmons,SAC,Sacramento,1610612758.0,Kings,0,,,,,,0,,,,,,56 - 54,-2,,10:59 PM
189,0,8,206,0020600496,,,0:59,2,5,5,0,2048,Jamaal Magloire,POR,Portland,1610612757.0,Trail Blazers,200746,LaMarcus Aldridge,POR,Portland,1610612757.0,Trail Blazers,0,,,,,,,,SUB: Aldridge FOR Magloire,10:59 PM
190,1,1,207,0020600496,World Peace 25' 3PT Jump Shot (13 PTS) (Salmons 3 AST),,0:50,2,4,4,0,1897,Metta World Peace,SAC,Sacramento,1610612758.0,Kings,2422,John Salmons,SAC,Sacramento,1610612758.0,Kings,0,,,,,,56 - 57,1,,11:00 PM
191,2,6,208,0020600496,Martin S.FOUL (P2.PN),,0:37,2,4,5,1,2755,Kevin Martin,SAC,Sacramento,1610612758.0,Kings,2216,Zach Randolph,POR,Portland,1610612757.0,Trail Blazers,0,,,,,,,,,11:00 PM
192,11,3,209,0020600496,,,0:37,2,5,0,0,2216,Zach Randolph,POR,Portland,1610612757.0,Trail Blazers,0,,,,,,0,,,,,,57 - 57,TIE,Randolph Free Throw 1 of 2 (14 PTS),11:01 PM
193,12,3,210,0020600496,,,0:37,2,5,0,0,2216,Zach Randolph,POR,Portland,1610612757.0,Trail Blazers,0,,,,,,0,,,,,,58 - 57,-1,Randolph Free Throw 2 of 2 (15 PTS),11:01 PM
194,2,6,211,0020600496,,,0:31,2,5,4,1,101127,Jarrett Jack,POR,Portland,1610612757.0,Trail Blazers,1710,Mike Bibby,SAC,Sacramento,1610612758.0,Kings,0,,,,,,,,Jack S.FOUL (P2.PN),11:01 PM
195,11,3,212,0020600496,Bibby Free Throw 1 of 2 (16 PTS),,0:31,2,4,0,0,1710,Mike Bibby,SAC,Sacramento,1610612758.0,Kings,0,,,,,,0,,,,,,58 - 58,TIE,,11:01 PM
196,0,8,213,0020600496,SUB: Garcia FOR Martin,,0:31,2,4,4,0,2755,Kevin Martin,SAC,Sacramento,1610612758.0,Kings,101128,Francisco Garcia,SAC,Sacramento,1610612758.0,Kings,0,,,,,,,,,11:01 PM
197,0,8,214,0020600496,,,0:31,2,5,5,0,101127,Jarrett Jack,POR,Portland,1610612757.0,Trail Blazers,101110,Martell Webster,POR,Portland,1610612757.0,Trail Blazers,0,,,,,,,,SUB: Webster FOR Jack,11:01 PM
198,0,8,215,0020600496,SUB: Williamson FOR World Peace,,0:31,2,4,4,0,1897,Metta World Peace,SAC,Sacramento,1610612758.0,Kings,722,Corliss Williamson,SAC,Sacramento,1610612758.0,Kings,0,,,,,,,,,11:02 PM
199,12,3,216,0020600496,Bibby Free Throw 2 of 2 (17 PTS),,0:31,2,4,0,0,1710,Mike Bibby,SAC,Sacramento,1610612758.0,Kings,0,,,,,,0,,,,,,58 - 59,1,,11:02 PM
200,42,1,217,0020600496,,,0:13,2,5,0,0,200750,Brandon Roy,POR,Portland,1610612757.0,Trail Blazers,0,,,,,,0,,,,,,60 - 59,-1,Roy  Driving Layup (15 PTS),11:02 PM
201,1,2,218,0020600496,MISS Bibby 22' Jump Shot,,0:01,2,4,0,0,1710,Mike Bibby,SAC,Sacramento,1610612758.0,Kings,0,,,,,,0,,,,,,,,,11:02 PM
202,0,4,219,0020600496,,,0:01,2,3,0,0,1610612757,,,,,,0,,,,,,0,,,,,,,,Trail Blazers Rebound,11:02 PM
203,2,9,220,0020600496,,,0:01,2,3,0,0,1610612757,,,,,,0,,,,,,0,,,,,,,,Trail Blazers Timeout: Short (Reg.2 Short 1),11:02 PM
204,1,2,223,0020600496,,,0:00,2,5,0,0,200750,Brandon Roy,POR,Portland,1610612757.0,Trail Blazers,0,,,,,,0,,,,,,,,MISS Roy 50' 3PT Jump Shot,11:03 PM
205,0,4,225,0020600496,,,0:00,2,3,0,0,1610612757,,,,,,0,,,,,,0,,,,,,,,Trail Blazers Rebound,11:04 PM
206,0,13,224,0020600496,,,0:00,2,0,0,0,0,,,,,,0,,,,,,0,,,,,,60 - 59,-1,,11:04 PM
207,0,12,227,0020600496,,,12:00,3,0,0,0,0,,,,,,0,,,,,,0,,,,,,60 - 59,-1,,11:20 PM
208,2,6,229,0020600496,,,11:45,3,5,4,1,2137,Ime Udoka,POR,Portland,1610612757.0,Trail Blazers,1897,Metta World Peace,SAC,Sacramento,1610612758.0,Kings,0,,,,,,,,Udoka S.FOUL (P2.T1),11:21 PM
209,11,3,230,0020600496,World Peace Free Throw 1 of 2 (14 PTS),,11:45,3,4,0,0,1897,Metta World Peace,SAC,Sacramento,1610612758.0,Kings,0,,,,,,0,,,,,,60 - 60,TIE,,11:22 PM
210,12,3,231,0020600496,World Peace Free Throw 2 of 2 (15 PTS),,11:45,3,4,0,0,1897,Metta World Peace,SAC,Sacramento,1610612758.0,Kings,0,,,,,,0,,,,,,60 - 61,1,,11:22 PM
211,1,6,232,0020600496,Thomas P.FOUL (P1.T1),,11:30,3,4,5,1,1903,Kenny Thomas,SAC,Sacramento,1610612758.0,Kings,2216,Zach Randolph,POR,Portland,1610612757.0,Trail Blazers,0,,,,,,,,,11:22 PM
212,41,5,233,0020600496,,,11:20,3,5,0,0,101127,Jarrett Jack,POR,Portland,1610612757.0,Trail Blazers,0,,,,,,0,,,,,,,,Jack Poss Lost Ball Turnover (P1.T9),11:23 PM
213,1,2,234,0020600496,MISS Abdur-Rahim 21' Jump Shot,,11:02,3,4,0,0,949,Shareef Abdur-Rahim,SAC,Sacramento,1610612758.0,Kings,0,,,,,,0,,,,,,,,,11:23 PM
214,0,4,235,0020600496,,,11:01,3,3,0,0,1610612757,,,,,,0,,,,,,0,,,,,,,,Trail Blazers Rebound,11:23 PM
215,1,2,236,0020600496,,,10:48,3,5,0,0,2137,Ime Udoka,POR,Portland,1610612757.0,Trail Blazers,0,,,,,,0,,,,,,,,MISS Udoka  3PT Jump Shot,11:23 PM
216,0,4,237,0020600496,Bibby REBOUND (Off:0 Def:4),,10:45,3,4,0,0,1710,Mike Bibby,SAC,Sacramento,1610612758.0,Kings,0,,,,,,0,,,,,,,,,11:23 PM
217,2,6,238,0020600496,,,10:43,3,5,4,1,2038,Joel Przybilla,POR,Portland,1610612757.0,Trail Blazers,1903,Kenny Thomas,SAC,Sacramento,1610612758.0,Kings,0,,,,,,,,Przybilla S.FOUL (P1.T2),11:24 PM
218,11,3,239,0020600496,MISS Thomas Free Throw 1 of 2,,10:43,3,4,0,0,1903,Kenny Thomas,SAC,Sacramento,1610612758.0,Kings,0,,,,,,0,,,,,,,,,11:24 PM
219,1,4,240,0020600496,KINGS Rebound,,10:43,3,2,0,0,1610612758,,,,,,0,,,,,,0,,,,,,,,,11:24 PM
220,12,3,241,0020600496,Thomas Free Throw 2 of 2 (3 PTS),,10:43,3,4,0,0,1903,Kenny Thomas,SAC,Sacramento,1610612758.0,Kings,0,,,,,,0,,,,,,60 - 62,2,,11:24 PM
221,66,1,242,0020600496,,,10:29,3,5,0,0,2216,Zach Randolph,POR,Portland,1610612757.0,Trail Blazers,0,,,,,,0,,,,,,62 - 62,TIE,Randolph 7' Jump Bank Shot (17 PTS),11:25 PM
222,7,2,243,0020600496,MISS Abdur-Rahim  Dunk,,10:18,3,4,0,5,949,Shareef Abdur-Rahim,SAC,Sacramento,1610612758.0,Kings,0,,,,,,2038,Joel Przybilla,POR,Portland,1610612757.0,Trail Blazers,,,Przybilla BLOCK (1 BLK),11:25 PM
223,0,4,244,0020600496,Abdur-Rahim REBOUND (Off:2 Def:1),,10:16,3,4,0,0,949,Shareef Abdur-Rahim,SAC,Sacramento,1610612758.0,Kings,0,,,,,,0,,,,,,,,,11:25 PM
224,5,1,245,0020600496,Abdur-Rahim  Layup (2 PTS),,10:14,3,4,0,0,949,Shareef Abdur-Rahim,SAC,Sacramento,1610612758.0,Kings,0,,,,,,0,,,,,,62 - 64,2,,11:25 PM
225,44,2,246,0020600496,,,9:52,3,5,0,0,2137,Ime Udoka,POR,Portland,1610612757.0,Trail Blazers,0,,,,,,0,,,,,,,,MISS Udoka  Reverse Layup,11:25 PM
226,0,4,247,0020600496,World Peace REBOUND (Off:0 Def:3),,9:51,3,4,0,0,1897,Metta World Peace,SAC,Sacramento,1610612758.0,Kings,0,,,,,,0,,,,,,,,,11:25 PM
227,1,6,248,0020600496,,,9:45,3,5,4,1,2038,Joel Przybilla,POR,Portland,1610612757.0,Trail Blazers,1897,Metta World Peace,SAC,Sacramento,1610612758.0,Kings,0,,,,,,,,Przybilla P.FOUL (P2.T3),11:25 PM
228,1,2,249,0020600496,MISS Martin 24' 3PT Jump Shot,,9:28,3,4,0,0,2755,Kevin Martin,SAC,Sacramento,1610612758.0,Kings,0,,,,,,0,,,,,,,,,11:26 PM
229,0,4,251,0020600496,World Peace REBOUND (Off:1 Def:3),,9:25,3,4,0,0,1897,Metta World Peace,SAC,Sacramento,1610612758.0,Kings,0,,,,,,0,,,,,,,,,11:26 PM
230,4,1,250,0020600496,World Peace  Tip Shot (17 PTS),,9:25,3,4,0,0,1897,Metta World Peace,SAC,Sacramento,1610612758.0,Kings,0,,,,,,0,,,,,,62 - 66,4,,11:26 PM
231,1,9,253,0020600496,,,9:20,3,3,0,0,1610612757,,,,,,0,,,,,,0,,,,,,,,Trail Blazers Timeout: Regular (Reg.3 Short 1),11:26 PM
232,1,2,254,0020600496,,,9:06,3,5,0,0,2216,Zach Randolph,POR,Portland,1610612757.0,Trail Blazers,0,,,,,,0,,,,,,,,MISS Randolph 18' Jump Shot,11:29 PM
233,0,4,255,0020600496,Martin REBOUND (Off:0 Def:2),,9:04,3,4,0,0,2755,Kevin Martin,SAC,Sacramento,1610612758.0,Kings,0,,,,,,0,,,,,,,,,11:29 PM
234,1,2,256,0020600496,MISS Bibby 7' Jump Shot,,8:56,3,4,0,0,1710,Mike Bibby,SAC,Sacramento,1610612758.0,Kings,0,,,,,,0,,,,,,,,,11:29 PM
235,0,4,257,0020600496,,,8:54,3,5,0,0,2038,Joel Przybilla,POR,Portland,1610612757.0,Trail Blazers,0,,,,,,0,,,,,,,,Przybilla REBOUND (Off:0 Def:2),11:29 PM
236,1,1,258,0020600496,,,8:45,3,5,5,0,2137,Ime Udoka,POR,Portland,1610612757.0,Trail Blazers,101127,Jarrett Jack,POR,Portland,1610612757.0,Trail Blazers,0,,,,,,64 - 66,2,Udoka 18' Jump Shot (8 PTS) (Jack 7 AST),11:29 PM
237,1,1,259,0020600496,Bibby 21' Jump Shot (19 PTS),,8:24,3,4,0,0,1710,Mike Bibby,SAC,Sacramento,1610612758.0,Kings,0,,,,,,0,,,,,,64 - 68,4,,11:30 PM
238,3,2,260,0020600496,,,8:12,3,5,0,0,2216,Zach Randolph,POR,Portland,1610612757.0,Trail Blazers,0,,,,,,0,,,,,,,,MISS Randolph 4' Hook Shot,11:30 PM
239,0,4,261,0020600496,Martin REBOUND (Off:0 Def:3),,8:10,3,4,0,0,2755,Kevin Martin,SAC,Sacramento,1610612758.0,Kings,0,,,,,,0,,,,,,,,,11:30 PM
240,42,1,262,0020600496,Martin  Driving Layup (18 PTS) (World Peace 2 AST),,8:06,3,4,4,0,2755,Kevin Martin,SAC,Sacramento,1610612758.0,Kings,1897,Metta World Peace,SAC,Sacramento,1610612758.0,Kings,0,,,,,,64 - 70,6,,11:30 PM
241,2,6,263,0020600496,Abdur-Rahim S.FOUL (P1.T2),,7:43,3,4,5,1,949,Shareef Abdur-Rahim,SAC,Sacramento,1610612758.0,Kings,2216,Zach Randolph,POR,Portland,1610612757.0,Trail Blazers,0,,,,,,,,,11:30 PM
242,11,3,265,0020600496,,,7:43,3,5,0,0,2216,Zach Randolph,POR,Portland,1610612757.0,Trail Blazers,0,,,,,,0,,,,,,65 - 70,5,Randolph Free Throw 1 of 2 (18 PTS),11:31 PM
243,12,3,266,0020600496,,,7:43,3,5,0,0,2216,Zach Randolph,POR,Portland,1610612757.0,Trail Blazers,0,,,,,,0,,,,,,66 - 70,4,Randolph Free Throw 2 of 2 (19 PTS),11:31 PM
244,1,6,267,0020600496,,,7:29,3,5,4,1,101127,Jarrett Jack,POR,Portland,1610612757.0,Trail Blazers,1710,Mike Bibby,SAC,Sacramento,1610612758.0,Kings,0,,,,,,,,Jack P.FOUL (P3.T4),11:31 PM
245,5,2,268,0020600496,MISS Abdur-Rahim  Layup,,7:27,3,4,0,5,949,Shareef Abdur-Rahim,SAC,Sacramento,1610612758.0,Kings,0,,,,,,2038,Joel Przybilla,POR,Portland,1610612757.0,Trail Blazers,,,Przybilla BLOCK (2 BLK),11:32 PM
246,0,4,269,0020600496,,,7:25,3,5,0,0,2216,Zach Randolph,POR,Portland,1610612757.0,Trail Blazers,0,,,,,,0,,,,,,,,Randolph REBOUND (Off:1 Def:6),11:32 PM
247,4,6,270,0020600496,,,7:20,3,5,4,1,2038,Joel Przybilla,POR,Portland,1610612757.0,Trail Blazers,1710,Mike Bibby,SAC,Sacramento,1610612758.0,Kings,0,,,,,,,,Przybilla OFF.Foul (P3),11:32 PM
248,5,5,271,0020600496,,,7:20,3,5,0,1,2038,Joel Przybilla,POR,Portland,1610612757.0,Trail Blazers,0,,,,,,0,,,,,,,,Przybilla Foul Turnover (P1.T10),11:32 PM
249,65,2,272,0020600496,MISS Thomas 7' Jump Hook Shot,,7:01,3,4,0,0,1903,Kenny Thomas,SAC,Sacramento,1610612758.0,Kings,0,,,,,,0,,,,,,,,,11:32 PM
250,0,4,273,0020600496,,,6:59,3,5,0,0,2137,Ime Udoka,POR,Portland,1610612757.0,Trail Blazers,0,,,,,,0,,,,,,,,Udoka REBOUND (Off:1 Def:1),11:32 PM
251,1,6,274,0020600496,Bibby P.FOUL (P2.T3),,6:54,3,4,5,1,1710,Mike Bibby,SAC,Sacramento,1610612758.0,Kings,101127,Jarrett Jack,POR,Portland,1610612757.0,Trail Blazers,0,,,,,,,,,11:33 PM
252,44,2,275,0020600496,,,6:51,3,5,0,0,101127,Jarrett Jack,POR,Portland,1610612757.0,Trail Blazers,0,,,,,,0,,,,,,,,MISS Jack  Reverse Layup,11:33 PM
253,0,4,276,0020600496,Abdur-Rahim REBOUND (Off:2 Def:2),,6:50,3,4,0,0,949,Shareef Abdur-Rahim,SAC,Sacramento,1610612758.0,Kings,0,,,,,,0,,,,,,,,,11:33 PM
254,1,2,277,0020600496,MISS Bibby 19' Jump Shot,,6:43,3,4,0,0,1710,Mike Bibby,SAC,Sacramento,1610612758.0,Kings,0,,,,,,0,,,,,,,,,11:33 PM
255,0,4,278,0020600496,,,6:41,3,5,0,0,2038,Joel Przybilla,POR,Portland,1610612757.0,Trail Blazers,0,,,,,,0,,,,,,,,Przybilla REBOUND (Off:0 Def:3),11:33 PM
256,1,2,279,0020600496,,,6:30,3,5,0,0,200750,Brandon Roy,POR,Portland,1610612757.0,Trail Blazers,0,,,,,,0,,,,,,,,MISS Roy 25' 3PT Jump Shot,11:33 PM
257,0,4,280,0020600496,KINGS Rebound,,6:28,3,2,0,0,1610612758,,,,,,0,,,,,,0,,,,,,,,,11:33 PM
258,1,2,281,0020600496,MISS World Peace 22' Jump Shot,,6:06,3,4,0,0,1897,Metta World Peace,SAC,Sacramento,1610612758.0,Kings,0,,,,,,0,,,,,,,,,11:34 PM
259,0,4,282,0020600496,,,6:05,3,5,0,0,101127,Jarrett Jack,POR,Portland,1610612757.0,Trail Blazers,0,,,,,,0,,,,,,,,Jack REBOUND (Off:0 Def:2),11:34 PM
260,65,2,283,0020600496,,,5:50,3,5,0,0,2216,Zach Randolph,POR,Portland,1610612757.0,Trail Blazers,0,,,,,,0,,,,,,,,MISS Randolph 6' Jump Hook Shot,11:34 PM
261,0,4,284,0020600496,,,5:50,3,3,0,0,1610612757,,,,,,0,,,,,,0,,,,,,,,Trail Blazers Rebound,11:34 PM
262,1,2,285,0020600496,,,5:36,3,5,0,0,2137,Ime Udoka,POR,Portland,1610612757.0,Trail Blazers,0,,,,,,0,,,,,,,,MISS Udoka 25' 3PT Jump Shot,11:35 PM
263,0,4,286,0020600496,,,5:34,3,5,0,0,2038,Joel Przybilla,POR,Portland,1610612757.0,Trail Blazers,0,,,,,,0,,,,,,,,Przybilla REBOUND (Off:1 Def:3),11:35 PM
264,2,5,287,0020600496,Abdur-Rahim STEAL (1 STL),,5:31,3,5,4,0,2038,Joel Przybilla,POR,Portland,1610612757.0,Trail Blazers,949,Shareef Abdur-Rahim,SAC,Sacramento,1610612758.0,Kings,0,,,,,,,,Przybilla Lost Ball Turnover (P2.T11),11:35 PM
265,2,6,288,0020600496,,,5:21,3,5,4,1,2038,Joel Przybilla,POR,Portland,1610612757.0,Trail Blazers,1897,Metta World Peace,SAC,Sacramento,1610612758.0,Kings,0,,,,,,,,Przybilla S.FOUL (P4.PN),11:35 PM
266,11,3,289,0020600496,MISS World Peace Free Throw 1 of 2,,5:21,3,4,0,0,1897,Metta World Peace,SAC,Sacramento,1610612758.0,Kings,0,,,,,,0,,,,,,,,,11:35 PM
267,1,4,290,0020600496,KINGS Rebound,,5:21,3,2,0,0,1610612758,,,,,,0,,,,,,0,,,,,,,,,11:35 PM
268,0,8,291,0020600496,,,5:21,3,5,5,0,2038,Joel Przybilla,POR,Portland,1610612757.0,Trail Blazers,200746,LaMarcus Aldridge,POR,Portland,1610612757.0,Trail Blazers,0,,,,,,,,SUB: Aldridge FOR Przybilla,11:36 PM
269,12,3,292,0020600496,World Peace Free Throw 2 of 2 (18 PTS),,5:21,3,4,0,0,1897,Metta World Peace,SAC,Sacramento,1610612758.0,Kings,0,,,,,,0,,,,,,66 - 71,5,,11:36 PM
270,1,1,293,0020600496,,,5:05,3,5,0,0,101127,Jarrett Jack,POR,Portland,1610612757.0,Trail Blazers,0,,,,,,0,,,,,,68 - 71,3,Jack 21' Jump Shot (8 PTS),11:36 PM
271,1,5,294,0020600496,Bibby Bad Pass Turnover (P1.T7),,4:50,3,4,5,0,1710,Mike Bibby,SAC,Sacramento,1610612758.0,Kings,2216,Zach Randolph,POR,Portland,1610612757.0,Trail Blazers,0,,,,,,,,Randolph STEAL (1 STL),11:36 PM
272,2,6,295,0020600496,Abdur-Rahim S.FOUL (P2.T4),,4:46,3,4,5,1,949,Shareef Abdur-Rahim,SAC,Sacramento,1610612758.0,Kings,200750,Brandon Roy,POR,Portland,1610612757.0,Trail Blazers,0,,,,,,,,,11:36 PM
273,11,3,296,0020600496,,,4:46,3,5,0,0,200750,Brandon Roy,POR,Portland,1610612757.0,Trail Blazers,0,,,,,,0,,,,,,69 - 71,2,Roy Free Throw 1 of 2 (16 PTS),11:37 PM
274,12,3,297,0020600496,,,4:46,3,5,0,0,200750,Brandon Roy,POR,Portland,1610612757.0,Trail Blazers,0,,,,,,0,,,,,,70 - 71,1,Roy Free Throw 2 of 2 (17 PTS),11:37 PM
275,65,1,298,0020600496,Abdur-Rahim 5' Jump Hook Shot (4 PTS),,4:24,3,4,0,0,949,Shareef Abdur-Rahim,SAC,Sacramento,1610612758.0,Kings,0,,,,,,0,,,,,,70 - 73,3,,11:37 PM
276,1,6,299,0020600496,Thomas P.FOUL (P2.PN),,4:17,3,4,5,1,1903,Kenny Thomas,SAC,Sacramento,1610612758.0,Kings,2216,Zach Randolph,POR,Portland,1610612757.0,Trail Blazers,0,,,,,,,,,11:38 PM
277,11,6,300,0020600496,Thomas T.FOUL (P2.PN),,4:17,3,4,0,1,1903,Kenny Thomas,SAC,Sacramento,1610612758.0,Kings,0,,,,,,0,,,,,,,,,11:38 PM
278,0,8,301,0020600496,SUB: Williamson FOR Thomas,,4:17,3,4,4,0,1903,Kenny Thomas,SAC,Sacramento,1610612758.0,Kings,722,Corliss Williamson,SAC,Sacramento,1610612758.0,Kings,0,,,,,,,,,11:38 PM
279,16,3,302,0020600496,,,4:17,3,5,0,0,101127,Jarrett Jack,POR,Portland,1610612757.0,Trail Blazers,0,,,,,,0,,,,,,71 - 73,2,Jack Free Throw Technical (9 PTS),11:38 PM
280,11,3,303,0020600496,,,4:17,3,5,0,0,2216,Zach Randolph,POR,Portland,1610612757.0,Trail Blazers,0,,,,,,0,,,,,,72 - 73,1,Randolph Free Throw 1 of 2 (20 PTS),11:38 PM
281,12,3,304,0020600496,,,4:17,3,5,0,0,2216,Zach Randolph,POR,Portland,1610612757.0,Trail Blazers,0,,,,,,0,,,,,,73 - 73,TIE,Randolph Free Throw 2 of 2 (21 PTS),11:38 PM
282,1,2,305,0020600496,MISS Bibby 4' Jump Shot,,4:08,3,4,0,0,1710,Mike Bibby,SAC,Sacramento,1610612758.0,Kings,0,,,,,,0,,,,,,,,,11:39 PM
283,0,4,306,0020600496,,,4:07,3,5,0,0,2216,Zach Randolph,POR,Portland,1610612757.0,Trail Blazers,0,,,,,,0,,,,,,,,Randolph REBOUND (Off:1 Def:7),11:39 PM
284,1,1,307,0020600496,,,3:56,3,5,0,0,101127,Jarrett Jack,POR,Portland,1610612757.0,Trail Blazers,0,,,,,,0,,,,,,75 - 73,-2,Jack 21' Jump Shot (11 PTS),11:39 PM
285,42,2,308,0020600496,MISS Bibby  Driving Layup,,3:40,3,4,0,0,1710,Mike Bibby,SAC,Sacramento,1610612758.0,Kings,0,,,,,,0,,,,,,,,,11:39 PM
286,0,4,309,0020600496,,,3:39,3,5,0,0,2216,Zach Randolph,POR,Portland,1610612757.0,Trail Blazers,0,,,,,,0,,,,,,,,Randolph REBOUND (Off:1 Def:8),11:39 PM
287,1,2,310,0020600496,,,3:29,3,5,0,0,200750,Brandon Roy,POR,Portland,1610612757.0,Trail Blazers,0,,,,,,0,,,,,,,,MISS Roy  3PT Jump Shot,11:39 PM
288,0,4,311,0020600496,Abdur-Rahim REBOUND (Off:2 Def:3),,3:26,3,4,0,0,949,Shareef Abdur-Rahim,SAC,Sacramento,1610612758.0,Kings,0,,,,,,0,,,,,,,,,11:39 PM
289,1,5,312,0020600496,Abdur-Rahim Bad Pass Turnover (P2.T8),,3:25,3,4,0,0,949,Shareef Abdur-Rahim,SAC,Sacramento,1610612758.0,Kings,0,,,,,,0,,,,,,,,,11:39 PM
290,42,1,313,0020600496,,,3:04,3,5,0,0,2216,Zach Randolph,POR,Portland,1610612757.0,Trail Blazers,0,,,,,,0,,,,,,77 - 73,-4,Randolph  Driving Layup (23 PTS),11:40 PM
291,5,2,314,0020600496,MISS Williamson  Layup,,2:50,3,4,0,5,722,Corliss Williamson,SAC,Sacramento,1610612758.0,Kings,0,,,,,,200746,LaMarcus Aldridge,POR,Portland,1610612757.0,Trail Blazers,,,Aldridge BLOCK (1 BLK),11:40 PM
292,0,4,315,0020600496,KINGS Rebound,,2:46,3,2,0,0,1610612758,,,,,,0,,,,,,0,,,,,,,,,11:40 PM
293,1,9,316,0020600496,KINGS Timeout: Regular (Full 3 Short 0),,2:46,3,2,0,0,1610612758,,,,,,0,,,,,,0,,,,,,,,,11:40 PM
294,1,2,320,0020600496,MISS World Peace 4' Jump Shot,,2:39,3,4,0,0,1897,Metta World Peace,SAC,Sacramento,1610612758.0,Kings,0,,,,,,0,,,,,,,,,11:43 PM
295,0,4,321,0020600496,,,2:38,3,5,0,0,200746,LaMarcus Aldridge,POR,Portland,1610612757.0,Trail Blazers,0,,,,,,0,,,,,,,,Aldridge REBOUND (Off:1 Def:4),11:43 PM
296,2,6,322,0020600496,Abdur-Rahim S.FOUL (P3.PN),,2:21,3,4,5,1,949,Shareef Abdur-Rahim,SAC,Sacramento,1610612758.0,Kings,101127,Jarrett Jack,POR,Portland,1610612757.0,Trail Blazers,0,,,,,,,,,11:43 PM
297,11,3,323,0020600496,,,2:21,3,5,0,0,101127,Jarrett Jack,POR,Portland,1610612757.0,Trail Blazers,0,,,,,,0,,,,,,78 - 73,-5,Jack Free Throw 1 of 2 (12 PTS),11:44 PM
298,0,8,324,0020600496,SUB: Salmons FOR Martin,,2:21,3,4,4,0,2755,Kevin Martin,SAC,Sacramento,1610612758.0,Kings,2422,John Salmons,SAC,Sacramento,1610612758.0,Kings,0,,,,,,,,,11:44 PM
299,1,7,326,0020600496,,,2:21,3,3,0,1,1610612757,,,,,,0,,,,,,0,,,,,,,,Trail Blazers Violation: Delay of game Violation,11:44 PM
300,0,8,327,0020600496,,,2:21,3,5,5,0,200750,Brandon Roy,POR,Portland,1610612757.0,Trail Blazers,2413,Juan Dixon,POR,Portland,1610612757.0,Trail Blazers,0,,,,,,,,SUB: Dixon FOR Roy,11:44 PM
301,12,3,328,0020600496,,,2:21,3,5,0,0,101127,Jarrett Jack,POR,Portland,1610612757.0,Trail Blazers,0,,,,,,0,,,,,,79 - 73,-6,Jack Free Throw 2 of 2 (13 PTS),11:44 PM
302,2,6,329,0020600496,,,2:06,3,5,4,1,2137,Ime Udoka,POR,Portland,1610612757.0,Trail Blazers,1897,Metta World Peace,SAC,Sacramento,1610612758.0,Kings,0,,,,,,,,Udoka S.FOUL (P3.PN),11:45 PM
303,11,3,330,0020600496,World Peace Free Throw 1 of 2 (19 PTS),,2:06,3,4,0,0,1897,Metta World Peace,SAC,Sacramento,1610612758.0,Kings,0,,,,,,0,,,,,,79 - 74,-5,,11:45 PM
304,12,3,331,0020600496,MISS World Peace Free Throw 2 of 2,,2:06,3,4,0,0,1897,Metta World Peace,SAC,Sacramento,1610612758.0,Kings,0,,,,,,0,,,,,,,,,11:45 PM
305,0,4,341,0020600496,,,2:06,3,3,0,0,1610612757,,,,,,0,,,,,,0,,,,,,,,Trail Blazers Rebound,11:46 PM
306,3,7,333,0020600496,World Peace Violation:Lane,,2:06,3,4,0,1,1897,Metta World Peace,SAC,Sacramento,1610612758.0,Kings,0,,,,,,0,,,,,,,,,11:46 PM
307,5,2,337,0020600496,,,1:51,3,5,0,0,200746,LaMarcus Aldridge,POR,Portland,1610612757.0,Trail Blazers,0,,,,,,0,,,,,,,,MISS Aldridge  Layup,11:46 PM
308,0,4,338,0020600496,Salmons REBOUND (Off:0 Def:2),,1:50,3,4,0,0,2422,John Salmons,SAC,Sacramento,1610612758.0,Kings,0,,,,,,0,,,,,,,,,11:46 PM
309,65,1,340,0020600496,Williamson 5' Jump Hook Shot (4 PTS),,1:45,3,4,0,0,722,Corliss Williamson,SAC,Sacramento,1610612758.0,Kings,0,,,,,,0,,,,,,79 - 76,-3,,11:46 PM
310,17,6,343,0020600496,KINGS T.Foul (Def. 3 Sec World Peace ),,1:24,3,4,0,1,1897,Metta World Peace,SAC,Sacramento,1610612758.0,Kings,0,,,,,,0,,,,,,,,,11:47 PM
311,0,8,345,0020600496,,,1:24,3,5,5,0,2216,Zach Randolph,POR,Portland,1610612757.0,Trail Blazers,2048,Jamaal Magloire,POR,Portland,1610612757.0,Trail Blazers,0,,,,,,,,SUB: Magloire FOR Randolph,11:47 PM
312,0,8,346,0020600496,SUB: Taylor FOR Abdur-Rahim,,1:24,3,4,4,0,949,Shareef Abdur-Rahim,SAC,Sacramento,1610612758.0,Kings,1508,Maurice Taylor,SAC,Sacramento,1610612758.0,Kings,0,,,,,,,,,11:47 PM
313,16,3,348,0020600496,,,1:24,3,5,0,0,101127,Jarrett Jack,POR,Portland,1610612757.0,Trail Blazers,0,,,,,,0,,,,,,,,MISS Jack Free Throw Technical,11:47 PM
314,1,4,349,0020600496,,,1:24,3,3,0,0,1610612757,,,,,,0,,,,,,0,,,,,,,,Trail Blazers Rebound,11:47 PM
315,1,5,351,0020600496,Salmons STEAL (1 STL),,1:17,3,5,4,0,2413,Juan Dixon,POR,Portland,1610612757.0,Trail Blazers,2422,John Salmons,SAC,Sacramento,1610612758.0,Kings,0,,,,,,,,Dixon Bad Pass Turnover (P2.T12),11:47 PM
316,1,2,352,0020600496,MISS Salmons 24' 3PT Jump Shot,,1:11,3,4,0,0,2422,John Salmons,SAC,Sacramento,1610612758.0,Kings,0,,,,,,0,,,,,,,,,11:47 PM
317,0,4,353,0020600496,Taylor REBOUND (Off:1 Def:0),,1:09,3,4,0,0,1508,Maurice Taylor,SAC,Sacramento,1610612758.0,Kings,0,,,,,,0,,,,,,,,,11:47 PM
318,5,1,354,0020600496,Williamson  Layup (6 PTS) (Taylor 1 AST),,1:07,3,4,4,0,722,Corliss Williamson,SAC,Sacramento,1610612758.0,Kings,1508,Maurice Taylor,SAC,Sacramento,1610612758.0,Kings,0,,,,,,79 - 78,-1,,11:47 PM
319,1,2,356,0020600496,,,0:48,3,5,0,0,2413,Juan Dixon,POR,Portland,1610612757.0,Trail Blazers,0,,,,,,0,,,,,,,,MISS Dixon  3PT Jump Shot,11:48 PM
320,0,4,357,0020600496,Bibby REBOUND (Off:0 Def:5),,0:46,3,4,0,0,1710,Mike Bibby,SAC,Sacramento,1610612758.0,Kings,0,,,,,,0,,,,,,,,,11:48 PM
321,1,1,358,0020600496,Bibby 24' 3PT Jump Shot (22 PTS),,0:36,3,4,0,0,1710,Mike Bibby,SAC,Sacramento,1610612758.0,Kings,0,,,,,,0,,,,,,79 - 81,2,,11:48 PM
322,1,2,359,0020600496,,,0:12,3,5,0,0,101127,Jarrett Jack,POR,Portland,1610612757.0,Trail Blazers,0,,,,,,0,,,,,,,,MISS Jack 21' Jump Shot,11:48 PM
323,0,4,360,0020600496,Salmons REBOUND (Off:0 Def:3),,0:11,3,4,0,0,2422,John Salmons,SAC,Sacramento,1610612758.0,Kings,0,,,,,,0,,,,,,,,,11:48 PM
324,1,1,361,0020600496,Bibby 17' Jump Shot (24 PTS),,0:02,3,4,0,0,1710,Mike Bibby,SAC,Sacramento,1610612758.0,Kings,0,,,,,,0,,,,,,79 - 83,4,,11:49 PM
325,1,2,362,0020600496,,,0:00,3,5,0,0,101127,Jarrett Jack,POR,Portland,1610612757.0,Trail Blazers,0,,,,,,0,,,,,,,,MISS Jack 40' 3PT Jump Shot,11:49 PM
326,0,4,364,0020600496,,,0:00,3,3,0,0,1610612757,,,,,,0,,,,,,0,,,,,,,,Trail Blazers Rebound,11:49 PM
327,0,13,363,0020600496,,,0:00,3,0,0,0,0,,,,,,0,,,,,,0,,,,,,79 - 83,4,,11:49 PM
328,0,12,366,0020600496,,,12:00,4,0,0,0,0,,,,,,0,,,,,,0,,,,,,79 - 83,4,,11:52 PM
329,1,2,367,0020600496,,,11:37,4,5,0,0,101110,Martell Webster,POR,Portland,1610612757.0,Trail Blazers,0,,,,,,0,,,,,,,,MISS Webster 25' 3PT Jump Shot,11:52 PM
330,0,4,368,0020600496,Taylor REBOUND (Off:1 Def:1),,11:35,4,4,0,0,1508,Maurice Taylor,SAC,Sacramento,1610612758.0,Kings,0,,,,,,0,,,,,,,,,11:52 PM
331,4,6,369,0020600496,Bibby OFF.Foul (P3),,11:31,4,4,5,1,1710,Mike Bibby,SAC,Sacramento,1610612758.0,Kings,101110,Martell Webster,POR,Portland,1610612757.0,Trail Blazers,0,,,,,,,,,11:52 PM
332,5,5,370,0020600496,Bibby Foul Turnover (P2.T9),,11:31,4,4,0,1,1710,Mike Bibby,SAC,Sacramento,1610612758.0,Kings,0,,,,,,0,,,,,,,,,11:52 PM
333,2,5,371,0020600496,Salmons STEAL (2 STL),,11:13,4,5,4,0,2048,Jamaal Magloire,POR,Portland,1610612757.0,Trail Blazers,2422,John Salmons,SAC,Sacramento,1610612758.0,Kings,0,,,,,,,,Magloire Lost Ball Turnover (P2.T13),11:53 PM
334,2,6,372,0020600496,,,11:10,4,5,4,1,200750,Brandon Roy,POR,Portland,1610612757.0,Trail Blazers,1710,Mike Bibby,SAC,Sacramento,1610612758.0,Kings,0,,,,,,,,Roy S.FOUL (P2.T1),11:53 PM
335,11,3,373,0020600496,MISS Bibby Free Throw 1 of 2,,11:10,4,4,0,0,1710,Mike Bibby,SAC,Sacramento,1610612758.0,Kings,0,,,,,,0,,,,,,,,,11:53 PM
336,1,4,374,0020600496,KINGS Rebound,,11:10,4,2,0,0,1610612758,,,,,,0,,,,,,0,,,,,,,,,11:53 PM
337,12,3,375,0020600496,Bibby Free Throw 2 of 2 (25 PTS),,11:10,4,4,0,0,1710,Mike Bibby,SAC,Sacramento,1610612758.0,Kings,0,,,,,,0,,,,,,79 - 84,5,,11:54 PM
338,4,6,376,0020600496,,,10:55,4,5,4,1,2413,Juan Dixon,POR,Portland,1610612757.0,Trail Blazers,722,Corliss Williamson,SAC,Sacramento,1610612758.0,Kings,0,,,,,,,,Dixon OFF.Foul (P2),11:54 PM
339,5,5,377,0020600496,,,10:55,4,5,0,1,2413,Juan Dixon,POR,Portland,1610612757.0,Trail Blazers,0,,,,,,0,,,,,,,,Dixon Foul Turnover (P3.T14),11:54 PM
340,1,2,378,0020600496,MISS Bibby 23' Jump Shot,,10:35,4,4,0,0,1710,Mike Bibby,SAC,Sacramento,1610612758.0,Kings,0,,,,,,0,,,,,,,,,11:55 PM
341,0,4,379,0020600496,,,10:33,4,5,0,0,200746,LaMarcus Aldridge,POR,Portland,1610612757.0,Trail Blazers,0,,,,,,0,,,,,,,,Aldridge REBOUND (Off:1 Def:5),11:55 PM
342,1,2,380,0020600496,,,10:24,4,5,0,0,200746,LaMarcus Aldridge,POR,Portland,1610612757.0,Trail Blazers,0,,,,,,0,,,,,,,,MISS Aldridge 17' Jump Shot,11:55 PM
343,0,4,381,0020600496,World Peace REBOUND (Off:1 Def:4),,10:23,4,4,0,0,1897,Metta World Peace,SAC,Sacramento,1610612758.0,Kings,0,,,,,,0,,,,,,,,,11:55 PM
344,1,6,382,0020600496,,,10:23,4,5,4,1,2048,Jamaal Magloire,POR,Portland,1610612757.0,Trail Blazers,1897,Metta World Peace,SAC,Sacramento,1610612758.0,Kings,0,,,,,,,,Magloire P.FOUL (P3.T2),11:55 PM
345,49,1,383,0020600496,Williamson  Driving Dunk (8 PTS) (Taylor 2 AST),,10:06,4,4,4,0,722,Corliss Williamson,SAC,Sacramento,1610612758.0,Kings,1508,Maurice Taylor,SAC,Sacramento,1610612758.0,Kings,0,,,,,,79 - 86,7,,11:55 PM
346,1,9,384,0020600496,,,10:01,4,3,0,0,1610612757,,,,,,0,,,,,,0,,,,,,,,Trail Blazers Timeout: Regular (Reg.4 Short 1),11:55 PM
347,0,8,386,0020600496,,,10:01,4,5,5,0,200746,LaMarcus Aldridge,POR,Portland,1610612757.0,Trail Blazers,101127,Jarrett Jack,POR,Portland,1610612757.0,Trail Blazers,0,,,,,,,,SUB: Jack FOR Aldridge,11:58 PM
348,0,8,387,0020600496,,,10:01,4,5,5,0,2413,Juan Dixon,POR,Portland,1610612757.0,Trail Blazers,2216,Zach Randolph,POR,Portland,1610612757.0,Trail Blazers,0,,,,,,,,SUB: Randolph FOR Dixon,11:58 PM
349,1,2,389,0020600496,,,9:51,4,5,0,0,101110,Martell Webster,POR,Portland,1610612757.0,Trail Blazers,0,,,,,,0,,,,,,,,MISS Webster  3PT Jump Shot,11:58 PM
350,0,4,390,0020600496,Williamson REBOUND (Off:0 Def:2),,9:49,4,4,0,0,722,Corliss Williamson,SAC,Sacramento,1610612758.0,Kings,0,,,,,,0,,,,,,,,,11:58 PM
351,4,6,391,0020600496,Taylor OFF.Foul (P1),,9:34,4,4,5,1,1508,Maurice Taylor,SAC,Sacramento,1610612758.0,Kings,2216,Zach Randolph,POR,Portland,1610612757.0,Trail Blazers,0,,,,,,,,,11:58 PM
352,5,5,392,0020600496,Taylor Foul Turnover (P1.T10),,9:34,4,4,0,1,1508,Maurice Taylor,SAC,Sacramento,1610612758.0,Kings,0,,,,,,0,,,,,,,,,11:58 PM
353,0,8,393,0020600496,SUB: Martin FOR Bibby,,9:34,4,4,4,0,1710,Mike Bibby,SAC,Sacramento,1610612758.0,Kings,2755,Kevin Martin,SAC,Sacramento,1610612758.0,Kings,0,,,,,,,,,11:58 PM
354,2,5,394,0020600496,World Peace STEAL (2 STL),,9:21,4,5,4,0,2216,Zach Randolph,POR,Portland,1610612757.0,Trail Blazers,1897,Metta World Peace,SAC,Sacramento,1610612758.0,Kings,0,,,,,,,,Randolph Lost Ball Turnover (P4.T15),11:59 PM
355,5,1,395,0020600496,Williamson  Layup (10 PTS) (World Peace 3 AST),,9:00,4,4,4,0,722,Corliss Williamson,SAC,Sacramento,1610612758.0,Kings,1897,Metta World Peace,SAC,Sacramento,1610612758.0,Kings,0,,,,,,79 - 88,9,,11:59 PM
356,1,1,396,0020600496,,,8:46,4,5,5,0,101110,Martell Webster,POR,Portland,1610612757.0,Trail Blazers,101127,Jarrett Jack,POR,Portland,1610612757.0,Trail Blazers,0,,,,,,82 - 88,6,Webster  3PT Jump Shot (8 PTS) (Jack 8 AST),11:59 PM
357,1,2,397,0020600496,MISS Martin 24' 3PT Jump Shot,,8:30,4,4,0,0,2755,Kevin Martin,SAC,Sacramento,1610612758.0,Kings,0,,,,,,0,,,,,,,,,12:00 PM
358,0,4,398,0020600496,,,8:28,4,5,0,0,101110,Martell Webster,POR,Portland,1610612757.0,Trail Blazers,0,,,,,,0,,,,,,,,Webster REBOUND (Off:1 Def:2),12:00 PM
359,1,2,399,0020600496,,,8:12,4,5,0,0,2216,Zach Randolph,POR,Portland,1610612757.0,Trail Blazers,0,,,,,,0,,,,,,,,MISS Randolph 6' Jump Shot,12:00 PM
360,0,4,400,0020600496,,,8:11,4,5,0,0,2216,Zach Randolph,POR,Portland,1610612757.0,Trail Blazers,0,,,,,,0,,,,,,,,Randolph REBOUND (Off:2 Def:8),12:00 PM
361,1,2,401,0020600496,,,8:03,4,5,0,0,101110,Martell Webster,POR,Portland,1610612757.0,Trail Blazers,0,,,,,,0,,,,,,,,MISS Webster  3PT Jump Shot,12:00 PM
362,0,4,402,0020600496,Salmons REBOUND (Off:0 Def:4),,8:01,4,4,0,0,2422,John Salmons,SAC,Sacramento,1610612758.0,Kings,0,,,,,,0,,,,,,,,,12:00 PM
363,42,2,403,0020600496,MISS World Peace  Driving Layup,,7:47,4,4,0,0,1897,Metta World Peace,SAC,Sacramento,1610612758.0,Kings,0,,,,,,0,,,,,,,,,12:00 PM
364,0,4,404,0020600496,,,7:46,4,5,0,0,2048,Jamaal Magloire,POR,Portland,1610612757.0,Trail Blazers,0,,,,,,0,,,,,,,,Magloire REBOUND (Off:0 Def:1),12:00 PM
365,2,6,405,0020600496,Williamson S.FOUL (P2.T1),,7:40,4,4,5,1,722,Corliss Williamson,SAC,Sacramento,1610612758.0,Kings,200750,Brandon Roy,POR,Portland,1610612757.0,Trail Blazers,0,,,,,,,,,12:00 PM
366,11,3,406,0020600496,,,7:40,4,5,0,0,200750,Brandon Roy,POR,Portland,1610612757.0,Trail Blazers,0,,,,,,0,,,,,,83 - 88,5,Roy Free Throw 1 of 2 (18 PTS),12:01 PM
367,12,3,407,0020600496,,,7:40,4,5,0,0,200750,Brandon Roy,POR,Portland,1610612757.0,Trail Blazers,0,,,,,,0,,,,,,84 - 88,4,Roy Free Throw 2 of 2 (19 PTS),12:01 PM
368,2,6,408,0020600496,,,7:23,4,5,4,1,2048,Jamaal Magloire,POR,Portland,1610612757.0,Trail Blazers,1508,Maurice Taylor,SAC,Sacramento,1610612758.0,Kings,0,,,,,,,,Magloire S.FOUL (P4.T3),12:01 PM
369,11,3,409,0020600496,Taylor Free Throw 1 of 2 (1 PTS),,7:23,4,4,0,0,1508,Maurice Taylor,SAC,Sacramento,1610612758.0,Kings,0,,,,,,0,,,,,,84 - 89,5,,12:02 PM
370,12,3,410,0020600496,MISS Taylor Free Throw 2 of 2,,7:23,4,4,0,0,1508,Maurice Taylor,SAC,Sacramento,1610612758.0,Kings,0,,,,,,0,,,,,,,,,12:02 PM
371,0,4,411,0020600496,,,7:22,4,5,0,0,101110,Martell Webster,POR,Portland,1610612757.0,Trail Blazers,0,,,,,,0,,,,,,,,Webster REBOUND (Off:1 Def:3),12:02 PM
372,1,2,412,0020600496,,,7:12,4,5,0,0,200750,Brandon Roy,POR,Portland,1610612757.0,Trail Blazers,0,,,,,,0,,,,,,,,MISS Roy 5' Jump Shot,12:02 PM
373,0,4,413,0020600496,Taylor REBOUND (Off:1 Def:2),,7:10,4,4,0,0,1508,Maurice Taylor,SAC,Sacramento,1610612758.0,Kings,0,,,,,,0,,,,,,,,,12:02 PM
374,1,1,414,0020600496,Williamson 21' Jump Shot (12 PTS) (Martin 2 AST),,6:54,4,4,4,0,722,Corliss Williamson,SAC,Sacramento,1610612758.0,Kings,2755,Kevin Martin,SAC,Sacramento,1610612758.0,Kings,0,,,,,,84 - 91,7,,12:02 PM
375,1,2,415,0020600496,,,6:37,4,5,0,0,2048,Jamaal Magloire,POR,Portland,1610612757.0,Trail Blazers,0,,,,,,0,,,,,,,,MISS Magloire 18' Jump Shot,12:03 PM
376,0,4,416,0020600496,,,6:36,4,5,0,0,2216,Zach Randolph,POR,Portland,1610612757.0,Trail Blazers,0,,,,,,0,,,,,,,,Randolph REBOUND (Off:3 Def:8),12:03 PM
377,2,6,417,0020600496,Williamson S.FOUL (P3.T2),,6:36,4,4,5,1,722,Corliss Williamson,SAC,Sacramento,1610612758.0,Kings,2216,Zach Randolph,POR,Portland,1610612757.0,Trail Blazers,0,,,,,,,,,12:03 PM
378,11,3,418,0020600496,,,6:36,4,5,0,0,2216,Zach Randolph,POR,Portland,1610612757.0,Trail Blazers,0,,,,,,0,,,,,,,,MISS Randolph Free Throw 1 of 2,12:03 PM
379,1,4,419,0020600496,,,6:36,4,3,0,0,1610612757,,,,,,0,,,,,,0,,,,,,,,Trail Blazers Rebound,12:03 PM
380,12,3,420,0020600496,,,6:36,4,5,0,0,2216,Zach Randolph,POR,Portland,1610612757.0,Trail Blazers,0,,,,,,0,,,,,,85 - 91,6,Randolph Free Throw 2 of 2 (24 PTS),12:03 PM
381,1,2,421,0020600496,MISS Martin 6' Jump Shot,,6:19,4,4,0,0,2755,Kevin Martin,SAC,Sacramento,1610612758.0,Kings,0,,,,,,0,,,,,,,,,12:04 PM
382,0,4,422,0020600496,Williamson REBOUND (Off:1 Def:2),,6:16,4,4,0,0,722,Corliss Williamson,SAC,Sacramento,1610612758.0,Kings,0,,,,,,0,,,,,,,,,12:04 PM
383,1,2,423,0020600496,MISS Williamson 5' Jump Shot,,6:15,4,4,0,0,722,Corliss Williamson,SAC,Sacramento,1610612758.0,Kings,0,,,,,,0,,,,,,,,,12:04 PM
384,0,4,424,0020600496,,,6:15,4,5,0,0,2216,Zach Randolph,POR,Portland,1610612757.0,Trail Blazers,0,,,,,,0,,,,,,,,Randolph REBOUND (Off:3 Def:9),12:04 PM
385,1,2,425,0020600496,,,5:56,4,5,0,0,2216,Zach Randolph,POR,Portland,1610612757.0,Trail Blazers,0,,,,,,0,,,,,,,,MISS Randolph 16' Jump Shot,12:04 PM
386,0,4,426,0020600496,,,5:55,4,3,0,0,1610612757,,,,,,0,,,,,,0,,,,,,,,Trail Blazers Rebound,12:04 PM
387,4,9,427,0020600496,,,5:55,4,1,0,0,0,,,,,,0,,,,,,0,,,,,,,,,12:04 PM
388,0,8,429,0020600496,SUB: Bibby FOR World Peace,,5:55,4,4,4,0,1897,Metta World Peace,SAC,Sacramento,1610612758.0,Kings,1710,Mike Bibby,SAC,Sacramento,1610612758.0,Kings,0,,,,,,,,,12:07 PM
389,2,6,431,0020600496,Bibby S.FOUL (P4.T3),,5:54,4,4,5,1,1710,Mike Bibby,SAC,Sacramento,1610612758.0,Kings,101110,Martell Webster,POR,Portland,1610612757.0,Trail Blazers,0,,,,,,,,,12:07 PM
390,11,3,432,0020600496,,,5:54,4,5,0,0,101110,Martell Webster,POR,Portland,1610612757.0,Trail Blazers,0,,,,,,0,,,,,,86 - 91,5,Webster Free Throw 1 of 2 (9 PTS),12:07 PM
391,12,3,433,0020600496,,,5:54,4,5,0,0,101110,Martell Webster,POR,Portland,1610612757.0,Trail Blazers,0,,,,,,0,,,,,,87 - 91,4,Webster Free Throw 2 of 2 (10 PTS),12:07 PM
392,1,2,434,0020600496,MISS Salmons 18' Jump Shot,,5:33,4,4,0,0,2422,John Salmons,SAC,Sacramento,1610612758.0,Kings,0,,,,,,0,,,,,,,,,12:08 PM
393,0,4,435,0020600496,Taylor REBOUND (Off:2 Def:2),,5:31,4,4,0,0,1508,Maurice Taylor,SAC,Sacramento,1610612758.0,Kings,0,,,,,,0,,,,,,,,,12:08 PM
394,1,5,436,0020600496,Bibby Bad Pass Turnover (P3.T11),,5:19,4,4,5,0,1710,Mike Bibby,SAC,Sacramento,1610612758.0,Kings,101127,Jarrett Jack,POR,Portland,1610612757.0,Trail Blazers,0,,,,,,,,Jack STEAL (1 STL),12:08 PM
395,2,6,437,0020600496,Williamson S.FOUL (P4.T4),,5:03,4,4,5,1,722,Corliss Williamson,SAC,Sacramento,1610612758.0,Kings,2216,Zach Randolph,POR,Portland,1610612757.0,Trail Blazers,0,,,,,,,,,12:08 PM
396,11,3,438,0020600496,,,5:03,4,5,0,0,2216,Zach Randolph,POR,Portland,1610612757.0,Trail Blazers,0,,,,,,0,,,,,,,,MISS Randolph Free Throw 1 of 2,12:09 PM
397,1,4,439,0020600496,,,5:03,4,3,0,0,1610612757,,,,,,0,,,,,,0,,,,,,,,Trail Blazers Rebound,12:09 PM
398,12,3,440,0020600496,,,5:03,4,5,0,0,2216,Zach Randolph,POR,Portland,1610612757.0,Trail Blazers,0,,,,,,0,,,,,,,,MISS Randolph Free Throw 2 of 2,12:09 PM
399,0,4,441,0020600496,Williamson REBOUND (Off:1 Def:3),,5:02,4,4,0,0,722,Corliss Williamson,SAC,Sacramento,1610612758.0,Kings,0,,,,,,0,,,,,,,,,12:09 PM
400,1,2,442,0020600496,MISS Taylor 19' Jump Shot,,4:43,4,4,0,0,1508,Maurice Taylor,SAC,Sacramento,1610612758.0,Kings,0,,,,,,0,,,,,,,,,12:09 PM
401,0,4,443,0020600496,Williamson REBOUND (Off:2 Def:3),,4:42,4,4,0,0,722,Corliss Williamson,SAC,Sacramento,1610612758.0,Kings,0,,,,,,0,,,,,,,,,12:09 PM
402,1,1,444,0020600496,Martin 19' Jump Shot (20 PTS) (Williamson 2 AST),,4:39,4,4,4,0,2755,Kevin Martin,SAC,Sacramento,1610612758.0,Kings,722,Corliss Williamson,SAC,Sacramento,1610612758.0,Kings,0,,,,,,87 - 93,6,,12:10 PM
403,1,2,445,0020600496,,,4:16,4,5,0,0,101110,Martell Webster,POR,Portland,1610612757.0,Trail Blazers,0,,,,,,0,,,,,,,,MISS Webster 6' Jump Shot,12:10 PM
404,0,4,446,0020600496,,,4:15,4,3,0,0,1610612757,,,,,,0,,,,,,0,,,,,,,,Trail Blazers Rebound,12:10 PM
405,1,2,447,0020600496,,,4:07,4,5,0,0,101127,Jarrett Jack,POR,Portland,1610612757.0,Trail Blazers,0,,,,,,0,,,,,,,,MISS Jack 25' 3PT Jump Shot,12:10 PM
406,0,4,448,0020600496,,,4:05,4,3,0,0,1610612757,,,,,,0,,,,,,0,,,,,,,,Trail Blazers Rebound,12:10 PM
407,0,10,449,0020600496,Jump Ball Taylor vs. Magloire: Tip to Webster,,4:05,4,4,5,5,1508,Maurice Taylor,SAC,Sacramento,1610612758.0,Kings,2048,Jamaal Magloire,POR,Portland,1610612757.0,Trail Blazers,101110,Martell Webster,POR,Portland,1610612757.0,Trail Blazers,,,,12:11 PM
408,1,2,450,0020600496,,,3:49,4,5,0,0,200750,Brandon Roy,POR,Portland,1610612757.0,Trail Blazers,0,,,,,,0,,,,,,,,MISS Roy 25' 3PT Jump Shot,12:11 PM
409,0,4,451,0020600496,Taylor REBOUND (Off:2 Def:3),,3:47,4,4,0,0,1508,Maurice Taylor,SAC,Sacramento,1610612758.0,Kings,0,,,,,,0,,,,,,,,,12:11 PM
410,11,5,452,0020600496,KINGS Turnover: Shot Clock (T#12),,3:25,4,2,0,1,1610612758,,,,,,0,,,,,,0,,,,,,,,,12:12 PM
411,5,2,453,0020600496,,,3:03,4,5,0,0,2048,Jamaal Magloire,POR,Portland,1610612757.0,Trail Blazers,0,,,,,,0,,,,,,,,MISS Magloire  Layup,12:12 PM
412,0,4,454,0020600496,Taylor REBOUND (Off:2 Def:4),,3:02,4,4,0,0,1508,Maurice Taylor,SAC,Sacramento,1610612758.0,Kings,0,,,,,,0,,,,,,,,,12:12 PM
413,4,6,455,0020600496,Williamson OFF.Foul (P5),,2:45,4,4,5,1,722,Corliss Williamson,SAC,Sacramento,1610612758.0,Kings,200750,Brandon Roy,POR,Portland,1610612757.0,Trail Blazers,0,,,,,,,,,12:13 PM
414,5,5,456,0020600496,Williamson Foul Turnover (P1.T13),,2:45,4,4,0,1,722,Corliss Williamson,SAC,Sacramento,1610612758.0,Kings,0,,,,,,0,,,,,,,,,12:13 PM
415,1,9,457,0020600496,KINGS Timeout: Regular (Full 4 Short 0),,2:45,4,2,0,0,1610612758,,,,,,0,,,,,,0,,,,,,,,,12:13 PM
416,0,8,459,0020600496,SUB: World Peace FOR Salmons,,2:45,4,4,4,0,2422,John Salmons,SAC,Sacramento,1610612758.0,Kings,1897,Metta World Peace,SAC,Sacramento,1610612758.0,Kings,0,,,,,,,,,12:15 PM
417,1,2,461,0020600496,,,2:22,4,5,0,0,101127,Jarrett Jack,POR,Portland,1610612757.0,Trail Blazers,0,,,,,,0,,,,,,,,MISS Jack 13' Jump Shot,12:16 PM
418,0,4,462,0020600496,Martin REBOUND (Off:0 Def:4),,2:21,4,4,0,0,2755,Kevin Martin,SAC,Sacramento,1610612758.0,Kings,0,,,,,,0,,,,,,,,,12:16 PM
419,2,5,463,0020600496,Martin Lost Ball Turnover (P1.T14),,2:08,4,4,5,0,2755,Kevin Martin,SAC,Sacramento,1610612758.0,Kings,101127,Jarrett Jack,POR,Portland,1610612757.0,Trail Blazers,0,,,,,,,,Jack STEAL (2 STL),12:17 PM
420,5,2,464,0020600496,Taylor BLOCK (1 BLK),,2:03,4,5,0,4,101127,Jarrett Jack,POR,Portland,1610612757.0,Trail Blazers,0,,,,,,1508,Maurice Taylor,SAC,Sacramento,1610612758.0,Kings,,,MISS Jack  Layup,12:17 PM
421,0,4,465,0020600496,Martin REBOUND (Off:0 Def:5),,2:01,4,4,0,0,2755,Kevin Martin,SAC,Sacramento,1610612758.0,Kings,0,,,,,,0,,,,,,,,,12:17 PM
422,1,5,466,0020600496,Williamson Bad Pass Turnover (P2.T15),,1:40,4,4,5,0,722,Corliss Williamson,SAC,Sacramento,1610612758.0,Kings,2048,Jamaal Magloire,POR,Portland,1610612757.0,Trail Blazers,0,,,,,,,,Magloire STEAL (1 STL),12:17 PM
423,1,6,467,0020600496,Williamson P.FOUL (P6.PN),,1:39,4,4,5,1,722,Corliss Williamson,SAC,Sacramento,1610612758.0,Kings,2048,Jamaal Magloire,POR,Portland,1610612757.0,Trail Blazers,0,,,,,,,,,12:17 PM
424,0,8,468,0020600496,,,1:39,4,5,5,0,101110,Martell Webster,POR,Portland,1610612757.0,Trail Blazers,2137,Ime Udoka,POR,Portland,1610612757.0,Trail Blazers,0,,,,,,,,SUB: Udoka FOR Webster,12:17 PM
425,0,8,469,0020600496,SUB: Abdur-Rahim FOR Williamson,,1:39,4,4,4,0,722,Corliss Williamson,SAC,Sacramento,1610612758.0,Kings,949,Shareef Abdur-Rahim,SAC,Sacramento,1610612758.0,Kings,0,,,,,,,,,12:17 PM
426,11,3,470,0020600496,,,1:39,4,5,0,0,2048,Jamaal Magloire,POR,Portland,1610612757.0,Trail Blazers,0,,,,,,0,,,,,,88 - 93,5,Magloire Free Throw 1 of 2 (1 PTS),12:18 PM
427,12,3,471,0020600496,,,1:39,4,5,0,0,2048,Jamaal Magloire,POR,Portland,1610612757.0,Trail Blazers,0,,,,,,0,,,,,,89 - 93,4,Magloire Free Throw 2 of 2 (2 PTS),12:18 PM
428,1,2,472,0020600496,MISS Taylor 14' Jump Shot,,1:22,4,4,0,0,1508,Maurice Taylor,SAC,Sacramento,1610612758.0,Kings,0,,,,,,0,,,,,,,,,12:19 PM
429,0,4,473,0020600496,,,1:20,4,5,0,0,200750,Brandon Roy,POR,Portland,1610612757.0,Trail Blazers,0,,,,,,0,,,,,,,,Roy REBOUND (Off:0 Def:3),12:19 PM
430,1,1,474,0020600496,,,1:06,4,5,5,0,2216,Zach Randolph,POR,Portland,1610612757.0,Trail Blazers,2048,Jamaal Magloire,POR,Portland,1610612757.0,Trail Blazers,0,,,,,,91 - 93,2,Randolph 7' Jump Shot (26 PTS) (Magloire 2 AST),12:19 PM
431,1,2,475,0020600496,MISS Bibby 21' Jump Shot,,0:47,4,4,0,0,1710,Mike Bibby,SAC,Sacramento,1610612758.0,Kings,0,,,,,,0,,,,,,,,,12:19 PM
432,0,4,476,0020600496,,,0:46,4,5,0,0,2048,Jamaal Magloire,POR,Portland,1610612757.0,Trail Blazers,0,,,,,,0,,,,,,,,Magloire REBOUND (Off:0 Def:2),12:19 PM
433,1,9,477,0020600496,,,0:42,4,3,0,0,1610612757,,,,,,0,,,,,,0,,,,,,,,Trail Blazers Timeout: Regular (Reg.5 Short 1),12:19 PM
434,0,8,480,0020600496,,,0:42,4,5,5,0,2048,Jamaal Magloire,POR,Portland,1610612757.0,Trail Blazers,200746,LaMarcus Aldridge,POR,Portland,1610612757.0,Trail Blazers,0,,,,,,,,SUB: Aldridge FOR Magloire,12:21 PM
435,1,5,481,0020600496,Abdur-Rahim STEAL (2 STL),,0:26,4,5,4,0,101127,Jarrett Jack,POR,Portland,1610612757.0,Trail Blazers,949,Shareef Abdur-Rahim,SAC,Sacramento,1610612758.0,Kings,0,,,,,,,,Jack Bad Pass Turnover (P2.T16),12:22 PM
436,1,6,482,0020600496,,,0:17,4,5,4,1,200750,Brandon Roy,POR,Portland,1610612757.0,Trail Blazers,2755,Kevin Martin,SAC,Sacramento,1610612758.0,Kings,0,,,,,,,,Roy P.FOUL (P3.T4),12:22 PM
437,0,8,483,0020600496,SUB: Salmons FOR Taylor,,0:17,4,4,4,0,1508,Maurice Taylor,SAC,Sacramento,1610612758.0,Kings,2422,John Salmons,SAC,Sacramento,1610612758.0,Kings,0,,,,,,,,,12:22 PM
438,1,6,484,0020600496,,,0:15,4,5,4,1,2216,Zach Randolph,POR,Portland,1610612757.0,Trail Blazers,2755,Kevin Martin,SAC,Sacramento,1610612758.0,Kings,0,,,,,,,,Randolph P.FOUL (P2.PN),12:22 PM
439,11,3,485,0020600496,MISS Martin Free Throw 1 of 2,,0:15,4,4,0,0,2755,Kevin Martin,SAC,Sacramento,1610612758.0,Kings,0,,,,,,0,,,,,,,,,12:23 PM
440,1,4,486,0020600496,KINGS Rebound,,0:15,4,2,0,0,1610612758,,,,,,0,,,,,,0,,,,,,,,,12:23 PM
441,12,3,487,0020600496,Martin Free Throw 2 of 2 (21 PTS),,0:15,4,4,0,0,2755,Kevin Martin,SAC,Sacramento,1610612758.0,Kings,0,,,,,,0,,,,,,91 - 94,3,,12:23 PM
442,2,9,488,0020600496,,,0:15,4,3,0,0,1610612757,,,,,,0,,,,,,0,,,,,,,,Trail Blazers Timeout: Short (Reg.5 Short 2),12:23 PM
443,0,8,490,0020600496,,,0:15,4,5,5,0,2137,Ime Udoka,POR,Portland,1610612757.0,Trail Blazers,101110,Martell Webster,POR,Portland,1610612757.0,Trail Blazers,0,,,,,,,,SUB: Webster FOR Udoka,12:24 PM
444,0,8,491,0020600496,,,0:15,4,5,5,0,200746,LaMarcus Aldridge,POR,Portland,1610612757.0,Trail Blazers,2413,Juan Dixon,POR,Portland,1610612757.0,Trail Blazers,0,,,,,,,,SUB: Dixon FOR Aldridge,12:24 PM
445,49,1,492,0020600496,,,0:06,4,5,0,0,101110,Martell Webster,POR,Portland,1610612757.0,Trail Blazers,0,,,,,,0,,,,,,93 - 94,1,Webster  Driving Dunk (12 PTS),12:25 PM
446,1,6,493,0020600496,,,0:05,4,5,4,1,2216,Zach Randolph,POR,Portland,1610612757.0,Trail Blazers,2755,Kevin Martin,SAC,Sacramento,1610612758.0,Kings,0,,,,,,,,Randolph P.FOUL (P3.PN),12:25 PM
447,11,3,494,0020600496,Martin Free Throw 1 of 2 (22 PTS),,0:05,4,4,0,0,2755,Kevin Martin,SAC,Sacramento,1610612758.0,Kings,0,,,,,,0,,,,,,93 - 95,2,,12:25 PM
448,0,8,495,0020600496,,,0:05,4,5,5,0,2413,Juan Dixon,POR,Portland,1610612757.0,Trail Blazers,200746,LaMarcus Aldridge,POR,Portland,1610612757.0,Trail Blazers,0,,,,,,,,SUB: Aldridge FOR Dixon,12:25 PM
449,12,3,496,0020600496,MISS Martin Free Throw 2 of 2,,0:05,4,4,0,0,2755,Kevin Martin,SAC,Sacramento,1610612758.0,Kings,0,,,,,,0,,,,,,,,,12:25 PM
450,0,4,497,0020600496,,,0:04,4,5,0,0,2216,Zach Randolph,POR,Portland,1610612757.0,Trail Blazers,0,,,,,,0,,,,,,,,Randolph REBOUND (Off:3 Def:10),12:26 PM
451,2,9,498,0020600496,,,0:04,4,3,0,0,1610612757,,,,,,0,,,,,,0,,,,,,,,Trail Blazers Timeout: Short (Reg.5 Short 3),12:26 PM
452,63,1,500,0020600496,,,0:00,4,5,0,0,200750,Brandon Roy,POR,Portland,1610612757.0,Trail Blazers,0,,,,,,0,,,,,,95 - 95,TIE,Roy 15' Fadeaway Jumper (21 PTS),12:27 PM
453,0,18,502,0020600496,,,0:00,4,0,0,1,0,,,,,,0,,,,,,0,,,,,,95 - 95,TIE,,12:27 PM
454,0,13,503,0020600496,,,0:00,4,0,0,0,0,,,,,,0,,,,,,0,,,,,,95 - 95,TIE,,12:28 PM
455,0,12,505,0020600496,,,5:00,5,0,0,0,0,,,,,,0,,,,,,0,,,,,,95 - 95,TIE,,12:30 PM
456,0,10,506,0020600496,Jump Ball Abdur-Rahim vs. Aldridge: Tip to Roy,,5:00,5,4,5,5,949,Shareef Abdur-Rahim,SAC,Sacramento,1610612758.0,Kings,200746,LaMarcus Aldridge,POR,Portland,1610612757.0,Trail Blazers,200750,Brandon Roy,POR,Portland,1610612757.0,Trail Blazers,,,,12:30 PM
457,2,6,507,0020600496,Martin S.FOUL (P3.T1),,4:38,5,4,5,1,2755,Kevin Martin,SAC,Sacramento,1610612758.0,Kings,2216,Zach Randolph,POR,Portland,1610612757.0,Trail Blazers,0,,,,,,,,,12:31 PM
458,11,3,508,0020600496,,,4:38,5,5,0,0,2216,Zach Randolph,POR,Portland,1610612757.0,Trail Blazers,0,,,,,,0,,,,,,96 - 95,-1,Randolph Free Throw 1 of 2 (27 PTS),12:31 PM
459,12,3,509,0020600496,,,4:38,5,5,0,0,2216,Zach Randolph,POR,Portland,1610612757.0,Trail Blazers,0,,,,,,0,,,,,,97 - 95,-2,Randolph Free Throw 2 of 2 (28 PTS),12:31 PM
460,1,1,510,0020600496,World Peace 16' Jump Shot (21 PTS),,4:19,5,4,0,0,1897,Metta World Peace,SAC,Sacramento,1610612758.0,Kings,0,,,,,,0,,,,,,97 - 97,TIE,,12:32 PM
461,1,6,511,0020600496,Abdur-Rahim P.FOUL (P4.T2),,4:13,5,4,5,1,949,Shareef Abdur-Rahim,SAC,Sacramento,1610612758.0,Kings,2216,Zach Randolph,POR,Portland,1610612757.0,Trail Blazers,0,,,,,,,,,12:32 PM
462,1,1,512,0020600496,,,3:58,5,5,5,0,2137,Ime Udoka,POR,Portland,1610612757.0,Trail Blazers,2216,Zach Randolph,POR,Portland,1610612757.0,Trail Blazers,0,,,,,,100 - 97,-3,Udoka  3PT Jump Shot (11 PTS) (Randolph 3 AST),12:32 PM
463,5,2,513,0020600496,MISS World Peace  Layup,,3:41,5,4,0,5,1897,Metta World Peace,SAC,Sacramento,1610612758.0,Kings,0,,,,,,200746,LaMarcus Aldridge,POR,Portland,1610612757.0,Trail Blazers,,,Aldridge BLOCK (2 BLK),12:32 PM
464,0,4,514,0020600496,World Peace REBOUND (Off:2 Def:4),,3:39,5,4,0,0,1897,Metta World Peace,SAC,Sacramento,1610612758.0,Kings,0,,,,,,0,,,,,,,,,12:32 PM
465,5,2,515,0020600496,MISS World Peace  Layup,,3:38,5,4,0,0,1897,Metta World Peace,SAC,Sacramento,1610612758.0,Kings,0,,,,,,0,,,,,,,,,12:32 PM
466,0,4,516,0020600496,,,3:36,5,5,0,0,200750,Brandon Roy,POR,Portland,1610612757.0,Trail Blazers,0,,,,,,0,,,,,,,,Roy REBOUND (Off:0 Def:4),12:33 PM
467,1,2,517,0020600496,,,3:16,5,5,0,0,2216,Zach Randolph,POR,Portland,1610612757.0,Trail Blazers,0,,,,,,0,,,,,,,,MISS Randolph 7' Jump Shot,12:33 PM
468,0,4,518,0020600496,Abdur-Rahim REBOUND (Off:2 Def:4),,3:14,5,4,0,0,949,Shareef Abdur-Rahim,SAC,Sacramento,1610612758.0,Kings,0,,,,,,0,,,,,,,,,12:33 PM
469,1,2,519,0020600496,MISS World Peace 25' 3PT Jump Shot,,3:01,5,4,0,0,1897,Metta World Peace,SAC,Sacramento,1610612758.0,Kings,0,,,,,,0,,,,,,,,,12:33 PM
470,0,4,520,0020600496,,,2:59,5,5,0,0,200750,Brandon Roy,POR,Portland,1610612757.0,Trail Blazers,0,,,,,,0,,,,,,,,Roy REBOUND (Off:0 Def:5),12:33 PM
471,1,1,521,0020600496,,,2:43,5,5,0,0,101127,Jarrett Jack,POR,Portland,1610612757.0,Trail Blazers,0,,,,,,0,,,,,,102 - 97,-5,Jack 21' Jump Shot (15 PTS),12:33 PM
472,1,2,522,0020600496,MISS Bibby 25' 3PT Jump Shot,,2:21,5,4,0,0,1710,Mike Bibby,SAC,Sacramento,1610612758.0,Kings,0,,,,,,0,,,,,,,,,12:34 PM
473,0,4,523,0020600496,Abdur-Rahim REBOUND (Off:3 Def:4),,2:19,5,4,0,0,949,Shareef Abdur-Rahim,SAC,Sacramento,1610612758.0,Kings,0,,,,,,0,,,,,,,,,12:34 PM
474,1,2,524,0020600496,MISS Bibby 18' Jump Shot,,2:16,5,4,0,0,1710,Mike Bibby,SAC,Sacramento,1610612758.0,Kings,0,,,,,,0,,,,,,,,,12:34 PM
475,0,4,525,0020600496,,,2:14,5,5,0,0,200746,LaMarcus Aldridge,POR,Portland,1610612757.0,Trail Blazers,0,,,,,,0,,,,,,,,Aldridge REBOUND (Off:1 Def:6),12:34 PM
476,4,6,526,0020600496,,,1:54,5,5,4,1,2137,Ime Udoka,POR,Portland,1610612757.0,Trail Blazers,1710,Mike Bibby,SAC,Sacramento,1610612758.0,Kings,0,,,,,,,,Udoka OFF.Foul (P4),12:35 PM
477,5,5,527,0020600496,,,1:54,5,5,0,1,2137,Ime Udoka,POR,Portland,1610612757.0,Trail Blazers,0,,,,,,0,,,,,,,,Udoka Foul Turnover (P1.T17),12:35 PM
478,42,1,528,0020600496,World Peace  Driving Layup (23 PTS),,1:42,5,4,0,0,1897,Metta World Peace,SAC,Sacramento,1610612758.0,Kings,0,,,,,,0,,,,,,102 - 99,-3,,12:35 PM
479,1,2,529,0020600496,,,1:18,5,5,0,0,200750,Brandon Roy,POR,Portland,1610612757.0,Trail Blazers,0,,,,,,0,,,,,,,,MISS Roy 25' 3PT Jump Shot,12:35 PM
480,0,4,530,0020600496,Martin REBOUND (Off:0 Def:6),,1:16,5,4,0,0,2755,Kevin Martin,SAC,Sacramento,1610612758.0,Kings,0,,,,,,0,,,,,,,,,12:35 PM
481,1,1,531,0020600496,Salmons  3PT Jump Shot (6 PTS) (Bibby 2 AST),,1:07,5,4,4,0,2422,John Salmons,SAC,Sacramento,1610612758.0,Kings,1710,Mike Bibby,SAC,Sacramento,1610612758.0,Kings,0,,,,,,102 - 102,TIE,,12:36 PM
482,1,9,533,0020600496,,,1:03,5,3,0,0,1610612757,,,,,,0,,,,,,0,,,,,,,,Trail Blazers Timeout: Regular (Reg.6 Short 3),12:36 PM
483,65,1,536,0020600496,,,0:44,5,5,0,0,2216,Zach Randolph,POR,Portland,1610612757.0,Trail Blazers,0,,,,,,0,,,,,,104 - 102,-2,Randolph 6' Jump Hook Shot (30 PTS),12:38 PM
484,39,5,537,0020600496,Salmons Step Out of Bounds Turnover (P2.T16),,0:36,5,4,0,0,2422,John Salmons,SAC,Sacramento,1610612758.0,Kings,0,,,,,,0,,,,,,,,,12:38 PM
485,2,9,538,0020600496,,,0:33,5,3,0,0,1610612757,,,,,,0,,,,,,0,,,,,,,,Trail Blazers Timeout: Short (Reg.6 Short 4),12:39 PM
486,1,2,540,0020600496,,,0:13,5,5,0,0,2216,Zach Randolph,POR,Portland,1610612757.0,Trail Blazers,0,,,,,,0,,,,,,,,MISS Randolph 13' Jump Shot,12:40 PM
487,0,4,541,0020600496,,,0:12,5,5,0,0,2216,Zach Randolph,POR,Portland,1610612757.0,Trail Blazers,0,,,,,,0,,,,,,,,Randolph REBOUND (Off:4 Def:10),12:40 PM
488,45,2,544,0020600496,,,0:12,5,5,0,0,2216,Zach Randolph,POR,Portland,1610612757.0,Trail Blazers,0,,,,,,0,,,,,,,,MISS Randolph 10' Jump Shot,12:40 PM
489,0,4,542,0020600496,,,0:09,5,5,0,0,2137,Ime Udoka,POR,Portland,1610612757.0,Trail Blazers,0,,,,,,0,,,,,,,,Udoka REBOUND (Off:2 Def:1),12:40 PM
490,1,6,543,0020600496,Martin P.FOUL (P4.T3),,0:09,5,4,5,1,2755,Kevin Martin,SAC,Sacramento,1610612758.0,Kings,2137,Ime Udoka,POR,Portland,1610612757.0,Trail Blazers,0,,,,,,,,,12:40 PM
491,1,6,545,0020600496,Salmons P.FOUL (P2.PN),,0:09,5,4,5,1,2422,John Salmons,SAC,Sacramento,1610612758.0,Kings,200750,Brandon Roy,POR,Portland,1610612757.0,Trail Blazers,0,,,,,,,,,12:41 PM
492,11,3,547,0020600496,,,0:09,5,5,0,0,200750,Brandon Roy,POR,Portland,1610612757.0,Trail Blazers,0,,,,,,0,,,,,,105 - 102,-3,Roy Free Throw 1 of 2 (22 PTS),12:41 PM
493,0,8,548,0020600496,SUB: Taylor FOR Bibby,,0:09,5,4,4,0,1710,Mike Bibby,SAC,Sacramento,1610612758.0,Kings,1508,Maurice Taylor,SAC,Sacramento,1610612758.0,Kings,0,,,,,,,,,12:41 PM
494,12,3,549,0020600496,,,0:09,5,5,0,0,200750,Brandon Roy,POR,Portland,1610612757.0,Trail Blazers,0,,,,,,0,,,,,,106 - 102,-4,Roy Free Throw 2 of 2 (23 PTS),12:41 PM
495,1,9,550,0020600496,KINGS Timeout: Regular (Full 5 Short 0),,0:09,5,2,0,0,1610612758,,,,,,0,,,,,,0,,,,,,,,,12:41 PM
496,0,8,553,0020600496,SUB: Bibby FOR Taylor,,0:09,5,4,4,0,1508,Maurice Taylor,SAC,Sacramento,1610612758.0,Kings,1710,Mike Bibby,SAC,Sacramento,1610612758.0,Kings,0,,,,,,,,,12:43 PM
497,1,1,554,0020600496,Bibby 25' 3PT Jump Shot (28 PTS) (Salmons 4 AST),,0:06,5,4,4,0,1710,Mike Bibby,SAC,Sacramento,1610612758.0,Kings,2422,John Salmons,SAC,Sacramento,1610612758.0,Kings,0,,,,,,106 - 105,-1,,12:43 PM
498,1,6,555,0020600496,World Peace P.FOUL (P3.PN),,0:05,5,4,5,1,1897,Metta World Peace,SAC,Sacramento,1610612758.0,Kings,101127,Jarrett Jack,POR,Portland,1610612757.0,Trail Blazers,0,,,,,,,,,12:44 PM
499,0,8,556,0020600496,SUB: Taylor FOR Bibby,,0:05,5,4,4,0,1710,Mike Bibby,SAC,Sacramento,1610612758.0,Kings,1508,Maurice Taylor,SAC,Sacramento,1610612758.0,Kings,0,,,,,,,,,12:44 PM
500,11,3,557,0020600496,,,0:05,5,5,0,0,101127,Jarrett Jack,POR,Portland,1610612757.0,Trail Blazers,0,,,,,,0,,,,,,107 - 105,-2,Jack Free Throw 1 of 2 (16 PTS),12:44 PM
501,12,3,558,0020600496,,,0:05,5,5,0,0,101127,Jarrett Jack,POR,Portland,1610612757.0,Trail Blazers,0,,,,,,0,,,,,,108 - 105,-3,Jack Free Throw 2 of 2 (17 PTS),12:45 PM
502,2,9,559,0020600496,KINGS Timeout: Short (Full 5 Short 1),,0:05,5,2,0,0,1610612758,,,,,,0,,,,,,0,,,,,,,,,12:45 PM
503,0,8,562,0020600496,SUB: Bibby FOR Taylor,,0:05,5,4,4,0,1508,Maurice Taylor,SAC,Sacramento,1610612758.0,Kings,1710,Mike Bibby,SAC,Sacramento,1610612758.0,Kings,0,,,,,,,,,12:46 PM
504,1,2,563,0020600496,MISS Bibby 25' 3PT Jump Shot,,0:02,5,4,0,0,1710,Mike Bibby,SAC,Sacramento,1610612758.0,Kings,0,,,,,,0,,,,,,,,,12:46 PM
505,0,4,564,0020600496,,,0:01,5,5,0,0,2216,Zach Randolph,POR,Portland,1610612757.0,Trail Blazers,0,,,,,,0,,,,,,,,Randolph REBOUND (Off:4 Def:11),12:46 PM
506,1,6,565,0020600496,Martin P.FOUL (P5.PN),,0:01,5,4,5,1,2755,Kevin Martin,SAC,Sacramento,1610612758.0,Kings,2216,Zach Randolph,POR,Portland,1610612757.0,Trail Blazers,0,,,,,,,,,12:46 PM
507,11,3,567,0020600496,,,0:01,5,5,0,0,2216,Zach Randolph,POR,Portland,1610612757.0,Trail Blazers,0,,,,,,0,,,,,,109 - 105,-4,Randolph Free Throw 1 of 2 (31 PTS),12:46 PM
508,12,3,568,0020600496,,,0:01,5,5,0,0,2216,Zach Randolph,POR,Portland,1610612757.0,Trail Blazers,0,,,,,,0,,,,,,110 - 105,-5,Randolph Free Throw 2 of 2 (32 PTS),12:47 PM
509,2,9,569,0020600496,KINGS Timeout: Short (Full 5 Short 2),,0:01,5,2,0,0,1610612758,,,,,,0,,,,,,0,,,,,,,,,12:47 PM
510,1,2,571,0020600496,MISS Abdur-Rahim 25' 3PT Jump Shot,,0:00,5,4,0,0,949,Shareef Abdur-Rahim,SAC,Sacramento,1610612758.0,Kings,0,,,,,,0,,,,,,,,,12:48 PM
511,0,4,573,0020600496,KINGS Rebound,,0:00,5,2,0,0,1610612758,,,,,,0,,,,,,0,,,,,,,,,12:48 PM
512,0,13,572,0020600496,,,0:00,5,0,0,0,0,,,,,,0,,,,,,0,,,,,,110 - 105,-5,,12:48 PM
